TIME_UNITS h
DATA_UNITS kg/s
0	-0.0000021
1	-0.0000056
2	-0.0000066
3	-0.0000032
4	-0.0000020
5	-0.0000008
6	-0.0000099
7	-0.0001331
8	-0.0008142
9	-0.0016868
10	-0.0026892
11	-0.0037214
12	-0.0041093
13	-0.0044092
14	-0.0047034
15	-0.0048084
16	-0.0047005
17	-0.0042508
18	-0.0034717
19	-0.0021950
20	-0.0007591
21	-0.0000854
22	-0.0000083
23	-0.0000039
24	-0.0000043
25	-0.0000031
26	-0.0000013
27	-0.0000013
28	0.0000000
29	0.0000000
30	0.0000000
31	0.0000000
32	-0.0006072
33	-0.0019654
34	-0.0034520
35	-0.0045549
36	-0.0050248
37	-0.0052651
38	-0.0047720
39	-0.0037921
40	-0.0032491
41	-0.0013671
42	-0.0006559
43	-0.0004801
44	-0.0001245
45	-0.0000005
46	0.0000000
47	0.0000000
48	0.0000000
49	0.0000000
50	0.0000000
51	0.0000000
52	0.0000000
53	0.0000000
54	0.0000000
55	0.0000000
56	0.0000000
57	-0.0000001
58	-0.0000327
59	-0.0004520
60	-0.0030046
61	-0.0032258
62	-0.0046711
63	-0.0046476
64	-0.0000040
65	0.0000000
66	-0.0000815
67	-0.0003673
68	-0.0001190
69	-0.0000042
70	-0.0000001
71	-0.0000032
72	-0.0000020
73	-0.0000024
74	-0.0000007
75	-0.0000002
76	-0.0000021
77	-0.0000020
78	-0.0000577
79	-0.0004541
80	-0.0004840
81	-0.0009135
82	-0.0015614
83	-0.0019871
84	-0.0021235
85	-0.0029958
86	-0.0037211
87	-0.0039138
88	-0.0031467
89	-0.0030306
90	-0.0021961
91	-0.0009757
92	-0.0003227
93	-0.0000274
94	-0.0000052
95	0.0000000
96	0.0000000
97	0.0000000
98	0.0000000
99	0.0000000
100	0.0000000
101	0.0000000
102	0.0000000
103	-0.0000857
104	-0.0007942
105	-0.0024909
106	-0.0036405
107	-0.0048216
108	-0.0045938
109	-0.0040814
110	-0.0029129
111	-0.0000119
112	0.0000000
113	-0.0000243
114	-0.0001636
115	-0.0000003
116	-0.0000000
117	0.0000000
118	0.0000000
119	0.0000000
120	0.0000000
121	-0.0000000
122	0.0000000
123	-0.0000001
124	-0.0000005
125	-0.0000004
126	-0.0000027
127	0.0000000
128	-0.0000332
129	-0.0002372
130	-0.0004967
131	-0.0007003
132	-0.0009741
133	-0.0009678
134	-0.0008605
135	-0.0008030
136	-0.0013500
137	-0.0016803
138	-0.0015133
139	-0.0011137
140	-0.0002004
141	-0.0000056
142	0.0000000
143	0.0000000
144	0.0000000
145	0.0000000
146	-0.0000000
147	-0.0000001
148	-0.0000002
149	0.0000000
150	-0.0000007
151	-0.0001149
152	-0.0004994
153	-0.0023371
154	-0.0040902
155	-0.0045245
156	-0.0059924
157	-0.0039678
158	-0.0042495
159	-0.0035399
160	-0.0022734
161	-0.0020448
162	-0.0018706
163	-0.0008660
164	-0.0003364
165	-0.0000585
166	-0.0000126
167	-0.0000097
168	0.0000000
169	0.0000000
170	0.0000000
171	0.0000000
172	-0.0000000
173	-0.0000001
174	-0.0000146
175	-0.0001055
176	-0.0003878
177	-0.0007438
178	-0.0008083
179	-0.0015803
180	-0.0029539
181	-0.0032742
182	-0.0031885
183	-0.0027076
184	-0.0010636
185	-0.0012742
186	-0.0016129
187	-0.0011598
188	-0.0002330
189	-0.0000008
190	0.0000000
191	0.0000000
192	0.0000000
193	0.0000000
194	0.0000000
195	0.0000000
196	0.0000000
197	-0.0000000
198	-0.0000003
199	-0.0000538
200	-0.0002998
201	-0.0008360
202	-0.0013252
203	-0.0022463
204	-0.0027326
205	-0.0023611
206	-0.0022419
207	-0.0023329
208	-0.0008623
209	-0.0014278
210	-0.0011911
211	-0.0000172
212	-0.0000011
213	-0.0000000
214	-0.0000000
215	0.0000000
216	0.0000000
217	0.0000000
218	0.0000000
219	0.0000000
220	0.0000000
221	0.0000000
222	0.0000000
223	-0.0000002
224	-0.0000013
225	-0.0000072
226	-0.0000008
227	-0.0000023
228	-0.0000099
229	-0.0001285
230	-0.0004053
231	-0.0006570
232	-0.0011388
233	-0.0013739
234	-0.0010014
235	-0.0005512
236	-0.0001141
237	0.0000000
238	0.0000000
239	0.0000000
240	0.0000000
241	0.0000000
242	0.0000000
243	0.0000000
244	0.0000000
245	0.0000000
246	0.0000000
247	-0.0000017
248	-0.0004780
249	-0.0019508
250	-0.0037551
251	-0.0047210
252	-0.0055731
253	-0.0062142
254	-0.0063881
255	-0.0062251
256	-0.0054190
257	-0.0048903
258	-0.0038596
259	-0.0024165
260	-0.0006023
261	-0.0000289
262	-0.0000034
263	0.0000000
264	0.0000000
265	0.0000000
266	0.0000000
267	0.0000000
268	0.0000000
269	-0.0000000
270	-0.0000004
271	-0.0000647
272	-0.0008380
273	-0.0015329
274	-0.0023281
275	-0.0041053
276	-0.0063079
277	-0.0065754
278	-0.0066245
279	-0.0068329
280	-0.0059721
281	-0.0055139
282	-0.0040905
283	-0.0019399
284	-0.0005511
285	-0.0001148
286	-0.0000358
287	-0.0000000
288	0.0000000
289	0.0000000
290	0.0000000
291	0.0000000
292	0.0000000
293	-0.0000000
294	-0.0000040
295	-0.0002107
296	-0.0019252
297	-0.0031909
298	-0.0047830
299	-0.0056853
300	-0.0061734
301	-0.0061682
302	-0.0052720
303	-0.0049535
304	-0.0052814
305	-0.0025930
306	-0.0030218
307	-0.0015653
308	-0.0004544
309	-0.0000123
310	0.0000000
311	0.0000000
312	0.0000000
313	0.0000000
314	0.0000000
315	0.0000000
316	0.0000000
317	0.0000000
318	0.0000000
319	-0.0000472
320	-0.0004694
321	-0.0017186
322	-0.0036303
323	-0.0048792
324	-0.0056020
325	-0.0060920
326	-0.0060922
327	-0.0060480
328	-0.0057261
329	-0.0047531
330	-0.0035529
331	-0.0019034
332	-0.0005862
333	-0.0000503
334	0.0000000
335	0.0000000
336	0.0000000
337	0.0000000
338	0.0000000
339	0.0000000
340	0.0000000
341	0.0000000
342	0.0000000
343	-0.0000830
344	-0.0006769
345	-0.0017667
346	-0.0032582
347	-0.0048293
348	-0.0058801
349	-0.0064397
350	-0.0066473
351	-0.0065846
352	-0.0061188
353	-0.0048370
354	-0.0026886
355	-0.0018284
356	-0.0005247
357	-0.0000570
358	-0.0000140
359	-0.0000001
360	0.0000000
361	0.0000000
362	0.0000000
363	0.0000000
364	0.0000000
365	0.0000000
366	0.0000000
367	0.0000000
368	0.0000000
369	-0.0000179
370	-0.0002882
371	-0.0018176
372	-0.0020899
373	-0.0020587
374	-0.0014857
375	-0.0026205
376	-0.0031170
377	-0.0034058
378	-0.0029109
379	-0.0016571
380	-0.0003787
381	-0.0000216
382	-0.0000035
383	-0.0000000
384	0.0000000
385	0.0000000
386	0.0000000
387	0.0000000
388	0.0000000
389	0.0000000
390	0.0000000
391	-0.0000329
392	-0.0002358
393	-0.0001127
394	-0.0001473
395	-0.0003224
396	-0.0007597
397	-0.0007534
398	-0.0002465
399	-0.0003048
400	-0.0012737
401	-0.0036172
402	-0.0031599
403	-0.0020774
404	-0.0004875
405	-0.0000188
406	-0.0000101
407	-0.0000008
408	0.0000000
409	0.0000000
410	0.0000000
411	0.0000000
412	0.0000000
413	0.0000000
414	0.0000000
415	-0.0000164
416	-0.0002866
417	-0.0009209
418	-0.0013985
419	-0.0018177
420	-0.0020534
421	-0.0024299
422	-0.0026937
423	-0.0034153
424	-0.0039482
425	-0.0035363
426	-0.0027258
427	-0.0020022
428	-0.0007641
429	-0.0000227
430	-0.0000027
431	-0.0000011
432	0.0000000
433	0.0000000
434	0.0000000
435	0.0000000
436	0.0000000
437	0.0000000
438	0.0000000
439	-0.0000009
440	-0.0000034
441	-0.0000273
442	-0.0000217
443	-0.0000001
444	0.0000000
445	0.0000000
446	-0.0005977
447	-0.0035754
448	-0.0015270
449	-0.0000033
450	0.0000000
451	0.0000000
452	0.0000000
453	-0.0000001
454	-0.0000001
455	-0.0000006
456	-0.0000015
457	0.0000000
458	0.0000000
459	0.0000000
460	0.0000000
461	0.0000000
462	-0.0000010
463	-0.0000346
464	-0.0001630
465	-0.0004160
466	-0.0009421
467	-0.0014872
468	-0.0013369
469	-0.0012796
470	-0.0018727
471	-0.0009725
472	-0.0024005
473	-0.0025113
474	-0.0021926
475	-0.0013828
476	-0.0002000
477	-0.0000001
478	0.0000000
479	-0.0000035
480	0.0000000
481	0.0000000
482	0.0000000
483	0.0000000
484	0.0000000
485	0.0000000
486	-0.0000010
487	-0.0000122
488	-0.0000195
489	-0.0000022
490	-0.0000180
491	-0.0003259
492	-0.0005806
493	-0.0014722
494	-0.0020023
495	-0.0020319
496	-0.0025577
497	-0.0026256
498	-0.0024445
499	-0.0017203
500	-0.0008632
501	-0.0000762
502	-0.0000012
503	-0.0000029
504	-0.0000081
505	-0.0000032
506	-0.0000082
507	-0.0000150
508	-0.0000189
509	-0.0000162
510	-0.0002809
511	-0.0005249
512	-0.0009802
513	-0.0000103
514	0.0000000
515	-0.0001968
516	-0.0011225
517	-0.0024915
518	-0.0032077
519	-0.0031880
520	-0.0029133
521	-0.0028414
522	-0.0028988
523	-0.0022727
524	-0.0011700
525	-0.0001185
526	-0.0000086
527	-0.0000000
528	0.0000000
529	0.0000000
530	0.0000000
531	0.0000000
532	0.0000000
533	0.0000000
534	-0.0000004
535	-0.0000083
536	-0.0003736
537	-0.0018297
538	-0.0023529
539	-0.0026241
540	-0.0022598
541	-0.0031890
542	-0.0037616
543	-0.0037040
544	-0.0032477
545	-0.0028526
546	-0.0025550
547	-0.0019546
548	-0.0009618
549	-0.0001268
550	-0.0000115
551	-0.0000000
552	0.0000000
553	0.0000000
554	0.0000000
555	0.0000000
556	0.0000000
557	0.0000000
558	-0.0000000
559	-0.0000107
560	-0.0004876
561	-0.0020872
562	-0.0029437
563	-0.0028982
564	-0.0033232
565	-0.0041763
566	-0.0045035
567	-0.0047248
568	-0.0046358
569	-0.0041845
570	-0.0034931
571	-0.0025167
572	-0.0009168
573	-0.0001861
574	-0.0000000
575	0.0000000
576	0.0000000
577	0.0000000
578	0.0000000
579	0.0000000
580	-0.0000000
581	-0.0000000
582	-0.0000006
583	-0.0000294
584	-0.0005394
585	-0.0024321
586	-0.0037264
587	-0.0047564
588	-0.0056437
589	-0.0059839
590	-0.0059902
591	-0.0059041
592	-0.0050749
593	-0.0045893
594	-0.0036095
595	-0.0026401
596	-0.0006494
597	-0.0000629
598	-0.0000122
599	0.0000000
600	0.0000000
601	0.0000000
602	0.0000000
603	0.0000000
604	0.0000000
605	-0.0000000
606	-0.0000046
607	-0.0001276
608	-0.0013459
609	-0.0036421
610	-0.0048621
611	-0.0057971
612	-0.0065051
613	-0.0069974
614	-0.0073108
615	-0.0072766
616	-0.0069598
617	-0.0058772
618	-0.0040521
619	-0.0021873
620	-0.0006783
621	-0.0001406
622	-0.0000225
623	-0.0000312
624	-0.0000000
625	0.0000000
626	0.0000000
627	0.0000000
628	0.0000000
629	0.0000000
630	-0.0000013
631	-0.0000679
632	-0.0018221
633	-0.0042225
634	-0.0053958
635	-0.0065077
636	-0.0071089
637	-0.0074451
638	-0.0074998
639	-0.0076596
640	-0.0075316
641	-0.0064656
642	-0.0041165
643	-0.0024455
644	-0.0008777
645	-0.0001865
646	-0.0000402
647	-0.0000457
648	-0.0000000
649	0.0000000
650	0.0000000
651	0.0000000
652	0.0000000
653	-0.0000001
654	-0.0000038
655	-0.0001865
656	-0.0019728
657	-0.0044380
658	-0.0058580
659	-0.0063976
660	-0.0073027
661	-0.0081992
662	-0.0082564
663	-0.0079749
664	-0.0082206
665	-0.0070624
666	-0.0050556
667	-0.0034401
668	-0.0010399
669	-0.0001265
670	-0.0000412
671	-0.0000294
672	-0.0000000
673	0.0000000
674	0.0000000
675	0.0000000
676	0.0000000
677	0.0000000
678	0.0000000
679	-0.0000018
680	-0.0000014
681	-0.0000027
682	-0.0001246
683	-0.0010339
684	-0.0001166
685	-0.0003186
686	-0.0011499
687	-0.0020165
688	-0.0029331
689	-0.0021839
690	-0.0013333
691	-0.0005481
692	-0.0000576
693	-0.0000337
694	-0.0000000
695	0.0000000
696	0.0000000
697	0.0000000
698	0.0000000
699	0.0000000
700	-0.0000001
701	-0.0000002
702	-0.0000004
703	-0.0000019
704	-0.0004203
705	-0.0013302
706	-0.0014028
707	-0.0031484
708	-0.0036071
709	-0.0041148
710	-0.0031235
711	-0.0035639
712	-0.0046279
713	-0.0040309
714	-0.0030577
715	-0.0010476
716	-0.0001367
717	-0.0000167
718	-0.0000071
719	0.0000000
720	0.0000000
721	0.0000000
722	0.0000000
723	0.0000000
724	0.0000000
725	0.0000000
726	-0.0000010
727	-0.0000423
728	-0.0005726
729	-0.0012255
730	-0.0022059
731	-0.0047494
732	-0.0059351
733	-0.0060861
734	-0.0044423
735	-0.0045577
736	-0.0061840
737	-0.0049018
738	-0.0036093
739	-0.0017898
740	-0.0002328
741	-0.0000380
742	-0.0000096
743	0.0000000
744	0.0000000
745	0.0000000
746	0.0000000
747	0.0000000
748	0.0000000
749	-0.0000001
750	-0.0000007
751	-0.0000109
752	-0.0000438
753	-0.0000039
754	-0.0000043
755	-0.0007126
756	-0.0020017
757	-0.0031977
758	-0.0036681
759	-0.0044488
760	-0.0045644
761	-0.0049553
762	-0.0037420
763	-0.0023301
764	-0.0007958
765	-0.0000244
766	-0.0000115
767	0.0000000
768	0.0000000
769	0.0000000
770	0.0000000
771	0.0000000
772	0.0000000
773	0.0000000
774	0.0000000
775	-0.0000077
776	-0.0003565
777	-0.0012304
778	-0.0030590
779	-0.0046383
780	-0.0059247
781	-0.0058387
782	-0.0059510
783	-0.0061404
784	-0.0058607
785	-0.0056973
786	-0.0043225
787	-0.0025842
788	-0.0005998
789	-0.0001278
790	-0.0000162
791	0.0000000
792	0.0000000
793	0.0000000
794	0.0000000
795	0.0000000
796	0.0000000
797	0.0000000
798	0.0000000
799	-0.0000001
800	-0.0005100
801	-0.0023737
802	-0.0044934
803	-0.0058614
804	-0.0069036
805	-0.0072408
806	-0.0074695
807	-0.0073151
808	-0.0068170
809	-0.0057527
810	-0.0040515
811	-0.0015294
812	-0.0000366
813	-0.0000158
814	-0.0000156
815	-0.0000148
816	0.0000000
817	0.0000000
818	0.0000000
819	0.0000000
820	0.0000000
821	0.0000000
822	-0.0000004
823	-0.0000468
824	-0.0008016
825	-0.0036877
826	-0.0050136
827	-0.0060545
828	-0.0070319
829	-0.0077351
830	-0.0079371
831	-0.0076871
832	-0.0065342
833	-0.0046733
834	-0.0026069
835	-0.0010452
836	-0.0005239
837	-0.0000278
838	-0.0000066
839	-0.0000002
840	0.0000000
841	0.0000000
842	0.0000000
843	0.0000000
844	0.0000000
845	0.0000000
846	0.0000000
847	-0.0000651
848	-0.0003354
849	-0.0010898
850	-0.0031187
851	-0.0046663
852	-0.0055332
853	-0.0051444
854	-0.0047508
855	-0.0041337
856	-0.0046984
857	-0.0050222
858	-0.0042174
859	-0.0031757
860	-0.0013543
861	-0.0001153
862	-0.0000000
863	0.0000000
864	0.0000000
865	0.0000000
866	0.0000000
867	0.0000000
868	0.0000000
869	-0.0000000
870	-0.0000024
871	-0.0000234
872	-0.0001380
873	-0.0015555
874	-0.0037046
875	-0.0052581
876	-0.0066266
877	-0.0069785
878	-0.0071510
879	-0.0070329
880	-0.0066372
881	-0.0052299
882	-0.0029667
883	-0.0023966
884	-0.0003479
885	-0.0000337
886	-0.0000055
887	-0.0000041
888	0.0000000
889	0.0000000
890	0.0000000
891	0.0000000
892	0.0000000
893	0.0000000
894	0.0000000
895	0.0000000
896	-0.0002703
897	-0.0020761
898	-0.0046044
899	-0.0057212
900	-0.0068458
901	-0.0073590
902	-0.0077662
903	-0.0075325
904	-0.0050457
905	-0.0030131
906	-0.0025937
907	-0.0016465
908	-0.0001728
909	-0.0001067
910	-0.0000321
911	-0.0000289
912	-0.0000000
913	0.0000000
914	0.0000000
915	0.0000000
916	0.0000000
917	0.0000000
918	0.0000000
919	-0.0000031
920	-0.0001120
921	-0.0000459
922	-0.0002866
923	-0.0012369
924	-0.0000701
925	-0.0000573
926	-0.0007153
927	-0.0024478
928	-0.0036104
929	-0.0046440
930	-0.0039538
931	-0.0025031
932	-0.0007169
933	-0.0000616
934	-0.0000120
935	-0.0000077
936	0.0000000
937	0.0000000
938	0.0000000
939	0.0000000
940	0.0000000
941	0.0000000
942	-0.0000001
943	-0.0000194
944	-0.0005193
945	-0.0030745
946	-0.0043211
947	-0.0055041
948	-0.0064050
949	-0.0065216
950	-0.0067276
951	-0.0067874
952	-0.0063921
953	-0.0055625
954	-0.0044477
955	-0.0023678
956	-0.0008915
957	-0.0000707
958	-0.0000174
959	-0.0000104
960	-0.0000000
961	0.0000000
962	0.0000000
963	0.0000000
964	0.0000000
965	0.0000000
966	-0.0000000
967	-0.0000191
968	-0.0006701
969	-0.0032675
970	-0.0045573
971	-0.0054366
972	-0.0055075
973	-0.0046649
974	-0.0052086
975	-0.0056393
976	-0.0051159
977	-0.0046912
978	-0.0035190
979	-0.0022220
980	-0.0003722
981	-0.0000338
982	-0.0000044
983	-0.0000012
984	0.0000000
985	0.0000000
986	0.0000000
987	0.0000000
988	0.0000000
989	0.0000000
990	0.0000000
991	0.0000000
992	-0.0000001
993	-0.0001829
994	-0.0004940
995	-0.0003094
996	-0.0001872
997	-0.0002799
998	-0.0014549
999	-0.0015458
1000	-0.0006456
1001	-0.0001433
1002	-0.0000257
1003	-0.0000123
1004	-0.0000010
1005	0.0000000
1006	0.0000000
1007	0.0000000
1008	0.0000000
1009	0.0000000
1010	0.0000000
1011	0.0000000
1012	0.0000000
1013	0.0000000
1014	0.0000000
1015	-0.0000080
1016	-0.0000996
1017	-0.0006999
1018	-0.0031480
1019	-0.0040940
1020	-0.0052874
1021	-0.0053308
1022	-0.0052499
1023	-0.0054901
1024	-0.0047377
1025	-0.0029621
1026	-0.0014840
1027	-0.0004909
1028	-0.0001920
1029	-0.0000084
1030	0.0000000
1031	0.0000000
1032	0.0000000
1033	0.0000000
1034	0.0000000
1035	0.0000000
1036	0.0000000
1037	0.0000000
1038	0.0000000
1039	-0.0000018
1040	-0.0001805
1041	-0.0011888
1042	-0.0034186
1043	-0.0049464
1044	-0.0016582
1045	-0.0048681
1046	-0.0045879
1047	-0.0042207
1048	-0.0028601
1049	-0.0029504
1050	-0.0022787
1051	-0.0008554
1052	-0.0001855
1053	-0.0000010
1054	-0.0000001
1055	-0.0000002
1056	0.0000000
1057	0.0000000
1058	0.0000000
1059	0.0000000
1060	0.0000000
1061	0.0000000
1062	-0.0000002
1063	-0.0000387
1064	-0.0003396
1065	-0.0013431
1066	-0.0039508
1067	-0.0051687
1068	-0.0055058
1069	-0.0063008
1070	-0.0065196
1071	-0.0064433
1072	-0.0061519
1073	-0.0052474
1074	-0.0040875
1075	-0.0022488
1076	-0.0007013
1077	-0.0000472
1078	-0.0000020
1079	0.0000000
1080	0.0000000
1081	0.0000000
1082	0.0000000
1083	0.0000000
1084	0.0000000
1085	0.0000000
1086	0.0000000
1087	-0.0000062
1088	-0.0002514
1089	-0.0006181
1090	-0.0010018
1091	-0.0015893
1092	-0.0012511
1093	-0.0023850
1094	-0.0027932
1095	-0.0021249
1096	-0.0019510
1097	-0.0008794
1098	-0.0000487
1099	-0.0000049
1100	0.0000000
1101	0.0000000
1102	0.0000000
1103	0.0000000
1104	0.0000000
1105	0.0000000
1106	0.0000000
1107	0.0000000
1108	0.0000000
1109	0.0000000
1110	-0.0000001
1111	-0.0000136
1112	-0.0001384
1113	-0.0004300
1114	-0.0006759
1115	-0.0014994
1116	-0.0019748
1117	-0.0014121
1118	-0.0023099
1119	-0.0045036
1120	-0.0047067
1121	-0.0035939
1122	-0.0019002
1123	-0.0012391
1124	-0.0000576
1125	-0.0000302
1126	-0.0000000
1127	0.0000000
1128	0.0000000
1129	0.0000000
1130	0.0000000
1131	0.0000000
1132	0.0000000
1133	0.0000000
1134	0.0000000
1135	-0.0000030
1136	-0.0000379
1137	-0.0008926
1138	-0.0021919
1139	-0.0021441
1140	-0.0010612
1141	-0.0021409
1142	-0.0024034
1143	-0.0019209
1144	-0.0022040
1145	-0.0000429
1146	-0.0000644
1147	-0.0000606
1148	-0.0000038
1149	0.0000000
1150	0.0000000
1151	-0.0000008
1152	0.0000000
1153	0.0000000
1154	0.0000000
1155	0.0000000
1156	0.0000000
1157	0.0000000
1158	0.0000000
1159	-0.0000179
1160	-0.0002130
1161	-0.0010683
1162	-0.0029808
1163	-0.0048633
1164	-0.0057913
1165	-0.0064563
1166	-0.0066034
1167	-0.0062895
1168	-0.0060028
1169	-0.0051583
1170	-0.0038728
1171	-0.0023186
1172	-0.0006519
1173	-0.0000054
1174	0.0000000
1175	0.0000000
1176	0.0000000
1177	0.0000000
1178	0.0000000
1179	0.0000000
1180	0.0000000
1181	0.0000000
1182	0.0000000
1183	-0.0000010
1184	-0.0002099
1185	-0.0016842
1186	-0.0042242
1187	-0.0055380
1188	-0.0066499
1189	-0.0070956
1190	-0.0076506
1191	-0.0074940
1192	-0.0067597
1193	-0.0055890
1194	-0.0036085
1195	-0.0018576
1196	-0.0005723
1197	-0.0000417
1198	-0.0000071
1199	-0.0000000
1200	0.0000000
1201	0.0000000
1202	0.0000000
1203	0.0000000
1204	0.0000000
1205	-0.0000000
1206	-0.0000009
1207	-0.0000492
1208	-0.0008064
1209	-0.0029743
1210	-0.0043931
1211	-0.0056962
1212	-0.0066310
1213	-0.0073931
1214	-0.0077400
1215	-0.0070364
1216	-0.0066012
1217	-0.0041140
1218	-0.0026052
1219	-0.0019858
1220	-0.0007316
1221	-0.0000337
1222	-0.0000316
1223	-0.0000297
1224	-0.0000000
1225	0.0000000
1226	0.0000000
1227	0.0000000
1228	0.0000000
1229	0.0000000
1230	-0.0000003
1231	-0.0000347
1232	-0.0001263
1233	-0.0005815
1234	-0.0007802
1235	-0.0035180
1236	-0.0050837
1237	-0.0046545
1238	-0.0064898
1239	-0.0062671
1240	-0.0059404
1241	-0.0048586
1242	-0.0039458
1243	-0.0025951
1244	-0.0008035
1245	-0.0000532
1246	-0.0000133
1247	0.0000000
1248	0.0000000
1249	0.0000000
1250	0.0000000
1251	0.0000000
1252	0.0000000
1253	0.0000000
1254	0.0000000
1255	-0.0000016
1256	-0.0002829
1257	-0.0019235
1258	-0.0039344
1259	-0.0050031
1260	-0.0058348
1261	-0.0061600
1262	-0.0057799
1263	-0.0059251
1264	-0.0057460
1265	-0.0050533
1266	-0.0038679
1267	-0.0020339
1268	-0.0003766
1269	-0.0000154
1270	-0.0000152
1271	-0.0000148
1272	0.0000000
1273	0.0000000
1274	0.0000000
1275	0.0000000
1276	0.0000000
1277	0.0000000
1278	0.0000000
1279	-0.0000003
1280	-0.0003379
1281	-0.0015609
1282	-0.0034210
1283	-0.0044909
1284	-0.0050443
1285	-0.0048400
1286	-0.0048793
1287	-0.0041780
1288	-0.0048148
1289	-0.0039504
1290	-0.0033852
1291	-0.0016949
1292	-0.0003924
1293	-0.0000133
1294	-0.0000080
1295	-0.0000068
1296	0.0000000
1297	0.0000000
1298	0.0000000
1299	0.0000000
1300	0.0000000
1301	0.0000000
1302	-0.0000000
1303	-0.0000000
1304	-0.0000004
1305	-0.0002384
1306	-0.0007129
1307	-0.0012098
1308	-0.0022821
1309	-0.0012631
1310	-0.0006154
1311	-0.0009224
1312	-0.0008821
1313	-0.0008911
1314	-0.0008910
1315	-0.0002664
1316	-0.0001064
1317	-0.0000000
1318	0.0000000
1319	0.0000000
1320	0.0000000
1321	0.0000000
1322	0.0000000
1323	0.0000000
1324	0.0000000
1325	0.0000000
1326	-0.0000000
1327	-0.0000052
1328	-0.0000908
1329	-0.0009632
1330	-0.0018656
1331	-0.0036101
1332	-0.0034864
1333	-0.0043296
1334	-0.0032982
1335	-0.0006167
1336	-0.0014934
1337	-0.0036067
1338	-0.0022931
1339	-0.0011264
1340	-0.0001712
1341	-0.0000022
1342	0.0000000
1343	0.0000000
1344	0.0000000
1345	0.0000000
1346	0.0000000
1347	0.0000000
1348	0.0000000
1349	0.0000000
1350	-0.0000017
1351	-0.0000337
1352	-0.0000064
1353	-0.0000229
1354	-0.0001567
1355	-0.0005505
1356	-0.0003380
1357	-0.0000154
1358	0.0000000
1359	0.0000000
1360	-0.0000778
1361	-0.0005293
1362	-0.0013467
1363	-0.0007178
1364	-0.0000409
1365	-0.0000033
1366	-0.0000038
1367	0.0000000
1368	0.0000000
1369	0.0000000
1370	0.0000000
1371	0.0000000
1372	0.0000000
1373	-0.0000000
1374	-0.0000012
1375	-0.0000403
1376	-0.0001157
1377	-0.0005230
1378	-0.0020845
1379	-0.0037308
1380	-0.0027339
1381	-0.0040408
1382	-0.0016935
1383	-0.0041984
1384	-0.0049559
1385	-0.0046524
1386	-0.0033193
1387	-0.0016025
1388	-0.0000335
1389	0.0000000
1390	0.0000000
1391	0.0000000
1392	0.0000000
1393	0.0000000
1394	0.0000000
1395	0.0000000
1396	0.0000000
1397	-0.0000000
1398	-0.0000003
1399	-0.0000465
1400	-0.0003616
1401	-0.0023895
1402	-0.0042727
1403	-0.0058172
1404	-0.0061143
1405	-0.0061309
1406	-0.0046505
1407	-0.0053105
1408	-0.0053897
1409	-0.0049482
1410	-0.0036000
1411	-0.0019444
1412	-0.0003906
1413	-0.0000129
1414	-0.0000048
1415	0.0000000
1416	0.0000000
1417	0.0000000
1418	0.0000000
1419	0.0000000
1420	0.0000000
1421	0.0000000
1422	-0.0000000
1423	-0.0000151
1424	-0.0005597
1425	-0.0026865
1426	-0.0039995
1427	-0.0047509
1428	-0.0049740
1429	-0.0049138
1430	-0.0050680
1431	-0.0000038
1432	0.0000000
1433	-0.0005322
1434	-0.0032263
1435	-0.0022470
1436	-0.0005900
1437	-0.0000180
1438	-0.0000140
1439	-0.0000129
1440	0.0000000
1441	0.0000000
1442	0.0000000
1443	0.0000000
1444	0.0000000
1445	0.0000000
1446	-0.0000001
1447	-0.0000045
1448	-0.0001763
1449	-0.0013279
1450	-0.0037527
1451	-0.0044566
1452	-0.0049741
1453	-0.0047934
1454	-0.0053678
1455	-0.0051683
1456	-0.0046809
1457	-0.0041257
1458	-0.0032957
1459	-0.0020515
1460	-0.0003961
1461	-0.0000161
1462	-0.0000109
1463	-0.0000089
1464	0.0000000
1465	0.0000000
1466	0.0000000
1467	0.0000000
1468	0.0000000
1469	0.0000000
1470	-0.0000000
1471	-0.0000044
1472	-0.0001965
1473	-0.0012534
1474	-0.0032409
1475	-0.0041349
1476	-0.0050891
1477	-0.0057778
1478	-0.0059693
1479	-0.0061697
1480	-0.0050553
1481	-0.0033717
1482	-0.0028379
1483	-0.0009566
1484	-0.0001297
1485	-0.0000080
1486	-0.0000120
1487	-0.0000000
1488	0.0000000
1489	0.0000000
1490	0.0000000
1491	0.0000000
1492	0.0000000
1493	0.0000000
1494	0.0000000
1495	0.0000000
1496	0.0000000
1497	-0.0000373
1498	-0.0008491
1499	-0.0030294
1500	-0.0031762
1501	-0.0050516
1502	-0.0061271
1503	-0.0057525
1504	-0.0052873
1505	-0.0044295
1506	-0.0031209
1507	-0.0012674
1508	-0.0001388
1509	-0.0000010
1510	0.0000000
1511	0.0000000
1512	0.0000000
1513	0.0000000
1514	0.0000000
1515	0.0000000
1516	0.0000000
1517	0.0000000
1518	0.0000000
1519	-0.0000002
1520	-0.0000006
1521	0.0000000
1522	0.0000000
1523	0.0000000
1524	-0.0000403
1525	-0.0016388
1526	-0.0047385
1527	-0.0050991
1528	-0.0040027
1529	-0.0036033
1530	-0.0025828
1531	-0.0011856
1532	-0.0001323
1533	-0.0000019
1534	0.0000000
1535	0.0000000
1536	0.0000000
1537	0.0000000
1538	0.0000000
1539	0.0000000
1540	0.0000000
1541	0.0000000
1542	-0.0000000
1543	-0.0000161
1544	-0.0002167
1545	-0.0011006
1546	-0.0033008
1547	-0.0048367
1548	-0.0058907
1549	-0.0065077
1550	-0.0064820
1551	-0.0061857
1552	-0.0053401
1553	-0.0036250
1554	-0.0017629
1555	-0.0006132
1556	-0.0000179
1557	-0.0000042
1558	0.0000000
1559	0.0000000
1560	0.0000000
1561	0.0000000
1562	0.0000000
1563	0.0000000
1564	0.0000000
1565	0.0000000
1566	0.0000000
1567	-0.0000149
1568	-0.0002770
1569	-0.0012715
1570	-0.0031945
1571	-0.0048790
1572	-0.0035689
1573	-0.0019806
1574	-0.0019915
1575	-0.0017748
1576	-0.0012979
1577	-0.0007177
1578	-0.0003610
1579	-0.0001476
1580	-0.0000024
1581	-0.0000001
1582	-0.0000002
1583	0.0000000
1584	0.0000000
1585	0.0000000
1586	0.0000000
1587	0.0000000
1588	0.0000000
1589	0.0000000
1590	-0.0000000
1591	-0.0000184
1592	-0.0001224
1593	-0.0005733
1594	-0.0023143
1595	-0.0045031
1596	-0.0056857
1597	-0.0062848
1598	-0.0064709
1599	-0.0060238
1600	-0.0050914
1601	-0.0048638
1602	-0.0028062
1603	-0.0010876
1604	-0.0001856
1605	-0.0000036
1606	-0.0000001
1607	0.0000000
1608	0.0000000
1609	0.0000000
1610	0.0000000
1611	0.0000000
1612	0.0000000
1613	0.0000000
1614	-0.0000000
1615	-0.0000039
1616	-0.0003911
1617	-0.0019254
1618	-0.0036676
1619	-0.0049156
1620	-0.0058667
1621	-0.0063531
1622	-0.0041297
1623	-0.0035778
1624	-0.0048031
1625	-0.0040444
1626	-0.0026719
1627	-0.0013314
1628	-0.0001201
1629	-0.0000176
1630	-0.0000134
1631	-0.0000085
1632	-0.0000000
1633	0.0000000
1634	0.0000000
1635	0.0000000
1636	0.0000000
1637	0.0000000
1638	0.0000000
1639	0.0000000
1640	-0.0000081
1641	-0.0000005
1642	0.0000000
1643	-0.0003304
1644	-0.0033284
1645	-0.0054524
1646	-0.0057393
1647	-0.0052033
1648	-0.0054812
1649	-0.0047763
1650	-0.0033805
1651	-0.0014174
1652	-0.0002687
1653	-0.0000052
1654	-0.0000032
1655	-0.0000006
1656	0.0000000
1657	0.0000000
1658	0.0000000
1659	0.0000000
1660	0.0000000
1661	0.0000000
1662	0.0000000
1663	-0.0000004
1664	-0.0001193
1665	-0.0017483
1666	-0.0039203
1667	-0.0046414
1668	-0.0058336
1669	-0.0059618
1670	-0.0059601
1671	-0.0040954
1672	-0.0033157
1673	-0.0026711
1674	-0.0020980
1675	-0.0010958
1676	-0.0001330
1677	-0.0000175
1678	-0.0000012
1679	0.0000000
1680	0.0000000
1681	0.0000000
1682	0.0000000
1683	0.0000000
1684	0.0000000
1685	0.0000000
1686	-0.0000000
1687	-0.0000511
1688	-0.0011873
1689	-0.0023983
1690	-0.0031267
1691	-0.0031751
1692	-0.0038507
1693	-0.0035328
1694	-0.0040598
1695	-0.0045823
1696	-0.0038361
1697	-0.0041941
1698	-0.0032635
1699	-0.0000273
1700	0.0000000
1701	0.0000000
1702	0.0000000
1703	0.0000000
1704	0.0000000
1705	0.0000000
1706	0.0000000
1707	0.0000000
1708	0.0000000
1709	-0.0000000
1710	-0.0000001
1711	-0.0000233
1712	-0.0005411
1713	-0.0025954
1714	-0.0036257
1715	-0.0040362
1716	-0.0041510
1717	-0.0038478
1718	-0.0041521
1719	-0.0038708
1720	-0.0032691
1721	-0.0032095
1722	-0.0025429
1723	-0.0008083
1724	-0.0001535
1725	-0.0000087
1726	-0.0000081
1727	-0.0000089
1728	-0.0000000
1729	0.0000000
1730	0.0000000
1731	0.0000000
1732	0.0000000
1733	0.0000000
1734	-0.0000000
1735	-0.0000058
1736	-0.0001608
1737	-0.0016514
1738	-0.0032736
1739	-0.0042137
1740	-0.0050139
1741	-0.0054290
1742	-0.0057519
1743	-0.0051525
1744	-0.0041275
1745	-0.0034933
1746	-0.0024179
1747	-0.0005674
1748	-0.0000399
1749	-0.0000029
1750	-0.0000029
1751	-0.0000026
1752	0.0000000
1753	0.0000000
1754	0.0000000
1755	0.0000000
1756	0.0000000
1757	0.0000000
1758	0.0000000
1759	0.0000000
1760	-0.0000016
1761	-0.0000346
1762	-0.0002862
1763	-0.0021092
1764	-0.0039910
1765	-0.0047539
1766	-0.0050818
1767	-0.0049881
1768	-0.0044784
1769	-0.0037066
1770	-0.0019727
1771	-0.0004600
1772	-0.0001144
1773	-0.0000031
1774	-0.0000001
1775	-0.0000020
1776	0.0000000
1777	0.0000000
1778	0.0000000
1779	0.0000000
1780	0.0000000
1781	0.0000000
1782	0.0000000
1783	-0.0000023
1784	-0.0000412
1785	-0.0001623
1786	-0.0000015
1787	-0.0000030
1788	-0.0005887
1789	-0.0026829
1790	-0.0034440
1791	-0.0033143
1792	-0.0020281
1793	-0.0025661
1794	-0.0015996
1795	-0.0002788
1796	-0.0000082
1797	-0.0000000
1798	0.0000000
1799	0.0000000
1800	0.0000000
1801	0.0000000
1802	0.0000000
1803	0.0000000
1804	0.0000000
1805	0.0000000
1806	0.0000000
1807	-0.0000003
1808	-0.0000152
1809	-0.0002041
1810	-0.0005533
1811	-0.0010455
1812	-0.0012890
1813	-0.0004223
1814	-0.0004272
1815	-0.0011491
1816	-0.0019658
1817	-0.0024237
1818	-0.0015111
1819	-0.0003542
1820	-0.0000308
1821	-0.0000073
1822	-0.0000053
1823	0.0000000
1824	0.0000000
1825	0.0000000
1826	0.0000000
1827	0.0000000
1828	0.0000000
1829	-0.0000000
1830	-0.0000000
1831	-0.0000054
1832	-0.0000790
1833	-0.0004786
1834	-0.0012209
1835	-0.0026956
1836	-0.0038069
1837	-0.0045202
1838	-0.0048700
1839	-0.0049797
1840	-0.0043937
1841	-0.0031418
1842	-0.0012562
1843	-0.0003226
1844	-0.0000418
1845	-0.0000075
1846	-0.0000083
1847	-0.0000057
1848	0.0000000
1849	0.0000000
1850	0.0000000
1851	0.0000000
1852	0.0000000
1853	0.0000000
1854	0.0000000
1855	-0.0000008
1856	-0.0000724
1857	-0.0002742
1858	-0.0007441
1859	-0.0015664
1860	-0.0015621
1861	-0.0015759
1862	-0.0017114
1863	-0.0016239
1864	-0.0016166
1865	-0.0013802
1866	-0.0007534
1867	-0.0002568
1868	-0.0000256
1869	-0.0000069
1870	-0.0000087
1871	-0.0000092
1872	0.0000000
1873	0.0000000
1874	0.0000000
1875	0.0000000
1876	0.0000000
1877	0.0000000
1878	0.0000000
1879	-0.0000009
1880	-0.0000199
1881	-0.0002796
1882	-0.0013001
1883	-0.0029225
1884	-0.0030118
1885	-0.0037011
1886	-0.0046442
1887	-0.0049654
1888	-0.0037833
1889	-0.0036852
1890	-0.0021270
1891	-0.0004268
1892	-0.0000202
1893	-0.0000018
1894	-0.0000121
1895	-0.0000000
1896	0.0000000
1897	0.0000000
1898	0.0000000
1899	0.0000000
1900	0.0000000
1901	-0.0000000
1902	-0.0000001
1903	-0.0000260
1904	-0.0004340
1905	-0.0016121
1906	-0.0025607
1907	-0.0029867
1908	-0.0031330
1909	-0.0032346
1910	-0.0036427
1911	-0.0025507
1912	-0.0023071
1913	-0.0020095
1914	-0.0016684
1915	-0.0005353
1916	-0.0000572
1917	-0.0000135
1918	-0.0000094
1919	-0.0000064
1920	0.0000000
1921	0.0000000
1922	0.0000000
1923	0.0000000
1924	0.0000000
1925	0.0000000
1926	0.0000000
1927	-0.0000001
1928	-0.0000208
1929	-0.0007368
1930	-0.0025485
1931	-0.0032478
1932	-0.0032546
1933	-0.0044086
1934	-0.0048869
1935	-0.0048063
1936	-0.0042716
1937	-0.0036112
1938	-0.0021575
1939	-0.0007141
1940	-0.0001318
1941	-0.0000104
1942	-0.0000089
1943	-0.0000037
1944	0.0000000
1945	0.0000000
1946	0.0000000
1947	0.0000000
1948	0.0000000
1949	0.0000000
1950	-0.0000000
1951	-0.0000042
1952	-0.0001040
1953	-0.0015012
1954	-0.0031248
1955	-0.0041191
1956	-0.0046940
1957	-0.0054732
1958	-0.0058442
1959	-0.0057350
1960	-0.0052462
1961	-0.0042724
1962	-0.0026583
1963	-0.0007805
1964	-0.0000775
1965	-0.0000087
1966	-0.0000122
1967	-0.0000000
1968	0.0000000
1969	0.0000000
1970	0.0000000
1971	0.0000000
1972	0.0000000
1973	-0.0000001
1974	-0.0000002
1975	-0.0000153
1976	-0.0003784
1977	-0.0023864
1978	-0.0039820
1979	-0.0053512
1980	-0.0064593
1981	-0.0067569
1982	-0.0068452
1983	-0.0066120
1984	-0.0061010
1985	-0.0047347
1986	-0.0029021
1987	-0.0010636
1988	-0.0000653
1989	-0.0000081
1990	-0.0000001
