TIME_UNITS h
DATA_UNITS kg/s
0	-0.0000003
1	-0.0000008
2	-0.0000010
3	-0.0000005
4	-0.0000003
5	-0.0000001
6	-0.0000014
7	-0.0000195
8	-0.0001190
9	-0.0002466
10	-0.0003931
11	-0.0005440
12	-0.0006007
13	-0.0006446
14	-0.0006875
15	-0.0007029
16	-0.0006871
17	-0.0006214
18	-0.0005075
19	-0.0003209
20	-0.0001110
21	-0.0000125
22	-0.0000012
23	-0.0000006
24	-0.0000006
25	-0.0000004
26	-0.0000002
27	-0.0000002
28	0.0000000
29	0.0000000
30	0.0000000
31	0.0000000
32	-0.0000888
33	-0.0002873
34	-0.0005046
35	-0.0006658
36	-0.0007345
37	-0.0007697
38	-0.0006976
39	-0.0005543
40	-0.0004750
41	-0.0001998
42	-0.0000959
43	-0.0000702
44	-0.0000182
45	-0.0000001
46	0.0000000
47	0.0000000
48	0.0000000
49	0.0000000
50	0.0000000
51	0.0000000
52	0.0000000
53	0.0000000
54	0.0000000
55	0.0000000
56	0.0000000
57	-0.0000000
58	-0.0000048
59	-0.0000661
60	-0.0004392
61	-0.0004716
62	-0.0006828
63	-0.0006794
64	-0.0000006
65	0.0000000
66	-0.0000119
67	-0.0000537
68	-0.0000174
69	-0.0000006
70	-0.0000000
71	-0.0000005
72	-0.0000003
73	-0.0000003
74	-0.0000001
75	-0.0000000
76	-0.0000003
77	-0.0000003
78	-0.0000084
79	-0.0000664
80	-0.0000707
81	-0.0001335
82	-0.0002283
83	-0.0002905
84	-0.0003104
85	-0.0004379
86	-0.0005440
87	-0.0005721
88	-0.0004600
89	-0.0004430
90	-0.0003210
91	-0.0001426
92	-0.0000472
93	-0.0000040
94	-0.0000008
95	0.0000000
96	0.0000000
97	0.0000000
98	0.0000000
99	0.0000000
100	0.0000000
101	0.0000000
102	0.0000000
103	-0.0000125
104	-0.0001161
105	-0.0003641
106	-0.0005322
107	-0.0007048
108	-0.0006715
109	-0.0005966
110	-0.0004258
111	-0.0000017
112	0.0000000
113	-0.0000036
114	-0.0000239
115	-0.0000000
116	-0.0000000
117	0.0000000
118	0.0000000
119	0.0000000
120	0.0000000
121	-0.0000000
122	0.0000000
123	-0.0000000
124	-0.0000001
125	-0.0000001
126	-0.0000004
127	0.0000000
128	-0.0000049
129	-0.0000347
130	-0.0000726
131	-0.0001024
132	-0.0001424
133	-0.0001415
134	-0.0001258
135	-0.0001174
136	-0.0001973
137	-0.0002456
138	-0.0002212
139	-0.0001628
140	-0.0000293
141	-0.0000008
142	0.0000000
143	0.0000000
144	0.0000000
145	0.0000000
146	-0.0000000
147	-0.0000000
148	-0.0000000
149	0.0000000
150	-0.0000001
151	-0.0000168
152	-0.0000730
153	-0.0003416
154	-0.0005979
155	-0.0006614
156	-0.0008760
157	-0.0005800
158	-0.0006212
159	-0.0005175
160	-0.0003323
161	-0.0002989
162	-0.0002735
163	-0.0001266
164	-0.0000492
165	-0.0000086
166	-0.0000018
167	-0.0000014
168	0.0000000
169	0.0000000
170	0.0000000
171	0.0000000
172	-0.0000000
173	-0.0000000
174	-0.0000021
175	-0.0000154
176	-0.0000567
177	-0.0001087
178	-0.0001182
179	-0.0002310
180	-0.0004318
181	-0.0004786
182	-0.0004661
183	-0.0003958
184	-0.0001555
185	-0.0001863
186	-0.0002358
187	-0.0001695
188	-0.0000341
189	-0.0000001
190	0.0000000
191	0.0000000
192	0.0000000
193	0.0000000
194	0.0000000
195	0.0000000
196	0.0000000
197	-0.0000000
198	-0.0000000
199	-0.0000079
200	-0.0000438
201	-0.0001222
202	-0.0001937
203	-0.0003284
204	-0.0003995
205	-0.0003452
206	-0.0003277
207	-0.0003410
208	-0.0001260
209	-0.0002087
210	-0.0001741
211	-0.0000025
212	-0.0000002
213	-0.0000000
214	-0.0000000
215	0.0000000
216	0.0000000
217	0.0000000
218	0.0000000
219	0.0000000
220	0.0000000
221	0.0000000
222	0.0000000
223	-0.0000000
224	-0.0000002
225	-0.0000011
226	-0.0000001
227	-0.0000003
228	-0.0000014
229	-0.0000188
230	-0.0000593
231	-0.0000960
232	-0.0001665
233	-0.0002008
234	-0.0001464
235	-0.0000806
236	-0.0000167
237	0.0000000
238	0.0000000
239	0.0000000
240	0.0000000
241	0.0000000
242	0.0000000
243	0.0000000
244	0.0000000
245	0.0000000
246	0.0000000
247	-0.0000002
248	-0.0000699
249	-0.0002852
250	-0.0005489
251	-0.0006901
252	-0.0008147
253	-0.0009084
254	-0.0009338
255	-0.0009100
256	-0.0007922
257	-0.0007149
258	-0.0005642
259	-0.0003533
260	-0.0000880
261	-0.0000042
262	-0.0000005
263	0.0000000
264	0.0000000
265	0.0000000
266	0.0000000
267	0.0000000
268	0.0000000
269	-0.0000000
270	-0.0000001
271	-0.0000095
272	-0.0001225
273	-0.0002241
274	-0.0003403
275	-0.0006001
276	-0.0009221
277	-0.0009612
278	-0.0009684
279	-0.0009988
280	-0.0008730
281	-0.0008060
282	-0.0005980
283	-0.0002836
284	-0.0000806
285	-0.0000168
286	-0.0000052
287	-0.0000000
288	0.0000000
289	0.0000000
290	0.0000000
291	0.0000000
292	0.0000000
293	-0.0000000
294	-0.0000006
295	-0.0000308
296	-0.0002814
297	-0.0004665
298	-0.0006992
299	-0.0008311
300	-0.0009024
301	-0.0009017
302	-0.0007707
303	-0.0007241
304	-0.0007720
305	-0.0003790
306	-0.0004417
307	-0.0002288
308	-0.0000664
309	-0.0000018
310	0.0000000
311	0.0000000
312	0.0000000
313	0.0000000
314	0.0000000
315	0.0000000
316	0.0000000
317	0.0000000
318	0.0000000
319	-0.0000069
320	-0.0000686
321	-0.0002512
322	-0.0005307
323	-0.0007133
324	-0.0008189
325	-0.0008905
326	-0.0008906
327	-0.0008841
328	-0.0008370
329	-0.0006948
330	-0.0005194
331	-0.0002782
332	-0.0000857
333	-0.0000074
334	0.0000000
335	0.0000000
336	0.0000000
337	0.0000000
338	0.0000000
339	0.0000000
340	0.0000000
341	0.0000000
342	0.0000000
343	-0.0000121
344	-0.0000990
345	-0.0002583
346	-0.0004763
347	-0.0007060
348	-0.0008596
349	-0.0009414
350	-0.0009717
351	-0.0009625
352	-0.0008945
353	-0.0007071
354	-0.0003930
355	-0.0002673
356	-0.0000767
357	-0.0000083
358	-0.0000021
359	-0.0000000
360	0.0000000
361	0.0000000
362	0.0000000
363	0.0000000
364	0.0000000
365	0.0000000
366	0.0000000
367	0.0000000
368	0.0000000
369	-0.0000026
370	-0.0000421
371	-0.0002657
372	-0.0003055
373	-0.0003009
374	-0.0002172
375	-0.0003831
376	-0.0004556
377	-0.0004979
378	-0.0004255
379	-0.0002422
380	-0.0000554
381	-0.0000032
382	-0.0000005
383	-0.0000000
384	0.0000000
385	0.0000000
386	0.0000000
387	0.0000000
388	0.0000000
389	0.0000000
390	0.0000000
391	-0.0000048
392	-0.0000345
393	-0.0000165
394	-0.0000215
395	-0.0000471
396	-0.0001110
397	-0.0001101
398	-0.0000360
399	-0.0000446
400	-0.0001862
401	-0.0005288
402	-0.0004619
403	-0.0003037
404	-0.0000713
405	-0.0000028
406	-0.0000015
407	-0.0000001
408	0.0000000
409	0.0000000
410	0.0000000
411	0.0000000
412	0.0000000
413	0.0000000
414	0.0000000
415	-0.0000024
416	-0.0000419
417	-0.0001346
418	-0.0002044
419	-0.0002657
420	-0.0003002
421	-0.0003552
422	-0.0003938
423	-0.0004993
424	-0.0005772
425	-0.0005169
426	-0.0003985
427	-0.0002927
428	-0.0001117
429	-0.0000033
430	-0.0000004
431	-0.0000002
432	0.0000000
433	0.0000000
434	0.0000000
435	0.0000000
436	0.0000000
437	0.0000000
438	0.0000000
439	-0.0000001
440	-0.0000005
441	-0.0000040
442	-0.0000032
443	-0.0000000
444	0.0000000
445	0.0000000
446	-0.0000874
447	-0.0005227
448	-0.0002232
449	-0.0000005
450	0.0000000
451	0.0000000
452	0.0000000
453	-0.0000000
454	-0.0000000
455	-0.0000001
456	-0.0000002
457	0.0000000
458	0.0000000
459	0.0000000
460	0.0000000
461	0.0000000
462	-0.0000001
463	-0.0000051
464	-0.0000238
465	-0.0000608
466	-0.0001377
467	-0.0002174
468	-0.0001954
469	-0.0001870
470	-0.0002738
471	-0.0001422
472	-0.0003509
473	-0.0003671
474	-0.0003205
475	-0.0002021
476	-0.0000292
477	-0.0000000
478	0.0000000
479	-0.0000005
480	0.0000000
481	0.0000000
482	0.0000000
483	0.0000000
484	0.0000000
485	0.0000000
486	-0.0000001
487	-0.0000018
488	-0.0000029
489	-0.0000003
490	-0.0000026
491	-0.0000476
492	-0.0000849
493	-0.0002152
494	-0.0002927
495	-0.0002970
496	-0.0003739
497	-0.0003838
498	-0.0003573
499	-0.0002515
500	-0.0001262
501	-0.0000111
502	-0.0000002
503	-0.0000004
504	-0.0000012
505	-0.0000005
506	-0.0000012
507	-0.0000022
508	-0.0000028
509	-0.0000024
510	-0.0000411
511	-0.0000767
512	-0.0001433
513	-0.0000015
514	0.0000000
515	-0.0000288
516	-0.0001641
517	-0.0003642
518	-0.0004689
519	-0.0004660
520	-0.0004259
521	-0.0004154
522	-0.0004237
523	-0.0003322
524	-0.0001710
525	-0.0000173
526	-0.0000013
527	-0.0000000
528	0.0000000
529	0.0000000
530	0.0000000
531	0.0000000
532	0.0000000
533	0.0000000
534	-0.0000001
535	-0.0000012
536	-0.0000546
537	-0.0002675
538	-0.0003440
539	-0.0003836
540	-0.0003303
541	-0.0004662
542	-0.0005499
543	-0.0005415
544	-0.0004747
545	-0.0004170
546	-0.0003735
547	-0.0002857
548	-0.0001406
549	-0.0000185
550	-0.0000017
551	-0.0000000
552	0.0000000
553	0.0000000
554	0.0000000
555	0.0000000
556	0.0000000
557	0.0000000
558	-0.0000000
559	-0.0000016
560	-0.0000713
561	-0.0003051
562	-0.0004303
563	-0.0004237
564	-0.0004858
565	-0.0006105
566	-0.0006583
567	-0.0006907
568	-0.0006777
569	-0.0006117
570	-0.0005106
571	-0.0003679
572	-0.0001340
573	-0.0000272
574	-0.0000000
575	0.0000000
576	0.0000000
577	0.0000000
578	0.0000000
579	0.0000000
580	-0.0000000
581	-0.0000000
582	-0.0000001
583	-0.0000043
584	-0.0000788
585	-0.0003555
586	-0.0005447
587	-0.0006953
588	-0.0008250
589	-0.0008747
590	-0.0008757
591	-0.0008631
592	-0.0007419
593	-0.0006709
594	-0.0005276
595	-0.0003859
596	-0.0000949
597	-0.0000092
598	-0.0000018
599	0.0000000
600	0.0000000
601	0.0000000
602	0.0000000
603	0.0000000
604	0.0000000
605	-0.0000000
606	-0.0000007
607	-0.0000186
608	-0.0001968
609	-0.0005324
610	-0.0007107
611	-0.0008474
612	-0.0009509
613	-0.0010229
614	-0.0010687
615	-0.0010637
616	-0.0010174
617	-0.0008591
618	-0.0005923
619	-0.0003197
620	-0.0000992
621	-0.0000206
622	-0.0000033
623	-0.0000046
624	-0.0000000
625	0.0000000
626	0.0000000
627	0.0000000
628	0.0000000
629	0.0000000
630	-0.0000002
631	-0.0000099
632	-0.0002664
633	-0.0006172
634	-0.0007888
635	-0.0009513
636	-0.0010392
637	-0.0010883
638	-0.0010963
639	-0.0011197
640	-0.0011010
641	-0.0009452
642	-0.0006018
643	-0.0003575
644	-0.0001283
645	-0.0000273
646	-0.0000059
647	-0.0000067
648	-0.0000000
649	0.0000000
650	0.0000000
651	0.0000000
652	0.0000000
653	-0.0000000
654	-0.0000006
655	-0.0000273
656	-0.0002884
657	-0.0006487
658	-0.0008563
659	-0.0009352
660	-0.0010675
661	-0.0011986
662	-0.0012069
663	-0.0011658
664	-0.0012017
665	-0.0010324
666	-0.0007390
667	-0.0005029
668	-0.0001520
669	-0.0000185
670	-0.0000060
671	-0.0000043
672	-0.0000000
673	0.0000000
674	0.0000000
675	0.0000000
676	0.0000000
677	0.0000000
678	0.0000000
679	-0.0000003
680	-0.0000002
681	-0.0000004
682	-0.0000182
683	-0.0001511
684	-0.0000170
685	-0.0000466
686	-0.0001681
687	-0.0002948
688	-0.0004288
689	-0.0003192
690	-0.0001949
691	-0.0000801
692	-0.0000084
693	-0.0000049
694	-0.0000000
695	0.0000000
696	0.0000000
697	0.0000000
698	0.0000000
699	0.0000000
700	-0.0000000
701	-0.0000000
702	-0.0000001
703	-0.0000003
704	-0.0000614
705	-0.0001945
706	-0.0002051
707	-0.0004602
708	-0.0005273
709	-0.0006015
710	-0.0004566
711	-0.0005210
712	-0.0006765
713	-0.0005892
714	-0.0004470
715	-0.0001531
716	-0.0000200
717	-0.0000024
718	-0.0000010
719	0.0000000
720	0.0000000
721	0.0000000
722	0.0000000
723	0.0000000
724	0.0000000
725	0.0000000
726	-0.0000002
727	-0.0000062
728	-0.0000837
729	-0.0001791
730	-0.0003225
731	-0.0006943
732	-0.0008676
733	-0.0008897
734	-0.0006494
735	-0.0006662
736	-0.0009040
737	-0.0007166
738	-0.0005276
739	-0.0002616
740	-0.0000340
741	-0.0000056
742	-0.0000014
743	0.0000000
744	0.0000000
745	0.0000000
746	0.0000000
747	0.0000000
748	0.0000000
749	-0.0000000
750	-0.0000001
751	-0.0000016
752	-0.0000064
753	-0.0000006
754	-0.0000006
755	-0.0001042
756	-0.0002926
757	-0.0004674
758	-0.0005362
759	-0.0006503
760	-0.0006672
761	-0.0007244
762	-0.0005470
763	-0.0003406
764	-0.0001163
765	-0.0000036
766	-0.0000017
767	0.0000000
768	0.0000000
769	0.0000000
770	0.0000000
771	0.0000000
772	0.0000000
773	0.0000000
774	0.0000000
775	-0.0000011
776	-0.0000521
777	-0.0001799
778	-0.0004472
779	-0.0006780
780	-0.0008661
781	-0.0008535
782	-0.0008699
783	-0.0008976
784	-0.0008567
785	-0.0008328
786	-0.0006319
787	-0.0003778
788	-0.0000877
789	-0.0000187
790	-0.0000024
791	0.0000000
792	0.0000000
793	0.0000000
794	0.0000000
795	0.0000000
796	0.0000000
797	0.0000000
798	0.0000000
799	-0.0000000
800	-0.0000746
801	-0.0003470
802	-0.0006569
803	-0.0008568
804	-0.0010092
805	-0.0010585
806	-0.0010919
807	-0.0010693
808	-0.0009965
809	-0.0008409
810	-0.0005923
811	-0.0002236
812	-0.0000054
813	-0.0000023
814	-0.0000023
815	-0.0000022
816	0.0000000
817	0.0000000
818	0.0000000
819	0.0000000
820	0.0000000
821	0.0000000
822	-0.0000001
823	-0.0000068
824	-0.0001172
825	-0.0005391
826	-0.0007329
827	-0.0008851
828	-0.0010279
829	-0.0011307
830	-0.0011603
831	-0.0011237
832	-0.0009552
833	-0.0006832
834	-0.0003811
835	-0.0001528
836	-0.0000766
837	-0.0000041
838	-0.0000010
839	-0.0000000
840	0.0000000
841	0.0000000
842	0.0000000
843	0.0000000
844	0.0000000
845	0.0000000
846	0.0000000
847	-0.0000095
848	-0.0000490
849	-0.0001593
850	-0.0004559
851	-0.0006821
852	-0.0008089
853	-0.0007520
854	-0.0006945
855	-0.0006043
856	-0.0006868
857	-0.0007342
858	-0.0006165
859	-0.0004642
860	-0.0001980
861	-0.0000169
862	-0.0000000
863	0.0000000
864	0.0000000
865	0.0000000
866	0.0000000
867	0.0000000
868	0.0000000
869	-0.0000000
870	-0.0000004
871	-0.0000034
872	-0.0000202
873	-0.0002274
874	-0.0005415
875	-0.0007686
876	-0.0009687
877	-0.0010201
878	-0.0010453
879	-0.0010281
880	-0.0009702
881	-0.0007645
882	-0.0004337
883	-0.0003503
884	-0.0000509
885	-0.0000049
886	-0.0000008
887	-0.0000006
888	0.0000000
889	0.0000000
890	0.0000000
891	0.0000000
892	0.0000000
893	0.0000000
894	0.0000000
895	0.0000000
896	-0.0000395
897	-0.0003035
898	-0.0006731
899	-0.0008363
900	-0.0010007
901	-0.0010757
902	-0.0011353
903	-0.0011011
904	-0.0007376
905	-0.0004405
906	-0.0003791
907	-0.0002407
908	-0.0000253
909	-0.0000156
910	-0.0000047
911	-0.0000042
912	-0.0000000
913	0.0000000
914	0.0000000
915	0.0000000
916	0.0000000
917	0.0000000
918	0.0000000
919	-0.0000005
920	-0.0000164
921	-0.0000067
922	-0.0000419
923	-0.0001808
924	-0.0000102
925	-0.0000084
926	-0.0001046
927	-0.0003578
928	-0.0005278
929	-0.0006789
930	-0.0005780
931	-0.0003659
932	-0.0001048
933	-0.0000090
934	-0.0000018
935	-0.0000011
936	0.0000000
937	0.0000000
938	0.0000000
939	0.0000000
940	0.0000000
941	0.0000000
942	-0.0000000
943	-0.0000028
944	-0.0000759
945	-0.0004494
946	-0.0006317
947	-0.0008046
948	-0.0009363
949	-0.0009533
950	-0.0009834
951	-0.0009922
952	-0.0009344
953	-0.0008131
954	-0.0006502
955	-0.0003461
956	-0.0001303
957	-0.0000103
958	-0.0000025
959	-0.0000015
960	-0.0000000
961	0.0000000
962	0.0000000
963	0.0000000
964	0.0000000
965	0.0000000
966	-0.0000000
967	-0.0000028
968	-0.0000980
969	-0.0004776
970	-0.0006662
971	-0.0007947
972	-0.0008051
973	-0.0006819
974	-0.0007614
975	-0.0008244
976	-0.0007478
977	-0.0006858
978	-0.0005144
979	-0.0003248
980	-0.0000544
981	-0.0000049
982	-0.0000006
983	-0.0000002
984	0.0000000
985	0.0000000
986	0.0000000
987	0.0000000
988	0.0000000
989	0.0000000
990	0.0000000
991	0.0000000
992	-0.0000000
993	-0.0000267
994	-0.0000722
995	-0.0000452
996	-0.0000274
997	-0.0000409
998	-0.0002127
999	-0.0002260
1000	-0.0000944
1001	-0.0000210
1002	-0.0000038
1003	-0.0000018
1004	-0.0000001
1005	0.0000000
1006	0.0000000
1007	0.0000000
1008	0.0000000
1009	0.0000000
1010	0.0000000
1011	0.0000000
1012	0.0000000
1013	0.0000000
1014	0.0000000
1015	-0.0000012
1016	-0.0000146
1017	-0.0001023
1018	-0.0004602
1019	-0.0005985
1020	-0.0007729
1021	-0.0007793
1022	-0.0007674
1023	-0.0008025
1024	-0.0006926
1025	-0.0004330
1026	-0.0002169
1027	-0.0000718
1028	-0.0000281
1029	-0.0000012
1030	0.0000000
1031	0.0000000
1032	0.0000000
1033	0.0000000
1034	0.0000000
1035	0.0000000
1036	0.0000000
1037	0.0000000
1038	0.0000000
1039	-0.0000003
1040	-0.0000264
1041	-0.0001738
1042	-0.0004997
1043	-0.0007231
1044	-0.0002424
1045	-0.0007116
1046	-0.0006707
1047	-0.0006170
1048	-0.0004181
1049	-0.0004313
1050	-0.0003331
1051	-0.0001250
1052	-0.0000271
1053	-0.0000001
1054	-0.0000000
1055	-0.0000000
1056	0.0000000
1057	0.0000000
1058	0.0000000
1059	0.0000000
1060	0.0000000
1061	0.0000000
1062	-0.0000000
1063	-0.0000057
1064	-0.0000496
1065	-0.0001963
1066	-0.0005775
1067	-0.0007556
1068	-0.0008048
1069	-0.0009211
1070	-0.0009530
1071	-0.0009419
1072	-0.0008993
1073	-0.0007671
1074	-0.0005975
1075	-0.0003287
1076	-0.0001025
1077	-0.0000069
1078	-0.0000003
1079	0.0000000
1080	0.0000000
1081	0.0000000
1082	0.0000000
1083	0.0000000
1084	0.0000000
1085	0.0000000
1086	0.0000000
1087	-0.0000009
1088	-0.0000367
1089	-0.0000904
1090	-0.0001464
1091	-0.0002323
1092	-0.0001829
1093	-0.0003486
1094	-0.0004083
1095	-0.0003106
1096	-0.0002852
1097	-0.0001286
1098	-0.0000071
1099	-0.0000007
1100	0.0000000
1101	0.0000000
1102	0.0000000
1103	0.0000000
1104	0.0000000
1105	0.0000000
1106	0.0000000
1107	0.0000000
1108	0.0000000
1109	0.0000000
1110	-0.0000000
1111	-0.0000020
1112	-0.0000202
1113	-0.0000629
1114	-0.0000988
1115	-0.0002192
1116	-0.0002887
1117	-0.0002064
1118	-0.0003377
1119	-0.0006583
1120	-0.0006880
1121	-0.0005254
1122	-0.0002778
1123	-0.0001811
1124	-0.0000084
1125	-0.0000044
1126	-0.0000000
1127	0.0000000
1128	0.0000000
1129	0.0000000
1130	0.0000000
1131	0.0000000
1132	0.0000000
1133	0.0000000
1134	0.0000000
1135	-0.0000004
1136	-0.0000055
1137	-0.0001305
1138	-0.0003204
1139	-0.0003134
1140	-0.0001551
1141	-0.0003130
1142	-0.0003513
1143	-0.0002808
1144	-0.0003222
1145	-0.0000063
1146	-0.0000094
1147	-0.0000089
1148	-0.0000005
1149	0.0000000
1150	0.0000000
1151	-0.0000001
1152	0.0000000
1153	0.0000000
1154	0.0000000
1155	0.0000000
1156	0.0000000
1157	0.0000000
1158	0.0000000
1159	-0.0000026
1160	-0.0000311
1161	-0.0001562
1162	-0.0004357
1163	-0.0007109
1164	-0.0008466
1165	-0.0009438
1166	-0.0009653
1167	-0.0009194
1168	-0.0008775
1169	-0.0007540
1170	-0.0005661
1171	-0.0003389
1172	-0.0000953
1173	-0.0000008
1174	0.0000000
1175	0.0000000
1176	0.0000000
1177	0.0000000
1178	0.0000000
1179	0.0000000
1180	0.0000000
1181	0.0000000
1182	0.0000000
1183	-0.0000001
1184	-0.0000307
1185	-0.0002462
1186	-0.0006175
1187	-0.0008096
1188	-0.0009721
1189	-0.0010373
1190	-0.0011184
1191	-0.0010955
1192	-0.0009881
1193	-0.0008170
1194	-0.0005275
1195	-0.0002715
1196	-0.0000837
1197	-0.0000061
1198	-0.0000010
1199	-0.0000000
1200	0.0000000
1201	0.0000000
1202	0.0000000
1203	0.0000000
1204	0.0000000
1205	-0.0000000
1206	-0.0000001
1207	-0.0000072
1208	-0.0001179
1209	-0.0004348
1210	-0.0006422
1211	-0.0008327
1212	-0.0009693
1213	-0.0010807
1214	-0.0011314
1215	-0.0010286
1216	-0.0009650
1217	-0.0006014
1218	-0.0003808
1219	-0.0002903
1220	-0.0001069
1221	-0.0000049
1222	-0.0000046
1223	-0.0000043
1224	-0.0000000
1225	0.0000000
1226	0.0000000
1227	0.0000000
1228	0.0000000
1229	0.0000000
1230	-0.0000000
1231	-0.0000051
1232	-0.0000185
1233	-0.0000850
1234	-0.0001140
1235	-0.0005143
1236	-0.0007431
1237	-0.0006804
1238	-0.0009487
1239	-0.0009161
1240	-0.0008684
1241	-0.0007102
1242	-0.0005768
1243	-0.0003794
1244	-0.0001175
1245	-0.0000078
1246	-0.0000020
1247	0.0000000
1248	0.0000000
1249	0.0000000
1250	0.0000000
1251	0.0000000
1252	0.0000000
1253	0.0000000
1254	0.0000000
1255	-0.0000002
1256	-0.0000414
1257	-0.0002812
1258	-0.0005751
1259	-0.0007314
1260	-0.0008529
1261	-0.0009005
1262	-0.0008449
1263	-0.0008661
1264	-0.0008400
1265	-0.0007387
1266	-0.0005654
1267	-0.0002973
1268	-0.0000551
1269	-0.0000022
1270	-0.0000022
1271	-0.0000022
1272	0.0000000
1273	0.0000000
1274	0.0000000
1275	0.0000000
1276	0.0000000
1277	0.0000000
1278	0.0000000
1279	-0.0000000
1280	-0.0000494
1281	-0.0002282
1282	-0.0005001
1283	-0.0006565
1284	-0.0007374
1285	-0.0007075
1286	-0.0007133
1287	-0.0006107
1288	-0.0007038
1289	-0.0005775
1290	-0.0004948
1291	-0.0002478
1292	-0.0000574
1293	-0.0000019
1294	-0.0000012
1295	-0.0000010
1296	0.0000000
1297	0.0000000
1298	0.0000000
1299	0.0000000
1300	0.0000000
1301	0.0000000
1302	-0.0000000
1303	-0.0000000
1304	-0.0000001
1305	-0.0000348
1306	-0.0001042
1307	-0.0001769
1308	-0.0003336
1309	-0.0001846
1310	-0.0000900
1311	-0.0001348
1312	-0.0001290
1313	-0.0001303
1314	-0.0001302
1315	-0.0000389
1316	-0.0000156
1317	-0.0000000
1318	0.0000000
1319	0.0000000
1320	0.0000000
1321	0.0000000
1322	0.0000000
1323	0.0000000
1324	0.0000000
1325	0.0000000
1326	-0.0000000
1327	-0.0000008
1328	-0.0000133
1329	-0.0001408
1330	-0.0002727
1331	-0.0005277
1332	-0.0005097
1333	-0.0006329
1334	-0.0004821
1335	-0.0000902
1336	-0.0002183
1337	-0.0005272
1338	-0.0003352
1339	-0.0001647
1340	-0.0000250
1341	-0.0000003
1342	0.0000000
1343	0.0000000
1344	0.0000000
1345	0.0000000
1346	0.0000000
1347	0.0000000
1348	0.0000000
1349	0.0000000
1350	-0.0000002
1351	-0.0000049
1352	-0.0000009
1353	-0.0000034
1354	-0.0000229
1355	-0.0000805
1356	-0.0000494
1357	-0.0000023
1358	0.0000000
1359	0.0000000
1360	-0.0000114
1361	-0.0000774
1362	-0.0001969
1363	-0.0001049
1364	-0.0000060
1365	-0.0000005
1366	-0.0000006
1367	0.0000000
1368	0.0000000
1369	0.0000000
1370	0.0000000
1371	0.0000000
1372	0.0000000
1373	-0.0000000
1374	-0.0000002
1375	-0.0000059
1376	-0.0000169
1377	-0.0000764
1378	-0.0003047
1379	-0.0005454
1380	-0.0003997
1381	-0.0005907
1382	-0.0002476
1383	-0.0006137
1384	-0.0007245
1385	-0.0006801
1386	-0.0004852
1387	-0.0002343
1388	-0.0000049
1389	0.0000000
1390	0.0000000
1391	0.0000000
1392	0.0000000
1393	0.0000000
1394	0.0000000
1395	0.0000000
1396	0.0000000
1397	-0.0000000
1398	-0.0000000
1399	-0.0000068
1400	-0.0000529
1401	-0.0003493
1402	-0.0006246
1403	-0.0008504
1404	-0.0008938
1405	-0.0008962
1406	-0.0006798
1407	-0.0007763
1408	-0.0007879
1409	-0.0007233
1410	-0.0005263
1411	-0.0002842
1412	-0.0000571
1413	-0.0000019
1414	-0.0000007
1415	0.0000000
1416	0.0000000
1417	0.0000000
1418	0.0000000
1419	0.0000000
1420	0.0000000
1421	0.0000000
1422	-0.0000000
1423	-0.0000022
1424	-0.0000818
1425	-0.0003927
1426	-0.0005847
1427	-0.0006945
1428	-0.0007271
1429	-0.0007183
1430	-0.0007408
1431	-0.0000006
1432	0.0000000
1433	-0.0000778
1434	-0.0004716
1435	-0.0003285
1436	-0.0000863
1437	-0.0000026
1438	-0.0000020
1439	-0.0000019
1440	0.0000000
1441	0.0000000
1442	0.0000000
1443	0.0000000
1444	0.0000000
1445	0.0000000
1446	-0.0000000
1447	-0.0000007
1448	-0.0000258
1449	-0.0001941
1450	-0.0005486
1451	-0.0006515
1452	-0.0007271
1453	-0.0007007
1454	-0.0007847
1455	-0.0007555
1456	-0.0006843
1457	-0.0006031
1458	-0.0004818
1459	-0.0002999
1460	-0.0000579
1461	-0.0000024
1462	-0.0000016
1463	-0.0000013
1464	0.0000000
1465	0.0000000
1466	0.0000000
1467	0.0000000
1468	0.0000000
1469	0.0000000
1470	-0.0000000
1471	-0.0000006
1472	-0.0000287
1473	-0.0001832
1474	-0.0004738
1475	-0.0006045
1476	-0.0007439
1477	-0.0008446
1478	-0.0008726
1479	-0.0009019
1480	-0.0007390
1481	-0.0004929
1482	-0.0004148
1483	-0.0001398
1484	-0.0000190
1485	-0.0000012
1486	-0.0000018
1487	-0.0000000
1488	0.0000000
1489	0.0000000
1490	0.0000000
1491	0.0000000
1492	0.0000000
1493	0.0000000
1494	0.0000000
1495	0.0000000
1496	0.0000000
1497	-0.0000055
1498	-0.0001241
1499	-0.0004428
1500	-0.0004643
1501	-0.0007384
1502	-0.0008957
1503	-0.0008409
1504	-0.0007729
1505	-0.0006475
1506	-0.0004562
1507	-0.0001853
1508	-0.0000203
1509	-0.0000001
1510	0.0000000
1511	0.0000000
1512	0.0000000
1513	0.0000000
1514	0.0000000
1515	0.0000000
1516	0.0000000
1517	0.0000000
1518	0.0000000
1519	-0.0000000
1520	-0.0000001
1521	0.0000000
1522	0.0000000
1523	0.0000000
1524	-0.0000059
1525	-0.0002396
1526	-0.0006927
1527	-0.0007454
1528	-0.0005851
1529	-0.0005267
1530	-0.0003776
1531	-0.0001733
1532	-0.0000193
1533	-0.0000003
1534	0.0000000
1535	0.0000000
1536	0.0000000
1537	0.0000000
1538	0.0000000
1539	0.0000000
1540	0.0000000
1541	0.0000000
1542	-0.0000000
1543	-0.0000024
1544	-0.0000317
1545	-0.0001609
1546	-0.0004825
1547	-0.0007070
1548	-0.0008611
1549	-0.0009513
1550	-0.0009475
1551	-0.0009042
1552	-0.0007806
1553	-0.0005299
1554	-0.0002577
1555	-0.0000896
1556	-0.0000026
1557	-0.0000006
1558	0.0000000
1559	0.0000000
1560	0.0000000
1561	0.0000000
1562	0.0000000
1563	0.0000000
1564	0.0000000
1565	0.0000000
1566	0.0000000
1567	-0.0000022
1568	-0.0000405
1569	-0.0001859
1570	-0.0004670
1571	-0.0007132
1572	-0.0005217
1573	-0.0002895
1574	-0.0002911
1575	-0.0002594
1576	-0.0001897
1577	-0.0001049
1578	-0.0000528
1579	-0.0000216
1580	-0.0000004
1581	-0.0000000
1582	-0.0000000
1583	0.0000000
1584	0.0000000
1585	0.0000000
1586	0.0000000
1587	0.0000000
1588	0.0000000
1589	0.0000000
1590	-0.0000000
1591	-0.0000027
1592	-0.0000179
1593	-0.0000838
1594	-0.0003383
1595	-0.0006583
1596	-0.0008311
1597	-0.0009187
1598	-0.0009459
1599	-0.0008806
1600	-0.0007443
1601	-0.0007110
1602	-0.0004102
1603	-0.0001590
1604	-0.0000271
1605	-0.0000005
1606	-0.0000000
1607	0.0000000
1608	0.0000000
1609	0.0000000
1610	0.0000000
1611	0.0000000
1612	0.0000000
1613	0.0000000
1614	-0.0000000
1615	-0.0000006
1616	-0.0000572
1617	-0.0002815
1618	-0.0005361
1619	-0.0007186
1620	-0.0008576
1621	-0.0009287
1622	-0.0006037
1623	-0.0005230
1624	-0.0007021
1625	-0.0005912
1626	-0.0003906
1627	-0.0001946
1628	-0.0000176
1629	-0.0000026
1630	-0.0000020
1631	-0.0000012
1632	-0.0000000
1633	0.0000000
1634	0.0000000
1635	0.0000000
1636	0.0000000
1637	0.0000000
1638	0.0000000
1639	0.0000000
1640	-0.0000012
1641	-0.0000001
1642	0.0000000
1643	-0.0000483
1644	-0.0004865
1645	-0.0007970
1646	-0.0008390
1647	-0.0007606
1648	-0.0008013
1649	-0.0006982
1650	-0.0004942
1651	-0.0002072
1652	-0.0000393
1653	-0.0000008
1654	-0.0000005
1655	-0.0000001
1656	0.0000000
1657	0.0000000
1658	0.0000000
1659	0.0000000
1660	0.0000000
1661	0.0000000
1662	0.0000000
1663	-0.0000001
1664	-0.0000174
1665	-0.0002556
1666	-0.0005731
1667	-0.0006785
1668	-0.0008528
1669	-0.0008715
1670	-0.0008713
1671	-0.0005987
1672	-0.0004847
1673	-0.0003905
1674	-0.0003067
1675	-0.0001602
1676	-0.0000194
1677	-0.0000026
1678	-0.0000002
1679	0.0000000
1680	0.0000000
1681	0.0000000
1682	0.0000000
1683	0.0000000
1684	0.0000000
1685	0.0000000
1686	-0.0000000
1687	-0.0000075
1688	-0.0001736
1689	-0.0003506
1690	-0.0004571
1691	-0.0004641
1692	-0.0005629
1693	-0.0005164
1694	-0.0005935
1695	-0.0006698
1696	-0.0005608
1697	-0.0006131
1698	-0.0004771
1699	-0.0000040
1700	0.0000000
1701	0.0000000
1702	0.0000000
1703	0.0000000
1704	0.0000000
1705	0.0000000
1706	0.0000000
1707	0.0000000
1708	0.0000000
1709	-0.0000000
1710	-0.0000000
1711	-0.0000034
1712	-0.0000791
1713	-0.0003794
1714	-0.0005300
1715	-0.0005900
1716	-0.0006068
1717	-0.0005625
1718	-0.0006070
1719	-0.0005658
1720	-0.0004779
1721	-0.0004692
1722	-0.0003717
1723	-0.0001182
1724	-0.0000224
1725	-0.0000013
1726	-0.0000012
1727	-0.0000013
1728	-0.0000000
1729	0.0000000
1730	0.0000000
1731	0.0000000
1732	0.0000000
1733	0.0000000
1734	-0.0000000
1735	-0.0000008
1736	-0.0000235
1737	-0.0002414
1738	-0.0004785
1739	-0.0006160
1740	-0.0007329
1741	-0.0007936
1742	-0.0008408
1743	-0.0007532
1744	-0.0006034
1745	-0.0005107
1746	-0.0003535
1747	-0.0000829
1748	-0.0000058
1749	-0.0000004
1750	-0.0000004
1751	-0.0000004
1752	0.0000000
1753	0.0000000
1754	0.0000000
1755	0.0000000
1756	0.0000000
1757	0.0000000
1758	0.0000000
1759	0.0000000
1760	-0.0000002
1761	-0.0000051
1762	-0.0000418
1763	-0.0003083
1764	-0.0005834
1765	-0.0006949
1766	-0.0007429
1767	-0.0007292
1768	-0.0006547
1769	-0.0005418
1770	-0.0002884
1771	-0.0000672
1772	-0.0000167
1773	-0.0000005
1774	-0.0000000
1775	-0.0000003
1776	0.0000000
1777	0.0000000
1778	0.0000000
1779	0.0000000
1780	0.0000000
1781	0.0000000
1782	0.0000000
1783	-0.0000003
1784	-0.0000060
1785	-0.0000237
1786	-0.0000002
1787	-0.0000004
1788	-0.0000861
1789	-0.0003922
1790	-0.0005035
1791	-0.0004845
1792	-0.0002965
1793	-0.0003751
1794	-0.0002338
1795	-0.0000408
1796	-0.0000012
1797	-0.0000000
1798	0.0000000
1799	0.0000000
1800	0.0000000
1801	0.0000000
1802	0.0000000
1803	0.0000000
1804	0.0000000
1805	0.0000000
1806	0.0000000
1807	-0.0000000
1808	-0.0000022
1809	-0.0000298
1810	-0.0000809
1811	-0.0001528
1812	-0.0001884
1813	-0.0000617
1814	-0.0000624
1815	-0.0001680
1816	-0.0002874
1817	-0.0003543
1818	-0.0002209
1819	-0.0000518
1820	-0.0000045
1821	-0.0000011
1822	-0.0000008
1823	0.0000000
1824	0.0000000
1825	0.0000000
1826	0.0000000
1827	0.0000000
1828	0.0000000
1829	-0.0000000
1830	-0.0000000
1831	-0.0000008
1832	-0.0000116
1833	-0.0000700
1834	-0.0001785
1835	-0.0003941
1836	-0.0005565
1837	-0.0006608
1838	-0.0007119
1839	-0.0007279
1840	-0.0006423
1841	-0.0004593
1842	-0.0001836
1843	-0.0000472
1844	-0.0000061
1845	-0.0000011
1846	-0.0000012
1847	-0.0000008
1848	0.0000000
1849	0.0000000
1850	0.0000000
1851	0.0000000
1852	0.0000000
1853	0.0000000
1854	0.0000000
1855	-0.0000001
1856	-0.0000106
1857	-0.0000401
1858	-0.0001088
1859	-0.0002290
1860	-0.0002284
1861	-0.0002304
1862	-0.0002502
1863	-0.0002374
1864	-0.0002363
1865	-0.0002018
1866	-0.0001101
1867	-0.0000375
1868	-0.0000037
1869	-0.0000010
1870	-0.0000013
1871	-0.0000013
1872	0.0000000
1873	0.0000000
1874	0.0000000
1875	0.0000000
1876	0.0000000
1877	0.0000000
1878	0.0000000
1879	-0.0000001
1880	-0.0000029
1881	-0.0000409
1882	-0.0001900
1883	-0.0004272
1884	-0.0004403
1885	-0.0005410
1886	-0.0006789
1887	-0.0007259
1888	-0.0005530
1889	-0.0005387
1890	-0.0003109
1891	-0.0000624
1892	-0.0000029
1893	-0.0000003
1894	-0.0000018
1895	-0.0000000
1896	0.0000000
1897	0.0000000
1898	0.0000000
1899	0.0000000
1900	0.0000000
1901	-0.0000000
1902	-0.0000000
1903	-0.0000038
1904	-0.0000634
1905	-0.0002357
1906	-0.0003743
1907	-0.0004366
1908	-0.0004580
1909	-0.0004728
1910	-0.0005325
1911	-0.0003729
1912	-0.0003373
1913	-0.0002938
1914	-0.0002439
1915	-0.0000782
1916	-0.0000084
1917	-0.0000020
1918	-0.0000014
1919	-0.0000009
1920	0.0000000
1921	0.0000000
1922	0.0000000
1923	0.0000000
1924	0.0000000
1925	0.0000000
1926	0.0000000
1927	-0.0000000
1928	-0.0000030
1929	-0.0001077
1930	-0.0003725
1931	-0.0004748
1932	-0.0004758
1933	-0.0006445
1934	-0.0007144
1935	-0.0007026
1936	-0.0006244
1937	-0.0005279
1938	-0.0003154
1939	-0.0001044
1940	-0.0000193
1941	-0.0000015
1942	-0.0000013
1943	-0.0000005
1944	0.0000000
1945	0.0000000
1946	0.0000000
1947	0.0000000
1948	0.0000000
1949	0.0000000
1950	-0.0000000
1951	-0.0000006
1952	-0.0000152
1953	-0.0002195
1954	-0.0004568
1955	-0.0006021
1956	-0.0006862
1957	-0.0008001
1958	-0.0008543
1959	-0.0008383
1960	-0.0007669
1961	-0.0006245
1962	-0.0003886
1963	-0.0001141
1964	-0.0000113
1965	-0.0000013
1966	-0.0000018
1967	-0.0000000
1968	0.0000000
1969	0.0000000
1970	0.0000000
1971	0.0000000
1972	0.0000000
1973	-0.0000000
1974	-0.0000000
1975	-0.0000022
1976	-0.0000553
1977	-0.0003488
1978	-0.0005821
1979	-0.0007823
1980	-0.0009442
1981	-0.0009877
1982	-0.0010006
1983	-0.0009666
1984	-0.0008919
1985	-0.0006921
1986	-0.0004242
1987	-0.0001555
1988	-0.0000095
1989	-0.0000012
1990	-0.0000000
