TIME_UNITS h
DATA_UNITS kg/s
0	-0.0000029
1	-0.0000076
2	-0.0000091
3	-0.0000044
4	-0.0000028
5	-0.0000011
6	-0.0000135
7	-0.0001822
8	-0.0011146
9	-0.0023091
10	-0.0036813
11	-0.0050943
12	-0.0056253
13	-0.0060359
14	-0.0064385
15	-0.0065823
16	-0.0064346
17	-0.0058190
18	-0.0047525
19	-0.0030047
20	-0.0010392
21	-0.0001169
22	-0.0000114
23	-0.0000053
24	-0.0000059
25	-0.0000042
26	-0.0000018
27	-0.0000018
28	0.0000000
29	0.0000000
30	0.0000000
31	0.0000000
32	-0.0008312
33	-0.0026904
34	-0.0047255
35	-0.0062353
36	-0.0068785
37	-0.0072075
38	-0.0065325
39	-0.0051910
40	-0.0044477
41	-0.0018714
42	-0.0008979
43	-0.0006572
44	-0.0001705
45	-0.0000007
46	0.0000000
47	0.0000000
48	0.0000000
49	0.0000000
50	0.0000000
51	0.0000000
52	0.0000000
53	0.0000000
54	0.0000000
55	0.0000000
56	0.0000000
57	-0.0000002
58	-0.0000448
59	-0.0006187
60	-0.0041131
61	-0.0044158
62	-0.0063944
63	-0.0063622
64	-0.0000054
65	0.0000000
66	-0.0001116
67	-0.0005028
68	-0.0001630
69	-0.0000058
70	-0.0000001
71	-0.0000044
72	-0.0000027
73	-0.0000033
74	-0.0000010
75	-0.0000003
76	-0.0000029
77	-0.0000027
78	-0.0000789
79	-0.0006217
80	-0.0006625
81	-0.0012505
82	-0.0021375
83	-0.0027202
84	-0.0029069
85	-0.0041010
86	-0.0050939
87	-0.0053576
88	-0.0043075
89	-0.0041486
90	-0.0030062
91	-0.0013356
92	-0.0004417
93	-0.0000375
94	-0.0000071
95	0.0000000
96	0.0000000
97	0.0000000
98	0.0000000
99	0.0000000
100	0.0000000
101	0.0000000
102	0.0000000
103	-0.0001173
104	-0.0010872
105	-0.0034098
106	-0.0049836
107	-0.0066004
108	-0.0062885
109	-0.0055871
110	-0.0039875
111	-0.0000163
112	0.0000000
113	-0.0000333
114	-0.0002239
115	-0.0000005
116	-0.0000000
117	0.0000000
118	0.0000000
119	0.0000000
120	0.0000000
121	-0.0000000
122	0.0000000
123	-0.0000002
124	-0.0000007
125	-0.0000005
126	-0.0000037
127	0.0000000
128	-0.0000455
129	-0.0003247
130	-0.0006799
131	-0.0009586
132	-0.0013334
133	-0.0013248
134	-0.0011779
135	-0.0010992
136	-0.0018481
137	-0.0023002
138	-0.0020715
139	-0.0015245
140	-0.0002743
141	-0.0000077
142	0.0000000
143	0.0000000
144	0.0000000
145	0.0000000
146	-0.0000000
147	-0.0000001
148	-0.0000003
149	0.0000000
150	-0.0000010
151	-0.0001573
152	-0.0006836
153	-0.0031992
154	-0.0055992
155	-0.0061936
156	-0.0082030
157	-0.0054315
158	-0.0058172
159	-0.0048459
160	-0.0031121
161	-0.0027992
162	-0.0025607
163	-0.0011855
164	-0.0004605
165	-0.0000801
166	-0.0000172
167	-0.0000132
168	0.0000000
169	0.0000000
170	0.0000000
171	0.0000000
172	-0.0000000
173	-0.0000001
174	-0.0000200
175	-0.0001444
176	-0.0005309
177	-0.0010182
178	-0.0011066
179	-0.0021634
180	-0.0040437
181	-0.0044820
182	-0.0043648
183	-0.0037064
184	-0.0014560
185	-0.0017443
186	-0.0022079
187	-0.0015877
188	-0.0003189
189	-0.0000011
190	0.0000000
191	0.0000000
192	0.0000000
193	0.0000000
194	0.0000000
195	0.0000000
196	0.0000000
197	-0.0000000
198	-0.0000004
199	-0.0000736
200	-0.0004104
201	-0.0011444
202	-0.0018141
203	-0.0030750
204	-0.0037407
205	-0.0032322
206	-0.0030690
207	-0.0031936
208	-0.0011804
209	-0.0019546
210	-0.0016305
211	-0.0000236
212	-0.0000015
213	-0.0000000
214	-0.0000000
215	0.0000000
216	0.0000000
217	0.0000000
218	0.0000000
219	0.0000000
220	0.0000000
221	0.0000000
222	0.0000000
223	-0.0000003
224	-0.0000018
225	-0.0000099
226	-0.0000011
227	-0.0000031
228	-0.0000135
229	-0.0001759
230	-0.0005549
231	-0.0008993
232	-0.0015590
233	-0.0018808
234	-0.0013708
235	-0.0007545
236	-0.0001561
237	0.0000000
238	0.0000000
239	0.0000000
240	0.0000000
241	0.0000000
242	0.0000000
243	0.0000000
244	0.0000000
245	0.0000000
246	0.0000000
247	-0.0000023
248	-0.0006544
249	-0.0026705
250	-0.0051404
251	-0.0064626
252	-0.0076291
253	-0.0085067
254	-0.0087448
255	-0.0085216
256	-0.0074181
257	-0.0066944
258	-0.0052834
259	-0.0033080
260	-0.0008245
261	-0.0000395
262	-0.0000046
263	0.0000000
264	0.0000000
265	0.0000000
266	0.0000000
267	0.0000000
268	0.0000000
269	-0.0000000
270	-0.0000005
271	-0.0000886
272	-0.0011471
273	-0.0020984
274	-0.0031870
275	-0.0056198
276	-0.0086349
277	-0.0090012
278	-0.0090683
279	-0.0093536
280	-0.0081753
281	-0.0075481
282	-0.0055995
283	-0.0026556
284	-0.0007545
285	-0.0001571
286	-0.0000490
287	-0.0000000
288	0.0000000
289	0.0000000
290	0.0000000
291	0.0000000
292	0.0000000
293	-0.0000001
294	-0.0000055
295	-0.0002885
296	-0.0026354
297	-0.0043681
298	-0.0065475
299	-0.0077827
300	-0.0084509
301	-0.0084437
302	-0.0072170
303	-0.0067809
304	-0.0072298
305	-0.0035496
306	-0.0041365
307	-0.0021427
308	-0.0006221
309	-0.0000168
310	0.0000000
311	0.0000000
312	0.0000000
313	0.0000000
314	0.0000000
315	0.0000000
316	0.0000000
317	0.0000000
318	0.0000000
319	-0.0000646
320	-0.0006425
321	-0.0023527
322	-0.0049695
323	-0.0066792
324	-0.0076687
325	-0.0083394
326	-0.0083397
327	-0.0082792
328	-0.0078385
329	-0.0065065
330	-0.0048636
331	-0.0026056
332	-0.0008025
333	-0.0000688
334	0.0000000
335	0.0000000
336	0.0000000
337	0.0000000
338	0.0000000
339	0.0000000
340	0.0000000
341	0.0000000
342	0.0000000
343	-0.0001137
344	-0.0009266
345	-0.0024184
346	-0.0044601
347	-0.0066109
348	-0.0080494
349	-0.0088153
350	-0.0090996
351	-0.0090137
352	-0.0083760
353	-0.0066215
354	-0.0036804
355	-0.0025030
356	-0.0007183
357	-0.0000780
358	-0.0000192
359	-0.0000001
360	0.0000000
361	0.0000000
362	0.0000000
363	0.0000000
364	0.0000000
365	0.0000000
366	0.0000000
367	0.0000000
368	0.0000000
369	-0.0000246
370	-0.0003945
371	-0.0024882
372	-0.0028609
373	-0.0028181
374	-0.0020338
375	-0.0035873
376	-0.0042669
377	-0.0046623
378	-0.0039848
379	-0.0022684
380	-0.0005184
381	-0.0000295
382	-0.0000048
383	-0.0000000
384	0.0000000
385	0.0000000
386	0.0000000
387	0.0000000
388	0.0000000
389	0.0000000
390	0.0000000
391	-0.0000450
392	-0.0003228
393	-0.0001543
394	-0.0002016
395	-0.0004414
396	-0.0010399
397	-0.0010314
398	-0.0003374
399	-0.0004173
400	-0.0017435
401	-0.0049517
402	-0.0043256
403	-0.0028437
404	-0.0006674
405	-0.0000258
406	-0.0000138
407	-0.0000011
408	0.0000000
409	0.0000000
410	0.0000000
411	0.0000000
412	0.0000000
413	0.0000000
414	0.0000000
415	-0.0000225
416	-0.0003923
417	-0.0012607
418	-0.0019145
419	-0.0024883
420	-0.0028110
421	-0.0033264
422	-0.0036875
423	-0.0046753
424	-0.0054047
425	-0.0048409
426	-0.0037314
427	-0.0027408
428	-0.0010460
429	-0.0000311
430	-0.0000037
431	-0.0000014
432	0.0000000
433	0.0000000
434	0.0000000
435	0.0000000
436	0.0000000
437	0.0000000
438	0.0000000
439	-0.0000012
440	-0.0000046
441	-0.0000374
442	-0.0000297
443	-0.0000001
444	0.0000000
445	0.0000000
446	-0.0008182
447	-0.0048944
448	-0.0020903
449	-0.0000045
450	0.0000000
451	0.0000000
452	0.0000000
453	-0.0000001
454	-0.0000001
455	-0.0000009
456	-0.0000020
457	0.0000000
458	0.0000000
459	0.0000000
460	0.0000000
461	0.0000000
462	-0.0000013
463	-0.0000473
464	-0.0002231
465	-0.0005694
466	-0.0012896
467	-0.0020358
468	-0.0018301
469	-0.0017516
470	-0.0025636
471	-0.0013313
472	-0.0032861
473	-0.0034377
474	-0.0030014
475	-0.0018930
476	-0.0002738
477	-0.0000001
478	0.0000000
479	-0.0000048
480	0.0000000
481	0.0000000
482	0.0000000
483	0.0000000
484	0.0000000
485	0.0000000
486	-0.0000014
487	-0.0000167
488	-0.0000267
489	-0.0000030
490	-0.0000247
491	-0.0004461
492	-0.0007948
493	-0.0020153
494	-0.0027410
495	-0.0027814
496	-0.0035013
497	-0.0035941
498	-0.0033463
499	-0.0023549
500	-0.0011816
501	-0.0001043
502	-0.0000017
503	-0.0000039
504	-0.0000112
505	-0.0000044
506	-0.0000112
507	-0.0000205
508	-0.0000258
509	-0.0000222
510	-0.0003845
511	-0.0007185
512	-0.0013418
513	-0.0000141
514	0.0000000
515	-0.0002694
516	-0.0015365
517	-0.0034107
518	-0.0043911
519	-0.0043641
520	-0.0039880
521	-0.0038896
522	-0.0039681
523	-0.0031111
524	-0.0016017
525	-0.0001622
526	-0.0000118
527	-0.0000000
528	0.0000000
529	0.0000000
530	0.0000000
531	0.0000000
532	0.0000000
533	0.0000000
534	-0.0000005
535	-0.0000114
536	-0.0005115
537	-0.0025047
538	-0.0032209
539	-0.0035922
540	-0.0030934
541	-0.0043654
542	-0.0051494
543	-0.0050705
544	-0.0044458
545	-0.0039049
546	-0.0034975
547	-0.0026756
548	-0.0013167
549	-0.0001735
550	-0.0000157
551	-0.0000000
552	0.0000000
553	0.0000000
554	0.0000000
555	0.0000000
556	0.0000000
557	0.0000000
558	-0.0000000
559	-0.0000147
560	-0.0006675
561	-0.0028571
562	-0.0040296
563	-0.0039673
564	-0.0045492
565	-0.0057170
566	-0.0061649
567	-0.0064678
568	-0.0063460
569	-0.0057282
570	-0.0047818
571	-0.0034451
572	-0.0012551
573	-0.0002547
574	-0.0000000
575	0.0000000
576	0.0000000
577	0.0000000
578	0.0000000
579	0.0000000
580	-0.0000000
581	-0.0000000
582	-0.0000008
583	-0.0000403
584	-0.0007384
585	-0.0033293
586	-0.0051011
587	-0.0065111
588	-0.0077258
589	-0.0081914
590	-0.0082000
591	-0.0080823
592	-0.0069471
593	-0.0062823
594	-0.0049412
595	-0.0036141
596	-0.0008889
597	-0.0000862
598	-0.0000167
599	0.0000000
600	0.0000000
601	0.0000000
602	0.0000000
603	0.0000000
604	0.0000000
605	-0.0000000
606	-0.0000063
607	-0.0001746
608	-0.0018425
609	-0.0049857
610	-0.0066558
611	-0.0079357
612	-0.0089049
613	-0.0095788
614	-0.0100078
615	-0.0099611
616	-0.0095273
617	-0.0080453
618	-0.0055469
619	-0.0029942
620	-0.0009285
621	-0.0001925
622	-0.0000308
623	-0.0000427
624	-0.0000000
625	0.0000000
626	0.0000000
627	0.0000000
628	0.0000000
629	0.0000000
630	-0.0000018
631	-0.0000930
632	-0.0024943
633	-0.0057802
634	-0.0073863
635	-0.0089085
636	-0.0097315
637	-0.0101917
638	-0.0102666
639	-0.0104853
640	-0.0103100
641	-0.0088509
642	-0.0056351
643	-0.0033477
644	-0.0012015
645	-0.0002554
646	-0.0000550
647	-0.0000625
648	-0.0000000
649	0.0000000
650	0.0000000
651	0.0000000
652	0.0000000
653	-0.0000001
654	-0.0000052
655	-0.0002554
656	-0.0027006
657	-0.0060752
658	-0.0080191
659	-0.0087577
660	-0.0099967
661	-0.0112240
662	-0.0113023
663	-0.0109170
664	-0.0112532
665	-0.0096678
666	-0.0069207
667	-0.0047092
668	-0.0014235
669	-0.0001731
670	-0.0000564
671	-0.0000402
672	-0.0000000
673	0.0000000
674	0.0000000
675	0.0000000
676	0.0000000
677	0.0000000
678	0.0000000
679	-0.0000024
680	-0.0000019
681	-0.0000037
682	-0.0001705
683	-0.0014153
684	-0.0001596
685	-0.0004362
686	-0.0015741
687	-0.0027604
688	-0.0040151
689	-0.0029895
690	-0.0018252
691	-0.0007503
692	-0.0000788
693	-0.0000461
694	-0.0000000
695	0.0000000
696	0.0000000
697	0.0000000
698	0.0000000
699	0.0000000
700	-0.0000002
701	-0.0000002
702	-0.0000006
703	-0.0000026
704	-0.0005754
705	-0.0018210
706	-0.0019203
707	-0.0043098
708	-0.0049378
709	-0.0056327
710	-0.0042758
711	-0.0048786
712	-0.0063352
713	-0.0055180
714	-0.0041858
715	-0.0014340
716	-0.0001872
717	-0.0000228
718	-0.0000097
719	0.0000000
720	0.0000000
721	0.0000000
722	0.0000000
723	0.0000000
724	0.0000000
725	0.0000000
726	-0.0000014
727	-0.0000579
728	-0.0007839
729	-0.0016776
730	-0.0030197
731	-0.0065015
732	-0.0081247
733	-0.0083313
734	-0.0060811
735	-0.0062390
736	-0.0084654
737	-0.0067101
738	-0.0049408
739	-0.0024501
740	-0.0003187
741	-0.0000520
742	-0.0000131
743	0.0000000
744	0.0000000
745	0.0000000
746	0.0000000
747	0.0000000
748	0.0000000
749	-0.0000001
750	-0.0000010
751	-0.0000149
752	-0.0000600
753	-0.0000053
754	-0.0000059
755	-0.0009755
756	-0.0027402
757	-0.0043774
758	-0.0050213
759	-0.0060900
760	-0.0062483
761	-0.0067834
762	-0.0051225
763	-0.0031897
764	-0.0010893
765	-0.0000335
766	-0.0000157
767	0.0000000
768	0.0000000
769	0.0000000
770	0.0000000
771	0.0000000
772	0.0000000
773	0.0000000
774	0.0000000
775	-0.0000105
776	-0.0004880
777	-0.0016842
778	-0.0041875
779	-0.0063494
780	-0.0081104
781	-0.0079927
782	-0.0081464
783	-0.0084057
784	-0.0080229
785	-0.0077991
786	-0.0059171
787	-0.0035375
788	-0.0008211
789	-0.0001750
790	-0.0000222
791	0.0000000
792	0.0000000
793	0.0000000
794	0.0000000
795	0.0000000
796	0.0000000
797	0.0000000
798	0.0000000
799	-0.0000001
800	-0.0006982
801	-0.0032494
802	-0.0061511
803	-0.0080237
804	-0.0094505
805	-0.0099120
806	-0.0102251
807	-0.0100138
808	-0.0093319
809	-0.0078749
810	-0.0055461
811	-0.0020936
812	-0.0000502
813	-0.0000217
814	-0.0000214
815	-0.0000203
816	0.0000000
817	0.0000000
818	0.0000000
819	0.0000000
820	0.0000000
821	0.0000000
822	-0.0000005
823	-0.0000640
824	-0.0010973
825	-0.0050481
826	-0.0068631
827	-0.0082881
828	-0.0096260
829	-0.0105886
830	-0.0108651
831	-0.0105229
832	-0.0089447
833	-0.0063974
834	-0.0035686
835	-0.0014307
836	-0.0007172
837	-0.0000380
838	-0.0000091
839	-0.0000003
840	0.0000000
841	0.0000000
842	0.0000000
843	0.0000000
844	0.0000000
845	0.0000000
846	0.0000000
847	-0.0000891
848	-0.0004592
849	-0.0014919
850	-0.0042692
851	-0.0063877
852	-0.0075745
853	-0.0070422
854	-0.0065035
855	-0.0056587
856	-0.0064316
857	-0.0068750
858	-0.0057732
859	-0.0043472
860	-0.0018539
861	-0.0001578
862	-0.0000000
863	0.0000000
864	0.0000000
865	0.0000000
866	0.0000000
867	0.0000000
868	0.0000000
869	-0.0000000
870	-0.0000033
871	-0.0000320
872	-0.0001889
873	-0.0021293
874	-0.0050712
875	-0.0071979
876	-0.0090712
877	-0.0095530
878	-0.0097890
879	-0.0096274
880	-0.0090858
881	-0.0071593
882	-0.0040612
883	-0.0032807
884	-0.0004763
885	-0.0000461
886	-0.0000075
887	-0.0000056
888	0.0000000
889	0.0000000
890	0.0000000
891	0.0000000
892	0.0000000
893	0.0000000
894	0.0000000
895	0.0000000
896	-0.0003700
897	-0.0028420
898	-0.0063030
899	-0.0078318
900	-0.0093713
901	-0.0100738
902	-0.0106312
903	-0.0103113
904	-0.0069071
905	-0.0041246
906	-0.0035505
907	-0.0022539
908	-0.0002366
909	-0.0001461
910	-0.0000439
911	-0.0000395
912	-0.0000000
913	0.0000000
914	0.0000000
915	0.0000000
916	0.0000000
917	0.0000000
918	0.0000000
919	-0.0000043
920	-0.0001534
921	-0.0000628
922	-0.0003923
923	-0.0016933
924	-0.0000959
925	-0.0000785
926	-0.0009792
927	-0.0033508
928	-0.0049423
929	-0.0063572
930	-0.0054125
931	-0.0034265
932	-0.0009814
933	-0.0000844
934	-0.0000165
935	-0.0000105
936	0.0000000
937	0.0000000
938	0.0000000
939	0.0000000
940	0.0000000
941	0.0000000
942	-0.0000002
943	-0.0000265
944	-0.0007108
945	-0.0042088
946	-0.0059153
947	-0.0075346
948	-0.0087679
949	-0.0089275
950	-0.0092095
951	-0.0092913
952	-0.0087503
953	-0.0076146
954	-0.0060885
955	-0.0032414
956	-0.0012203
957	-0.0000968
958	-0.0000238
959	-0.0000142
960	-0.0000000
961	0.0000000
962	0.0000000
963	0.0000000
964	0.0000000
965	0.0000000
966	-0.0000000
967	-0.0000262
968	-0.0009173
969	-0.0044729
970	-0.0062385
971	-0.0074422
972	-0.0075393
973	-0.0063858
974	-0.0071301
975	-0.0077198
976	-0.0070032
977	-0.0064218
978	-0.0048173
979	-0.0030417
980	-0.0005094
981	-0.0000462
982	-0.0000060
983	-0.0000017
984	0.0000000
985	0.0000000
986	0.0000000
987	0.0000000
988	0.0000000
989	0.0000000
990	0.0000000
991	0.0000000
992	-0.0000002
993	-0.0002504
994	-0.0006762
995	-0.0004235
996	-0.0002562
997	-0.0003831
998	-0.0019917
999	-0.0021160
1000	-0.0008838
1001	-0.0001962
1002	-0.0000351
1003	-0.0000169
1004	-0.0000014
1005	0.0000000
1006	0.0000000
1007	0.0000000
1008	0.0000000
1009	0.0000000
1010	0.0000000
1011	0.0000000
1012	0.0000000
1013	0.0000000
1014	0.0000000
1015	-0.0000110
1016	-0.0001363
1017	-0.0009581
1018	-0.0043094
1019	-0.0056043
1020	-0.0072380
1021	-0.0072975
1022	-0.0071867
1023	-0.0075154
1024	-0.0064855
1025	-0.0040548
1026	-0.0020315
1027	-0.0006719
1028	-0.0002628
1029	-0.0000114
1030	0.0000000
1031	0.0000000
1032	0.0000000
1033	0.0000000
1034	0.0000000
1035	0.0000000
1036	0.0000000
1037	0.0000000
1038	0.0000000
1039	-0.0000024
1040	-0.0002470
1041	-0.0016274
1042	-0.0046798
1043	-0.0067712
1044	-0.0022699
1045	-0.0066640
1046	-0.0062805
1047	-0.0057778
1048	-0.0039152
1049	-0.0040389
1050	-0.0031193
1051	-0.0011709
1052	-0.0002540
1053	-0.0000014
1054	-0.0000001
1055	-0.0000002
1056	0.0000000
1057	0.0000000
1058	0.0000000
1059	0.0000000
1060	0.0000000
1061	0.0000000
1062	-0.0000003
1063	-0.0000530
1064	-0.0004649
1065	-0.0018386
1066	-0.0054083
1067	-0.0070755
1068	-0.0075369
1069	-0.0086253
1070	-0.0089248
1071	-0.0088203
1072	-0.0084214
1073	-0.0071832
1074	-0.0055954
1075	-0.0030784
1076	-0.0009600
1077	-0.0000647
1078	-0.0000028
1079	0.0000000
1080	0.0000000
1081	0.0000000
1082	0.0000000
1083	0.0000000
1084	0.0000000
1085	0.0000000
1086	0.0000000
1087	-0.0000085
1088	-0.0003441
1089	-0.0008462
1090	-0.0013713
1091	-0.0021756
1092	-0.0017126
1093	-0.0032649
1094	-0.0038236
1095	-0.0029088
1096	-0.0026707
1097	-0.0012039
1098	-0.0000666
1099	-0.0000067
1100	0.0000000
1101	0.0000000
1102	0.0000000
1103	0.0000000
1104	0.0000000
1105	0.0000000
1106	0.0000000
1107	0.0000000
1108	0.0000000
1109	0.0000000
1110	-0.0000001
1111	-0.0000187
1112	-0.0001895
1113	-0.0005886
1114	-0.0009252
1115	-0.0020525
1116	-0.0027034
1117	-0.0019331
1118	-0.0031621
1119	-0.0061651
1120	-0.0064431
1121	-0.0049198
1122	-0.0026012
1123	-0.0016962
1124	-0.0000789
1125	-0.0000414
1126	-0.0000000
1127	0.0000000
1128	0.0000000
1129	0.0000000
1130	0.0000000
1131	0.0000000
1132	0.0000000
1133	0.0000000
1134	0.0000000
1135	-0.0000042
1136	-0.0000519
1137	-0.0012218
1138	-0.0030006
1139	-0.0029350
1140	-0.0014526
1141	-0.0029307
1142	-0.0032900
1143	-0.0026295
1144	-0.0030171
1145	-0.0000588
1146	-0.0000881
1147	-0.0000830
1148	-0.0000051
1149	0.0000000
1150	0.0000000
1151	-0.0000011
1152	0.0000000
1153	0.0000000
1154	0.0000000
1155	0.0000000
1156	0.0000000
1157	0.0000000
1158	0.0000000
1159	-0.0000245
1160	-0.0002915
1161	-0.0014624
1162	-0.0040805
1163	-0.0066574
1164	-0.0079278
1165	-0.0088381
1166	-0.0090394
1167	-0.0086097
1168	-0.0082173
1169	-0.0070613
1170	-0.0053015
1171	-0.0031740
1172	-0.0008924
1173	-0.0000074
1174	0.0000000
1175	0.0000000
1176	0.0000000
1177	0.0000000
1178	0.0000000
1179	0.0000000
1180	0.0000000
1181	0.0000000
1182	0.0000000
1183	-0.0000013
1184	-0.0002873
1185	-0.0023055
1186	-0.0057825
1187	-0.0075810
1188	-0.0091032
1189	-0.0097133
1190	-0.0104731
1191	-0.0102586
1192	-0.0092534
1193	-0.0076508
1194	-0.0049397
1195	-0.0025429
1196	-0.0007834
1197	-0.0000571
1198	-0.0000097
1199	-0.0000000
1200	0.0000000
1201	0.0000000
1202	0.0000000
1203	0.0000000
1204	0.0000000
1205	-0.0000000
1206	-0.0000012
1207	-0.0000673
1208	-0.0011039
1209	-0.0040716
1210	-0.0060138
1211	-0.0077976
1212	-0.0090773
1213	-0.0101205
1214	-0.0105954
1215	-0.0096322
1216	-0.0090365
1217	-0.0056317
1218	-0.0035663
1219	-0.0027184
1220	-0.0010015
1221	-0.0000461
1222	-0.0000433
1223	-0.0000407
1224	-0.0000000
1225	0.0000000
1226	0.0000000
1227	0.0000000
1228	0.0000000
1229	0.0000000
1230	-0.0000004
1231	-0.0000475
1232	-0.0001729
1233	-0.0007960
1234	-0.0010680
1235	-0.0048159
1236	-0.0069592
1237	-0.0063716
1238	-0.0088839
1239	-0.0085791
1240	-0.0081319
1241	-0.0066510
1242	-0.0054014
1243	-0.0035524
1244	-0.0010999
1245	-0.0000728
1246	-0.0000183
1247	0.0000000
1248	0.0000000
1249	0.0000000
1250	0.0000000
1251	0.0000000
1252	0.0000000
1253	0.0000000
1254	0.0000000
1255	-0.0000022
1256	-0.0003872
1257	-0.0026330
1258	-0.0053859
1259	-0.0068488
1260	-0.0079873
1261	-0.0084325
1262	-0.0079122
1263	-0.0081110
1264	-0.0078657
1265	-0.0069175
1266	-0.0052948
1267	-0.0027843
1268	-0.0005156
1269	-0.0000210
1270	-0.0000209
1271	-0.0000202
1272	0.0000000
1273	0.0000000
1274	0.0000000
1275	0.0000000
1276	0.0000000
1277	0.0000000
1278	0.0000000
1279	-0.0000005
1280	-0.0004626
1281	-0.0021367
1282	-0.0046830
1283	-0.0061477
1284	-0.0069052
1285	-0.0066255
1286	-0.0066793
1287	-0.0057193
1288	-0.0065910
1289	-0.0054078
1290	-0.0046340
1291	-0.0023202
1292	-0.0005372
1293	-0.0000181
1294	-0.0000109
1295	-0.0000093
1296	0.0000000
1297	0.0000000
1298	0.0000000
1299	0.0000000
1300	0.0000000
1301	0.0000000
1302	-0.0000000
1303	-0.0000000
1304	-0.0000006
1305	-0.0003263
1306	-0.0009759
1307	-0.0016561
1308	-0.0031240
1309	-0.0017290
1310	-0.0008425
1311	-0.0012626
1312	-0.0012076
1313	-0.0012198
1314	-0.0012197
1315	-0.0003646
1316	-0.0001457
1317	-0.0000000
1318	0.0000000
1319	0.0000000
1320	0.0000000
1321	0.0000000
1322	0.0000000
1323	0.0000000
1324	0.0000000
1325	0.0000000
1326	-0.0000000
1327	-0.0000071
1328	-0.0001243
1329	-0.0013186
1330	-0.0025539
1331	-0.0049419
1332	-0.0047726
1333	-0.0059268
1334	-0.0045149
1335	-0.0008442
1336	-0.0020443
1337	-0.0049373
1338	-0.0031391
1339	-0.0015419
1340	-0.0002343
1341	-0.0000030
1342	0.0000000
1343	0.0000000
1344	0.0000000
1345	0.0000000
1346	0.0000000
1347	0.0000000
1348	0.0000000
1349	0.0000000
1350	-0.0000023
1351	-0.0000461
1352	-0.0000087
1353	-0.0000314
1354	-0.0002145
1355	-0.0007535
1356	-0.0004626
1357	-0.0000211
1358	0.0000000
1359	0.0000000
1360	-0.0001065
1361	-0.0007245
1362	-0.0018435
1363	-0.0009826
1364	-0.0000561
1365	-0.0000045
1366	-0.0000052
1367	0.0000000
1368	0.0000000
1369	0.0000000
1370	0.0000000
1371	0.0000000
1372	0.0000000
1373	-0.0000000
1374	-0.0000017
1375	-0.0000552
1376	-0.0001584
1377	-0.0007159
1378	-0.0028535
1379	-0.0051071
1380	-0.0037425
1381	-0.0055314
1382	-0.0023182
1383	-0.0057472
1384	-0.0067842
1385	-0.0063687
1386	-0.0045438
1387	-0.0021937
1388	-0.0000458
1389	0.0000000
1390	0.0000000
1391	0.0000000
1392	0.0000000
1393	0.0000000
1394	0.0000000
1395	0.0000000
1396	0.0000000
1397	-0.0000000
1398	-0.0000005
1399	-0.0000637
1400	-0.0004950
1401	-0.0032711
1402	-0.0058490
1403	-0.0079633
1404	-0.0083699
1405	-0.0083926
1406	-0.0063661
1407	-0.0072696
1408	-0.0073780
1409	-0.0067737
1410	-0.0049281
1411	-0.0026617
1412	-0.0005347
1413	-0.0000177
1414	-0.0000066
1415	0.0000000
1416	0.0000000
1417	0.0000000
1418	0.0000000
1419	0.0000000
1420	0.0000000
1421	0.0000000
1422	-0.0000000
1423	-0.0000206
1424	-0.0007662
1425	-0.0036776
1426	-0.0054750
1427	-0.0065036
1428	-0.0068090
1429	-0.0067265
1430	-0.0069376
1431	-0.0000052
1432	0.0000000
1433	-0.0007285
1434	-0.0044165
1435	-0.0030760
1436	-0.0008077
1437	-0.0000246
1438	-0.0000192
1439	-0.0000177
1440	0.0000000
1441	0.0000000
1442	0.0000000
1443	0.0000000
1444	0.0000000
1445	0.0000000
1446	-0.0000001
1447	-0.0000062
1448	-0.0002413
1449	-0.0018177
1450	-0.0051371
1451	-0.0061008
1452	-0.0068091
1453	-0.0065618
1454	-0.0073481
1455	-0.0070749
1456	-0.0064077
1457	-0.0056477
1458	-0.0045116
1459	-0.0028083
1460	-0.0005422
1461	-0.0000220
1462	-0.0000149
1463	-0.0000122
1464	0.0000000
1465	0.0000000
1466	0.0000000
1467	0.0000000
1468	0.0000000
1469	0.0000000
1470	-0.0000000
1471	-0.0000060
1472	-0.0002690
1473	-0.0017158
1474	-0.0044365
1475	-0.0056604
1476	-0.0069665
1477	-0.0079092
1478	-0.0081715
1479	-0.0084457
1480	-0.0069203
1481	-0.0046156
1482	-0.0038848
1483	-0.0013095
1484	-0.0001775
1485	-0.0000110
1486	-0.0000165
1487	-0.0000000
1488	0.0000000
1489	0.0000000
1490	0.0000000
1491	0.0000000
1492	0.0000000
1493	0.0000000
1494	0.0000000
1495	0.0000000
1496	0.0000000
1497	-0.0000511
1498	-0.0011624
1499	-0.0041469
1500	-0.0043480
1501	-0.0069152
1502	-0.0083874
1503	-0.0078747
1504	-0.0072378
1505	-0.0060636
1506	-0.0042723
1507	-0.0017350
1508	-0.0001901
1509	-0.0000013
1510	0.0000000
1511	0.0000000
1512	0.0000000
1513	0.0000000
1514	0.0000000
1515	0.0000000
1516	0.0000000
1517	0.0000000
1518	0.0000000
1519	-0.0000003
1520	-0.0000008
1521	0.0000000
1522	0.0000000
1523	0.0000000
1524	-0.0000552
1525	-0.0022433
1526	-0.0064866
1527	-0.0069802
1528	-0.0054793
1529	-0.0049327
1530	-0.0035356
1531	-0.0016229
1532	-0.0001811
1533	-0.0000026
1534	0.0000000
1535	0.0000000
1536	0.0000000
1537	0.0000000
1538	0.0000000
1539	0.0000000
1540	0.0000000
1541	0.0000000
1542	-0.0000000
1543	-0.0000221
1544	-0.0002966
1545	-0.0015066
1546	-0.0045185
1547	-0.0066211
1548	-0.0080638
1549	-0.0089085
1550	-0.0088733
1551	-0.0084677
1552	-0.0073101
1553	-0.0049623
1554	-0.0024133
1555	-0.0008394
1556	-0.0000245
1557	-0.0000057
1558	0.0000000
1559	0.0000000
1560	0.0000000
1561	0.0000000
1562	0.0000000
1563	0.0000000
1564	0.0000000
1565	0.0000000
1566	0.0000000
1567	-0.0000204
1568	-0.0003792
1569	-0.0017406
1570	-0.0043730
1571	-0.0066790
1572	-0.0048856
1573	-0.0027112
1574	-0.0027261
1575	-0.0024295
1576	-0.0017767
1577	-0.0009825
1578	-0.0004941
1579	-0.0002021
1580	-0.0000033
1581	-0.0000001
1582	-0.0000002
1583	0.0000000
1584	0.0000000
1585	0.0000000
1586	0.0000000
1587	0.0000000
1588	0.0000000
1589	0.0000000
1590	-0.0000000
1591	-0.0000252
1592	-0.0001676
1593	-0.0007848
1594	-0.0031680
1595	-0.0061643
1596	-0.0077832
1597	-0.0086033
1598	-0.0088581
1599	-0.0082461
1600	-0.0069696
1601	-0.0066581
1602	-0.0038415
1603	-0.0014888
1604	-0.0002540
1605	-0.0000049
1606	-0.0000001
1607	0.0000000
1608	0.0000000
1609	0.0000000
1610	0.0000000
1611	0.0000000
1612	0.0000000
1613	0.0000000
1614	-0.0000000
1615	-0.0000053
1616	-0.0005354
1617	-0.0026357
1618	-0.0050207
1619	-0.0067291
1620	-0.0080311
1621	-0.0086968
1622	-0.0056532
1623	-0.0048977
1624	-0.0065750
1625	-0.0055364
1626	-0.0036575
1627	-0.0018226
1628	-0.0001644
1629	-0.0000241
1630	-0.0000183
1631	-0.0000117
1632	-0.0000000
1633	0.0000000
1634	0.0000000
1635	0.0000000
1636	0.0000000
1637	0.0000000
1638	0.0000000
1639	0.0000000
1640	-0.0000111
1641	-0.0000007
1642	0.0000000
1643	-0.0004523
1644	-0.0045563
1645	-0.0074638
1646	-0.0078566
1647	-0.0071228
1648	-0.0075033
1649	-0.0065383
1650	-0.0046276
1651	-0.0019403
1652	-0.0003678
1653	-0.0000071
1654	-0.0000043
1655	-0.0000008
1656	0.0000000
1657	0.0000000
1658	0.0000000
1659	0.0000000
1660	0.0000000
1661	0.0000000
1662	0.0000000
1663	-0.0000005
1664	-0.0001633
1665	-0.0023932
1666	-0.0053666
1667	-0.0063537
1668	-0.0079857
1669	-0.0081612
1670	-0.0081588
1671	-0.0056062
1672	-0.0045389
1673	-0.0036565
1674	-0.0028720
1675	-0.0015001
1676	-0.0001821
1677	-0.0000240
1678	-0.0000016
1679	0.0000000
1680	0.0000000
1681	0.0000000
1682	0.0000000
1683	0.0000000
1684	0.0000000
1685	0.0000000
1686	-0.0000000
1687	-0.0000699
1688	-0.0016253
1689	-0.0032831
1690	-0.0042801
1691	-0.0043464
1692	-0.0052713
1693	-0.0048361
1694	-0.0055575
1695	-0.0062728
1696	-0.0052513
1697	-0.0057413
1698	-0.0044674
1699	-0.0000374
1700	0.0000000
1701	0.0000000
1702	0.0000000
1703	0.0000000
1704	0.0000000
1705	0.0000000
1706	0.0000000
1707	0.0000000
1708	0.0000000
1709	-0.0000000
1710	-0.0000002
1711	-0.0000319
1712	-0.0007407
1713	-0.0035529
1714	-0.0049632
1715	-0.0055252
1716	-0.0056824
1717	-0.0052673
1718	-0.0056838
1719	-0.0052988
1720	-0.0044752
1721	-0.0043936
1722	-0.0034811
1723	-0.0011065
1724	-0.0002102
1725	-0.0000120
1726	-0.0000110
1727	-0.0000122
1728	-0.0000000
1729	0.0000000
1730	0.0000000
1731	0.0000000
1732	0.0000000
1733	0.0000000
1734	-0.0000000
1735	-0.0000079
1736	-0.0002201
1737	-0.0022607
1738	-0.0044813
1739	-0.0057682
1740	-0.0068636
1741	-0.0074319
1742	-0.0078738
1743	-0.0070534
1744	-0.0056502
1745	-0.0047820
1746	-0.0033099
1747	-0.0007767
1748	-0.0000546
1749	-0.0000040
1750	-0.0000040
1751	-0.0000036
1752	0.0000000
1753	0.0000000
1754	0.0000000
1755	0.0000000
1756	0.0000000
1757	0.0000000
1758	0.0000000
1759	0.0000000
1760	-0.0000022
1761	-0.0000473
1762	-0.0003917
1763	-0.0028873
1764	-0.0054633
1765	-0.0065077
1766	-0.0069566
1767	-0.0068283
1768	-0.0061306
1769	-0.0050740
1770	-0.0027005
1771	-0.0006297
1772	-0.0001567
1773	-0.0000043
1774	-0.0000001
1775	-0.0000027
1776	0.0000000
1777	0.0000000
1778	0.0000000
1779	0.0000000
1780	0.0000000
1781	0.0000000
1782	0.0000000
1783	-0.0000031
1784	-0.0000565
1785	-0.0002222
1786	-0.0000020
1787	-0.0000041
1788	-0.0008059
1789	-0.0036727
1790	-0.0047145
1791	-0.0045370
1792	-0.0027763
1793	-0.0035127
1794	-0.0021897
1795	-0.0003816
1796	-0.0000113
1797	-0.0000000
1798	0.0000000
1799	0.0000000
1800	0.0000000
1801	0.0000000
1802	0.0000000
1803	0.0000000
1804	0.0000000
1805	0.0000000
1806	0.0000000
1807	-0.0000004
1808	-0.0000209
1809	-0.0002794
1810	-0.0007575
1811	-0.0014312
1812	-0.0017646
1813	-0.0005781
1814	-0.0005848
1815	-0.0015730
1816	-0.0026910
1817	-0.0033179
1818	-0.0020686
1819	-0.0004849
1820	-0.0000422
1821	-0.0000099
1822	-0.0000073
1823	0.0000000
1824	0.0000000
1825	0.0000000
1826	0.0000000
1827	0.0000000
1828	0.0000000
1829	-0.0000000
1830	-0.0000000
1831	-0.0000074
1832	-0.0001082
1833	-0.0006552
1834	-0.0016713
1835	-0.0036901
1836	-0.0052113
1837	-0.0061877
1838	-0.0066666
1839	-0.0068168
1840	-0.0060146
1841	-0.0043009
1842	-0.0017196
1843	-0.0004416
1844	-0.0000573
1845	-0.0000103
1846	-0.0000114
1847	-0.0000078
1848	0.0000000
1849	0.0000000
1850	0.0000000
1851	0.0000000
1852	0.0000000
1853	0.0000000
1854	0.0000000
1855	-0.0000011
1856	-0.0000991
1857	-0.0003753
1858	-0.0010186
1859	-0.0021443
1860	-0.0021384
1861	-0.0021573
1862	-0.0023428
1863	-0.0022230
1864	-0.0022130
1865	-0.0018894
1866	-0.0010313
1867	-0.0003516
1868	-0.0000350
1869	-0.0000094
1870	-0.0000119
1871	-0.0000125
1872	0.0000000
1873	0.0000000
1874	0.0000000
1875	0.0000000
1876	0.0000000
1877	0.0000000
1878	0.0000000
1879	-0.0000012
1880	-0.0000273
1881	-0.0003827
1882	-0.0017797
1883	-0.0040006
1884	-0.0041229
1885	-0.0050665
1886	-0.0063575
1887	-0.0067972
1888	-0.0051790
1889	-0.0050447
1890	-0.0029116
1891	-0.0005843
1892	-0.0000276
1893	-0.0000025
1894	-0.0000165
1895	-0.0000000
1896	0.0000000
1897	0.0000000
1898	0.0000000
1899	0.0000000
1900	0.0000000
1901	-0.0000000
1902	-0.0000001
1903	-0.0000355
1904	-0.0005941
1905	-0.0022068
1906	-0.0035054
1907	-0.0040886
1908	-0.0042889
1909	-0.0044278
1910	-0.0049866
1911	-0.0034917
1912	-0.0031583
1913	-0.0027508
1914	-0.0022838
1915	-0.0007328
1916	-0.0000783
1917	-0.0000184
1918	-0.0000129
1919	-0.0000088
1920	0.0000000
1921	0.0000000
1922	0.0000000
1923	0.0000000
1924	0.0000000
1925	0.0000000
1926	0.0000000
1927	-0.0000001
1928	-0.0000285
1929	-0.0010086
1930	-0.0034887
1931	-0.0044460
1932	-0.0044552
1933	-0.0060350
1934	-0.0066897
1935	-0.0065795
1936	-0.0058475
1937	-0.0049434
1938	-0.0029534
1939	-0.0009776
1940	-0.0001804
1941	-0.0000143
1942	-0.0000122
1943	-0.0000050
1944	0.0000000
1945	0.0000000
1946	0.0000000
1947	0.0000000
1948	0.0000000
1949	0.0000000
1950	-0.0000000
1951	-0.0000058
1952	-0.0001423
1953	-0.0020551
1954	-0.0042776
1955	-0.0056386
1956	-0.0064257
1957	-0.0074923
1958	-0.0080002
1959	-0.0078507
1960	-0.0071815
1961	-0.0058485
1962	-0.0036390
1963	-0.0010684
1964	-0.0001061
1965	-0.0000119
1966	-0.0000167
1967	-0.0000000
1968	0.0000000
1969	0.0000000
1970	0.0000000
1971	0.0000000
1972	0.0000000
1973	-0.0000001
1974	-0.0000003
1975	-0.0000209
1976	-0.0005180
1977	-0.0032667
1978	-0.0054510
1979	-0.0073254
1980	-0.0088423
1981	-0.0092497
1982	-0.0093705
1983	-0.0090512
1984	-0.0083518
1985	-0.0064814
1986	-0.0039728
1987	-0.0014560
1988	-0.0000894
1989	-0.0000110
1990	-0.0000002
