TIME_UNITS h
DATA_UNITS kg/s
0	-0.0000023
1	-0.0000061
2	-0.0000072
3	-0.0000035
4	-0.0000022
5	-0.0000009
6	-0.0000108
7	-0.0001455
8	-0.0008903
9	-0.0018443
10	-0.0029403
11	-0.0040689
12	-0.0044930
13	-0.0048210
14	-0.0051426
15	-0.0052574
16	-0.0051395
17	-0.0046478
18	-0.0037959
19	-0.0024000
20	-0.0008300
21	-0.0000934
22	-0.0000091
23	-0.0000042
24	-0.0000047
25	-0.0000034
26	-0.0000015
27	-0.0000014
28	0.0000000
29	0.0000000
30	0.0000000
31	0.0000000
32	-0.0006639
33	-0.0021489
34	-0.0037743
35	-0.0049803
36	-0.0054940
37	-0.0057568
38	-0.0052176
39	-0.0041462
40	-0.0035525
41	-0.0014947
42	-0.0007171
43	-0.0005249
44	-0.0001362
45	-0.0000005
46	0.0000000
47	0.0000000
48	0.0000000
49	0.0000000
50	0.0000000
51	0.0000000
52	0.0000000
53	0.0000000
54	0.0000000
55	0.0000000
56	0.0000000
57	-0.0000001
58	-0.0000358
59	-0.0004942
60	-0.0032852
61	-0.0035270
62	-0.0051073
63	-0.0050816
64	-0.0000043
65	0.0000000
66	-0.0000891
67	-0.0004016
68	-0.0001302
69	-0.0000046
70	-0.0000001
71	-0.0000035
72	-0.0000021
73	-0.0000026
74	-0.0000008
75	-0.0000002
76	-0.0000023
77	-0.0000022
78	-0.0000630
79	-0.0004965
80	-0.0005292
81	-0.0009988
82	-0.0017072
83	-0.0021727
84	-0.0023218
85	-0.0032755
86	-0.0040686
87	-0.0042792
88	-0.0034405
89	-0.0033136
90	-0.0024011
91	-0.0010668
92	-0.0003528
93	-0.0000300
94	-0.0000057
95	0.0000000
96	0.0000000
97	0.0000000
98	0.0000000
99	0.0000000
100	0.0000000
101	0.0000000
102	0.0000000
103	-0.0000937
104	-0.0008684
105	-0.0027235
106	-0.0039805
107	-0.0052719
108	-0.0050227
109	-0.0044625
110	-0.0031849
111	-0.0000130
112	0.0000000
113	-0.0000266
114	-0.0001788
115	-0.0000004
116	-0.0000000
117	0.0000000
118	0.0000000
119	0.0000000
120	0.0000000
121	-0.0000000
122	0.0000000
123	-0.0000001
124	-0.0000006
125	-0.0000004
126	-0.0000029
127	0.0000000
128	-0.0000363
129	-0.0002593
130	-0.0005430
131	-0.0007656
132	-0.0010650
133	-0.0010582
134	-0.0009408
135	-0.0008780
136	-0.0014761
137	-0.0018372
138	-0.0016546
139	-0.0012176
140	-0.0002191
141	-0.0000062
142	0.0000000
143	0.0000000
144	0.0000000
145	0.0000000
146	-0.0000000
147	-0.0000001
148	-0.0000002
149	0.0000000
150	-0.0000008
151	-0.0001256
152	-0.0005460
153	-0.0025553
154	-0.0044722
155	-0.0049469
156	-0.0065519
157	-0.0043383
158	-0.0046463
159	-0.0038705
160	-0.0024857
161	-0.0022357
162	-0.0020453
163	-0.0009469
164	-0.0003678
165	-0.0000640
166	-0.0000138
167	-0.0000106
168	0.0000000
169	0.0000000
170	0.0000000
171	0.0000000
172	-0.0000000
173	-0.0000001
174	-0.0000159
175	-0.0001153
176	-0.0004240
177	-0.0008132
178	-0.0008838
179	-0.0017279
180	-0.0032298
181	-0.0035799
182	-0.0034862
183	-0.0029604
184	-0.0011629
185	-0.0013932
186	-0.0017635
187	-0.0012681
188	-0.0002547
189	-0.0000009
190	0.0000000
191	0.0000000
192	0.0000000
193	0.0000000
194	0.0000000
195	0.0000000
196	0.0000000
197	-0.0000000
198	-0.0000003
199	-0.0000588
200	-0.0003278
201	-0.0009140
202	-0.0014489
203	-0.0024561
204	-0.0029878
205	-0.0025816
206	-0.0024513
207	-0.0025508
208	-0.0009428
209	-0.0015612
210	-0.0013023
211	-0.0000188
212	-0.0000012
213	-0.0000000
214	-0.0000000
215	0.0000000
216	0.0000000
217	0.0000000
218	0.0000000
219	0.0000000
220	0.0000000
221	0.0000000
222	0.0000000
223	-0.0000002
224	-0.0000014
225	-0.0000079
226	-0.0000008
227	-0.0000025
228	-0.0000108
229	-0.0001405
230	-0.0004432
231	-0.0007183
232	-0.0012452
233	-0.0015022
234	-0.0010949
235	-0.0006026
236	-0.0001247
237	0.0000000
238	0.0000000
239	0.0000000
240	0.0000000
241	0.0000000
242	0.0000000
243	0.0000000
244	0.0000000
245	0.0000000
246	0.0000000
247	-0.0000018
248	-0.0005227
249	-0.0021330
250	-0.0041057
251	-0.0051618
252	-0.0060935
253	-0.0067944
254	-0.0069847
255	-0.0068064
256	-0.0059250
257	-0.0053470
258	-0.0042199
259	-0.0026422
260	-0.0006585
261	-0.0000316
262	-0.0000037
263	0.0000000
264	0.0000000
265	0.0000000
266	0.0000000
267	0.0000000
268	0.0000000
269	-0.0000000
270	-0.0000004
271	-0.0000707
272	-0.0009162
273	-0.0016760
274	-0.0025455
275	-0.0044886
276	-0.0068969
277	-0.0071894
278	-0.0072431
279	-0.0074709
280	-0.0065298
281	-0.0060288
282	-0.0044724
283	-0.0021211
284	-0.0006026
285	-0.0001255
286	-0.0000391
287	-0.0000000
288	0.0000000
289	0.0000000
290	0.0000000
291	0.0000000
292	0.0000000
293	-0.0000000
294	-0.0000044
295	-0.0002304
296	-0.0021050
297	-0.0034889
298	-0.0052296
299	-0.0062162
300	-0.0067499
301	-0.0067441
302	-0.0057643
303	-0.0054161
304	-0.0057746
305	-0.0028351
306	-0.0033039
307	-0.0017114
308	-0.0004969
309	-0.0000134
310	0.0000000
311	0.0000000
312	0.0000000
313	0.0000000
314	0.0000000
315	0.0000000
316	0.0000000
317	0.0000000
318	0.0000000
319	-0.0000516
320	-0.0005132
321	-0.0018791
322	-0.0039692
323	-0.0053348
324	-0.0061251
325	-0.0066608
326	-0.0066611
327	-0.0066128
328	-0.0062607
329	-0.0051969
330	-0.0038846
331	-0.0020811
332	-0.0006409
333	-0.0000550
334	0.0000000
335	0.0000000
336	0.0000000
337	0.0000000
338	0.0000000
339	0.0000000
340	0.0000000
341	0.0000000
342	0.0000000
343	-0.0000908
344	-0.0007401
345	-0.0019316
346	-0.0035624
347	-0.0052802
348	-0.0064292
349	-0.0070410
350	-0.0072680
351	-0.0071994
352	-0.0066901
353	-0.0052887
354	-0.0029396
355	-0.0019992
356	-0.0005737
357	-0.0000623
358	-0.0000153
359	-0.0000001
360	0.0000000
361	0.0000000
362	0.0000000
363	0.0000000
364	0.0000000
365	0.0000000
366	0.0000000
367	0.0000000
368	0.0000000
369	-0.0000196
370	-0.0003151
371	-0.0019874
372	-0.0022851
373	-0.0022509
374	-0.0016245
375	-0.0028652
376	-0.0034080
377	-0.0037239
378	-0.0031827
379	-0.0018118
380	-0.0004140
381	-0.0000236
382	-0.0000038
383	-0.0000000
384	0.0000000
385	0.0000000
386	0.0000000
387	0.0000000
388	0.0000000
389	0.0000000
390	0.0000000
391	-0.0000359
392	-0.0002578
393	-0.0001232
394	-0.0001610
395	-0.0003526
396	-0.0008306
397	-0.0008238
398	-0.0002695
399	-0.0003333
400	-0.0013926
401	-0.0039550
402	-0.0034549
403	-0.0022714
404	-0.0005330
405	-0.0000206
406	-0.0000110
407	-0.0000009
408	0.0000000
409	0.0000000
410	0.0000000
411	0.0000000
412	0.0000000
413	0.0000000
414	0.0000000
415	-0.0000180
416	-0.0003133
417	-0.0010069
418	-0.0015291
419	-0.0019875
420	-0.0022452
421	-0.0026568
422	-0.0029453
423	-0.0037342
424	-0.0043169
425	-0.0038665
426	-0.0029803
427	-0.0021892
428	-0.0008354
429	-0.0000248
430	-0.0000029
431	-0.0000012
432	0.0000000
433	0.0000000
434	0.0000000
435	0.0000000
436	0.0000000
437	0.0000000
438	0.0000000
439	-0.0000010
440	-0.0000037
441	-0.0000299
442	-0.0000237
443	-0.0000001
444	0.0000000
445	0.0000000
446	-0.0006535
447	-0.0039092
448	-0.0016696
449	-0.0000036
450	0.0000000
451	0.0000000
452	0.0000000
453	-0.0000001
454	-0.0000001
455	-0.0000007
456	-0.0000016
457	0.0000000
458	0.0000000
459	0.0000000
460	0.0000000
461	0.0000000
462	-0.0000010
463	-0.0000378
464	-0.0001782
465	-0.0004548
466	-0.0010300
467	-0.0016261
468	-0.0014617
469	-0.0013990
470	-0.0020476
471	-0.0010633
472	-0.0026247
473	-0.0027458
474	-0.0023973
475	-0.0015119
476	-0.0002187
477	-0.0000001
478	0.0000000
479	-0.0000038
480	0.0000000
481	0.0000000
482	0.0000000
483	0.0000000
484	0.0000000
485	0.0000000
486	-0.0000011
487	-0.0000133
488	-0.0000213
489	-0.0000024
490	-0.0000197
491	-0.0003563
492	-0.0006349
493	-0.0016097
494	-0.0021893
495	-0.0022216
496	-0.0027966
497	-0.0028707
498	-0.0026727
499	-0.0018809
500	-0.0009438
501	-0.0000833
502	-0.0000014
503	-0.0000031
504	-0.0000089
505	-0.0000035
506	-0.0000089
507	-0.0000164
508	-0.0000206
509	-0.0000177
510	-0.0003071
511	-0.0005739
512	-0.0010717
513	-0.0000112
514	0.0000000
515	-0.0002151
516	-0.0012273
517	-0.0027242
518	-0.0035073
519	-0.0034857
520	-0.0031853
521	-0.0031067
522	-0.0031694
523	-0.0024849
524	-0.0012793
525	-0.0001296
526	-0.0000094
527	-0.0000000
528	0.0000000
529	0.0000000
530	0.0000000
531	0.0000000
532	0.0000000
533	0.0000000
534	-0.0000004
535	-0.0000091
536	-0.0004085
537	-0.0020006
538	-0.0025726
539	-0.0028692
540	-0.0024708
541	-0.0034867
542	-0.0041129
543	-0.0040499
544	-0.0035509
545	-0.0031189
546	-0.0027935
547	-0.0021371
548	-0.0010516
549	-0.0001386
550	-0.0000125
551	-0.0000000
552	0.0000000
553	0.0000000
554	0.0000000
555	0.0000000
556	0.0000000
557	0.0000000
558	-0.0000000
559	-0.0000117
560	-0.0005332
561	-0.0022821
562	-0.0032185
563	-0.0031688
564	-0.0036335
565	-0.0045663
566	-0.0049240
567	-0.0051659
568	-0.0050687
569	-0.0045752
570	-0.0038193
571	-0.0027517
572	-0.0010025
573	-0.0002034
574	-0.0000000
575	0.0000000
576	0.0000000
577	0.0000000
578	0.0000000
579	0.0000000
580	-0.0000000
581	-0.0000000
582	-0.0000007
583	-0.0000322
584	-0.0005897
585	-0.0026592
586	-0.0040744
587	-0.0052006
588	-0.0061707
589	-0.0065426
590	-0.0065495
591	-0.0064555
592	-0.0055488
593	-0.0050178
594	-0.0039466
595	-0.0028866
596	-0.0007100
597	-0.0000688
598	-0.0000134
599	0.0000000
600	0.0000000
601	0.0000000
602	0.0000000
603	0.0000000
604	0.0000000
605	-0.0000000
606	-0.0000050
607	-0.0001395
608	-0.0014716
609	-0.0039822
610	-0.0053161
611	-0.0063384
612	-0.0071125
613	-0.0076508
614	-0.0079934
615	-0.0079561
616	-0.0076096
617	-0.0064260
618	-0.0044304
619	-0.0023915
620	-0.0007416
621	-0.0001537
622	-0.0000246
623	-0.0000341
624	-0.0000000
625	0.0000000
626	0.0000000
627	0.0000000
628	0.0000000
629	0.0000000
630	-0.0000014
631	-0.0000743
632	-0.0019923
633	-0.0046167
634	-0.0058996
635	-0.0071154
636	-0.0077727
637	-0.0081403
638	-0.0082001
639	-0.0083748
640	-0.0082348
641	-0.0070694
642	-0.0045009
643	-0.0026738
644	-0.0009597
645	-0.0002040
646	-0.0000440
647	-0.0000499
648	-0.0000000
649	0.0000000
650	0.0000000
651	0.0000000
652	0.0000000
653	-0.0000001
654	-0.0000042
655	-0.0002040
656	-0.0021570
657	-0.0048524
658	-0.0064050
659	-0.0069949
660	-0.0079846
661	-0.0089648
662	-0.0090274
663	-0.0087196
664	-0.0089882
665	-0.0077219
666	-0.0055277
667	-0.0037613
668	-0.0011370
669	-0.0001383
670	-0.0000450
671	-0.0000321
672	-0.0000000
673	0.0000000
674	0.0000000
675	0.0000000
676	0.0000000
677	0.0000000
678	0.0000000
679	-0.0000019
680	-0.0000015
681	-0.0000029
682	-0.0001362
683	-0.0011304
684	-0.0001275
685	-0.0003484
686	-0.0012573
687	-0.0022048
688	-0.0032069
689	-0.0023878
690	-0.0014578
691	-0.0005993
692	-0.0000630
693	-0.0000368
694	-0.0000000
695	0.0000000
696	0.0000000
697	0.0000000
698	0.0000000
699	0.0000000
700	-0.0000001
701	-0.0000002
702	-0.0000005
703	-0.0000020
704	-0.0004595
705	-0.0014544
706	-0.0015338
707	-0.0034423
708	-0.0039439
709	-0.0044990
710	-0.0034152
711	-0.0038966
712	-0.0050601
713	-0.0044073
714	-0.0033433
715	-0.0011454
716	-0.0001495
717	-0.0000182
718	-0.0000078
719	0.0000000
720	0.0000000
721	0.0000000
722	0.0000000
723	0.0000000
724	0.0000000
725	0.0000000
726	-0.0000011
727	-0.0000462
728	-0.0006261
729	-0.0013400
730	-0.0024119
731	-0.0051929
732	-0.0064893
733	-0.0066544
734	-0.0048571
735	-0.0049832
736	-0.0067615
737	-0.0053595
738	-0.0039463
739	-0.0019570
740	-0.0002546
741	-0.0000415
742	-0.0000105
743	0.0000000
744	0.0000000
745	0.0000000
746	0.0000000
747	0.0000000
748	0.0000000
749	-0.0000001
750	-0.0000008
751	-0.0000119
752	-0.0000479
753	-0.0000042
754	-0.0000048
755	-0.0007791
756	-0.0021886
757	-0.0034963
758	-0.0040106
759	-0.0048642
760	-0.0049906
761	-0.0054180
762	-0.0040914
763	-0.0025477
764	-0.0008701
765	-0.0000267
766	-0.0000126
767	0.0000000
768	0.0000000
769	0.0000000
770	0.0000000
771	0.0000000
772	0.0000000
773	0.0000000
774	0.0000000
775	-0.0000084
776	-0.0003898
777	-0.0013452
778	-0.0033446
779	-0.0050714
780	-0.0064779
781	-0.0063839
782	-0.0065067
783	-0.0067138
784	-0.0064080
785	-0.0062293
786	-0.0047261
787	-0.0028255
788	-0.0006558
789	-0.0001397
790	-0.0000177
791	0.0000000
792	0.0000000
793	0.0000000
794	0.0000000
795	0.0000000
796	0.0000000
797	0.0000000
798	0.0000000
799	-0.0000001
800	-0.0005576
801	-0.0025953
802	-0.0049130
803	-0.0064087
804	-0.0075483
805	-0.0079169
806	-0.0081670
807	-0.0079982
808	-0.0074535
809	-0.0062899
810	-0.0044298
811	-0.0016722
812	-0.0000401
813	-0.0000173
814	-0.0000171
815	-0.0000162
816	0.0000000
817	0.0000000
818	0.0000000
819	0.0000000
820	0.0000000
821	0.0000000
822	-0.0000004
823	-0.0000511
824	-0.0008764
825	-0.0040320
826	-0.0054817
827	-0.0066198
828	-0.0076885
829	-0.0084573
830	-0.0086782
831	-0.0084049
832	-0.0071443
833	-0.0051097
834	-0.0028503
835	-0.0011428
836	-0.0005729
837	-0.0000304
838	-0.0000073
839	-0.0000002
840	0.0000000
841	0.0000000
842	0.0000000
843	0.0000000
844	0.0000000
845	0.0000000
846	0.0000000
847	-0.0000712
848	-0.0003667
849	-0.0011916
850	-0.0034099
851	-0.0051020
852	-0.0060499
853	-0.0056247
854	-0.0051944
855	-0.0045197
856	-0.0051371
857	-0.0054912
858	-0.0046112
859	-0.0034722
860	-0.0014808
861	-0.0001261
862	-0.0000000
863	0.0000000
864	0.0000000
865	0.0000000
866	0.0000000
867	0.0000000
868	0.0000000
869	-0.0000000
870	-0.0000027
871	-0.0000256
872	-0.0001509
873	-0.0017007
874	-0.0040505
875	-0.0057491
876	-0.0072453
877	-0.0076302
878	-0.0078187
879	-0.0076896
880	-0.0072570
881	-0.0057183
882	-0.0032437
883	-0.0026203
884	-0.0003804
885	-0.0000368
886	-0.0000060
887	-0.0000045
888	0.0000000
889	0.0000000
890	0.0000000
891	0.0000000
892	0.0000000
893	0.0000000
894	0.0000000
895	0.0000000
896	-0.0002955
897	-0.0022700
898	-0.0050344
899	-0.0062554
900	-0.0074851
901	-0.0080461
902	-0.0084913
903	-0.0082358
904	-0.0055169
905	-0.0032944
906	-0.0028359
907	-0.0018002
908	-0.0001890
909	-0.0001167
910	-0.0000351
911	-0.0000316
912	-0.0000000
913	0.0000000
914	0.0000000
915	0.0000000
916	0.0000000
917	0.0000000
918	0.0000000
919	-0.0000034
920	-0.0001225
921	-0.0000501
922	-0.0003134
923	-0.0013524
924	-0.0000766
925	-0.0000627
926	-0.0007821
927	-0.0026763
928	-0.0039475
929	-0.0050776
930	-0.0043230
931	-0.0027368
932	-0.0007838
933	-0.0000674
934	-0.0000132
935	-0.0000084
936	0.0000000
937	0.0000000
938	0.0000000
939	0.0000000
940	0.0000000
941	0.0000000
942	-0.0000001
943	-0.0000212
944	-0.0005677
945	-0.0033616
946	-0.0047246
947	-0.0060181
948	-0.0070031
949	-0.0071305
950	-0.0073558
951	-0.0074212
952	-0.0069890
953	-0.0060819
954	-0.0048630
955	-0.0025889
956	-0.0009747
957	-0.0000773
958	-0.0000190
959	-0.0000114
960	-0.0000000
961	0.0000000
962	0.0000000
963	0.0000000
964	0.0000000
965	0.0000000
966	-0.0000000
967	-0.0000209
968	-0.0007327
969	-0.0035726
970	-0.0049828
971	-0.0059443
972	-0.0060218
973	-0.0051005
974	-0.0056950
975	-0.0061659
976	-0.0055936
977	-0.0051293
978	-0.0038476
979	-0.0024295
980	-0.0004069
981	-0.0000369
982	-0.0000048
983	-0.0000014
984	0.0000000
985	0.0000000
986	0.0000000
987	0.0000000
988	0.0000000
989	0.0000000
990	0.0000000
991	0.0000000
992	-0.0000001
993	-0.0002000
994	-0.0005401
995	-0.0003383
996	-0.0002046
997	-0.0003060
998	-0.0015908
999	-0.0016901
1000	-0.0007059
1001	-0.0001567
1002	-0.0000281
1003	-0.0000135
1004	-0.0000011
1005	0.0000000
1006	0.0000000
1007	0.0000000
1008	0.0000000
1009	0.0000000
1010	0.0000000
1011	0.0000000
1012	0.0000000
1013	0.0000000
1014	0.0000000
1015	-0.0000088
1016	-0.0001089
1017	-0.0007653
1018	-0.0034420
1019	-0.0044763
1020	-0.0057811
1021	-0.0058286
1022	-0.0057402
1023	-0.0060027
1024	-0.0051801
1025	-0.0032387
1026	-0.0016226
1027	-0.0005367
1028	-0.0002099
1029	-0.0000091
1030	0.0000000
1031	0.0000000
1032	0.0000000
1033	0.0000000
1034	0.0000000
1035	0.0000000
1036	0.0000000
1037	0.0000000
1038	0.0000000
1039	-0.0000019
1040	-0.0001973
1041	-0.0012999
1042	-0.0037378
1043	-0.0054083
1044	-0.0018130
1045	-0.0053227
1046	-0.0050163
1047	-0.0046148
1048	-0.0031272
1049	-0.0032259
1050	-0.0024915
1051	-0.0009352
1052	-0.0002029
1053	-0.0000011
1054	-0.0000001
1055	-0.0000002
1056	0.0000000
1057	0.0000000
1058	0.0000000
1059	0.0000000
1060	0.0000000
1061	0.0000000
1062	-0.0000003
1063	-0.0000424
1064	-0.0003713
1065	-0.0014685
1066	-0.0043197
1067	-0.0056513
1068	-0.0060199
1069	-0.0068892
1070	-0.0071284
1071	-0.0070450
1072	-0.0067263
1073	-0.0057374
1074	-0.0044691
1075	-0.0024588
1076	-0.0007667
1077	-0.0000516
1078	-0.0000022
1079	0.0000000
1080	0.0000000
1081	0.0000000
1082	0.0000000
1083	0.0000000
1084	0.0000000
1085	0.0000000
1086	0.0000000
1087	-0.0000068
1088	-0.0002748
1089	-0.0006758
1090	-0.0010953
1091	-0.0017377
1092	-0.0013679
1093	-0.0026077
1094	-0.0030540
1095	-0.0023233
1096	-0.0021332
1097	-0.0009616
1098	-0.0000532
1099	-0.0000053
1100	0.0000000
1101	0.0000000
1102	0.0000000
1103	0.0000000
1104	0.0000000
1105	0.0000000
1106	0.0000000
1107	0.0000000
1108	0.0000000
1109	0.0000000
1110	-0.0000001
1111	-0.0000149
1112	-0.0001513
1113	-0.0004701
1114	-0.0007390
1115	-0.0016394
1116	-0.0021592
1117	-0.0015440
1118	-0.0025256
1119	-0.0049241
1120	-0.0051462
1121	-0.0039295
1122	-0.0020776
1123	-0.0013548
1124	-0.0000630
1125	-0.0000331
1126	-0.0000000
1127	0.0000000
1128	0.0000000
1129	0.0000000
1130	0.0000000
1131	0.0000000
1132	0.0000000
1133	0.0000000
1134	0.0000000
1135	-0.0000033
1136	-0.0000415
1137	-0.0009759
1138	-0.0023966
1139	-0.0023443
1140	-0.0011603
1141	-0.0023408
1142	-0.0026278
1143	-0.0021003
1144	-0.0024098
1145	-0.0000470
1146	-0.0000704
1147	-0.0000663
1148	-0.0000041
1149	0.0000000
1150	0.0000000
1151	-0.0000009
1152	0.0000000
1153	0.0000000
1154	0.0000000
1155	0.0000000
1156	0.0000000
1157	0.0000000
1158	0.0000000
1159	-0.0000196
1160	-0.0002329
1161	-0.0011680
1162	-0.0032592
1163	-0.0053174
1164	-0.0063321
1165	-0.0070591
1166	-0.0072200
1167	-0.0068768
1168	-0.0065633
1169	-0.0056400
1170	-0.0042344
1171	-0.0025352
1172	-0.0007128
1173	-0.0000059
1174	0.0000000
1175	0.0000000
1176	0.0000000
1177	0.0000000
1178	0.0000000
1179	0.0000000
1180	0.0000000
1181	0.0000000
1182	0.0000000
1183	-0.0000011
1184	-0.0002295
1185	-0.0018414
1186	-0.0046186
1187	-0.0060551
1188	-0.0072709
1189	-0.0077582
1190	-0.0083650
1191	-0.0081937
1192	-0.0073909
1193	-0.0061109
1194	-0.0039454
1195	-0.0020310
1196	-0.0006257
1197	-0.0000456
1198	-0.0000077
1199	-0.0000000
1200	0.0000000
1201	0.0000000
1202	0.0000000
1203	0.0000000
1204	0.0000000
1205	-0.0000000
1206	-0.0000010
1207	-0.0000538
1208	-0.0008817
1209	-0.0032521
1210	-0.0048034
1211	-0.0062281
1212	-0.0072502
1213	-0.0080835
1214	-0.0084628
1215	-0.0076934
1216	-0.0072176
1217	-0.0044981
1218	-0.0028485
1219	-0.0021712
1220	-0.0007999
1221	-0.0000368
1222	-0.0000345
1223	-0.0000325
1224	-0.0000000
1225	0.0000000
1226	0.0000000
1227	0.0000000
1228	0.0000000
1229	0.0000000
1230	-0.0000004
1231	-0.0000379
1232	-0.0001381
1233	-0.0006358
1234	-0.0008530
1235	-0.0038465
1236	-0.0055584
1237	-0.0050891
1238	-0.0070958
1239	-0.0068523
1240	-0.0064951
1241	-0.0053123
1242	-0.0043142
1243	-0.0028374
1244	-0.0008785
1245	-0.0000581
1246	-0.0000146
1247	0.0000000
1248	0.0000000
1249	0.0000000
1250	0.0000000
1251	0.0000000
1252	0.0000000
1253	0.0000000
1254	0.0000000
1255	-0.0000018
1256	-0.0003093
1257	-0.0021031
1258	-0.0043018
1259	-0.0054703
1260	-0.0063796
1261	-0.0067352
1262	-0.0063197
1263	-0.0064784
1264	-0.0062825
1265	-0.0055251
1266	-0.0042290
1267	-0.0022239
1268	-0.0004118
1269	-0.0000168
1270	-0.0000167
1271	-0.0000162
1272	0.0000000
1273	0.0000000
1274	0.0000000
1275	0.0000000
1276	0.0000000
1277	0.0000000
1278	0.0000000
1279	-0.0000004
1280	-0.0003695
1281	-0.0017066
1282	-0.0037404
1283	-0.0049103
1284	-0.0055153
1285	-0.0052919
1286	-0.0053349
1287	-0.0045681
1288	-0.0052644
1289	-0.0043193
1290	-0.0037012
1291	-0.0018532
1292	-0.0004291
1293	-0.0000145
1294	-0.0000087
1295	-0.0000074
1296	0.0000000
1297	0.0000000
1298	0.0000000
1299	0.0000000
1300	0.0000000
1301	0.0000000
1302	-0.0000000
1303	-0.0000000
1304	-0.0000005
1305	-0.0002606
1306	-0.0007795
1307	-0.0013228
1308	-0.0024952
1309	-0.0013810
1310	-0.0006729
1311	-0.0010085
1312	-0.0009645
1313	-0.0009743
1314	-0.0009742
1315	-0.0002912
1316	-0.0001163
1317	-0.0000000
1318	0.0000000
1319	0.0000000
1320	0.0000000
1321	0.0000000
1322	0.0000000
1323	0.0000000
1324	0.0000000
1325	0.0000000
1326	-0.0000000
1327	-0.0000057
1328	-0.0000993
1329	-0.0010532
1330	-0.0020398
1331	-0.0039472
1332	-0.0038120
1333	-0.0047339
1334	-0.0036062
1335	-0.0006743
1336	-0.0016328
1337	-0.0039435
1338	-0.0025072
1339	-0.0012316
1340	-0.0001872
1341	-0.0000024
1342	0.0000000
1343	0.0000000
1344	0.0000000
1345	0.0000000
1346	0.0000000
1347	0.0000000
1348	0.0000000
1349	0.0000000
1350	-0.0000018
1351	-0.0000368
1352	-0.0000070
1353	-0.0000251
1354	-0.0001714
1355	-0.0006019
1356	-0.0003695
1357	-0.0000169
1358	0.0000000
1359	0.0000000
1360	-0.0000850
1361	-0.0005787
1362	-0.0014724
1363	-0.0007848
1364	-0.0000448
1365	-0.0000036
1366	-0.0000042
1367	0.0000000
1368	0.0000000
1369	0.0000000
1370	0.0000000
1371	0.0000000
1372	0.0000000
1373	-0.0000000
1374	-0.0000014
1375	-0.0000441
1376	-0.0001265
1377	-0.0005718
1378	-0.0022791
1379	-0.0040792
1380	-0.0029892
1381	-0.0044181
1382	-0.0018516
1383	-0.0045904
1384	-0.0054187
1385	-0.0050868
1386	-0.0036293
1387	-0.0017521
1388	-0.0000366
1389	0.0000000
1390	0.0000000
1391	0.0000000
1392	0.0000000
1393	0.0000000
1394	0.0000000
1395	0.0000000
1396	0.0000000
1397	-0.0000000
1398	-0.0000004
1399	-0.0000509
1400	-0.0003953
1401	-0.0026127
1402	-0.0046717
1403	-0.0063604
1404	-0.0066852
1405	-0.0067033
1406	-0.0050847
1407	-0.0058064
1408	-0.0058929
1409	-0.0054103
1410	-0.0039362
1411	-0.0021260
1412	-0.0004271
1413	-0.0000141
1414	-0.0000052
1415	0.0000000
1416	0.0000000
1417	0.0000000
1418	0.0000000
1419	0.0000000
1420	0.0000000
1421	0.0000000
1422	-0.0000000
1423	-0.0000165
1424	-0.0006119
1425	-0.0029374
1426	-0.0043730
1427	-0.0051945
1428	-0.0054385
1429	-0.0053726
1430	-0.0055412
1431	-0.0000042
1432	0.0000000
1433	-0.0005819
1434	-0.0035275
1435	-0.0024568
1436	-0.0006451
1437	-0.0000197
1438	-0.0000153
1439	-0.0000141
1440	0.0000000
1441	0.0000000
1442	0.0000000
1443	0.0000000
1444	0.0000000
1445	0.0000000
1446	-0.0000001
1447	-0.0000050
1448	-0.0001927
1449	-0.0014518
1450	-0.0041031
1451	-0.0048728
1452	-0.0054386
1453	-0.0052410
1454	-0.0058691
1455	-0.0056509
1456	-0.0051180
1457	-0.0045110
1458	-0.0036035
1459	-0.0022430
1460	-0.0004331
1461	-0.0000176
1462	-0.0000119
1463	-0.0000098
1464	0.0000000
1465	0.0000000
1466	0.0000000
1467	0.0000000
1468	0.0000000
1469	0.0000000
1470	-0.0000000
1471	-0.0000048
1472	-0.0002148
1473	-0.0013704
1474	-0.0035435
1475	-0.0045210
1476	-0.0055643
1477	-0.0063173
1478	-0.0065267
1479	-0.0067458
1480	-0.0055274
1481	-0.0036866
1482	-0.0031029
1483	-0.0010459
1484	-0.0001418
1485	-0.0000088
1486	-0.0000132
1487	-0.0000000
1488	0.0000000
1489	0.0000000
1490	0.0000000
1491	0.0000000
1492	0.0000000
1493	0.0000000
1494	0.0000000
1495	0.0000000
1496	0.0000000
1497	-0.0000408
1498	-0.0009284
1499	-0.0033122
1500	-0.0034728
1501	-0.0055233
1502	-0.0066992
1503	-0.0062897
1504	-0.0057810
1505	-0.0048431
1506	-0.0034124
1507	-0.0013857
1508	-0.0001518
1509	-0.0000011
1510	0.0000000
1511	0.0000000
1512	0.0000000
1513	0.0000000
1514	0.0000000
1515	0.0000000
1516	0.0000000
1517	0.0000000
1518	0.0000000
1519	-0.0000002
1520	-0.0000007
1521	0.0000000
1522	0.0000000
1523	0.0000000
1524	-0.0000441
1525	-0.0017918
1526	-0.0051810
1527	-0.0055752
1528	-0.0043764
1529	-0.0039398
1530	-0.0028240
1531	-0.0012963
1532	-0.0001447
1533	-0.0000020
1534	0.0000000
1535	0.0000000
1536	0.0000000
1537	0.0000000
1538	0.0000000
1539	0.0000000
1540	0.0000000
1541	0.0000000
1542	-0.0000000
1543	-0.0000176
1544	-0.0002369
1545	-0.0012034
1546	-0.0036090
1547	-0.0052884
1548	-0.0064407
1549	-0.0071154
1550	-0.0070872
1551	-0.0067633
1552	-0.0058388
1553	-0.0039635
1554	-0.0019276
1555	-0.0006704
1556	-0.0000196
1557	-0.0000046
1558	0.0000000
1559	0.0000000
1560	0.0000000
1561	0.0000000
1562	0.0000000
1563	0.0000000
1564	0.0000000
1565	0.0000000
1566	0.0000000
1567	-0.0000163
1568	-0.0003028
1569	-0.0013903
1570	-0.0034928
1571	-0.0053346
1572	-0.0039022
1573	-0.0021655
1574	-0.0021774
1575	-0.0019405
1576	-0.0014191
1577	-0.0007848
1578	-0.0003947
1579	-0.0001614
1580	-0.0000027
1581	-0.0000001
1582	-0.0000002
1583	0.0000000
1584	0.0000000
1585	0.0000000
1586	0.0000000
1587	0.0000000
1588	0.0000000
1589	0.0000000
1590	-0.0000000
1591	-0.0000202
1592	-0.0001338
1593	-0.0006269
1594	-0.0025304
1595	-0.0049236
1596	-0.0062166
1597	-0.0068716
1598	-0.0070751
1599	-0.0065863
1600	-0.0055668
1601	-0.0053179
1602	-0.0030683
1603	-0.0011891
1604	-0.0002029
1605	-0.0000039
1606	-0.0000001
1607	0.0000000
1608	0.0000000
1609	0.0000000
1610	0.0000000
1611	0.0000000
1612	0.0000000
1613	0.0000000
1614	-0.0000000
1615	-0.0000042
1616	-0.0004277
1617	-0.0021052
1618	-0.0040101
1619	-0.0053746
1620	-0.0064146
1621	-0.0069463
1622	-0.0045153
1623	-0.0039119
1624	-0.0052516
1625	-0.0044220
1626	-0.0029213
1627	-0.0014558
1628	-0.0001313
1629	-0.0000192
1630	-0.0000146
1631	-0.0000093
1632	-0.0000000
1633	0.0000000
1634	0.0000000
1635	0.0000000
1636	0.0000000
1637	0.0000000
1638	0.0000000
1639	0.0000000
1640	-0.0000089
1641	-0.0000005
1642	0.0000000
1643	-0.0003612
1644	-0.0036392
1645	-0.0059615
1646	-0.0062752
1647	-0.0056891
1648	-0.0059930
1649	-0.0052223
1650	-0.0036962
1651	-0.0015498
1652	-0.0002938
1653	-0.0000057
1654	-0.0000035
1655	-0.0000006
1656	0.0000000
1657	0.0000000
1658	0.0000000
1659	0.0000000
1660	0.0000000
1661	0.0000000
1662	0.0000000
1663	-0.0000004
1664	-0.0001304
1665	-0.0019115
1666	-0.0042864
1667	-0.0050748
1668	-0.0063783
1669	-0.0065185
1670	-0.0065166
1671	-0.0044778
1672	-0.0036253
1673	-0.0029205
1674	-0.0022940
1675	-0.0011982
1676	-0.0001454
1677	-0.0000192
1678	-0.0000013
1679	0.0000000
1680	0.0000000
1681	0.0000000
1682	0.0000000
1683	0.0000000
1684	0.0000000
1685	0.0000000
1686	-0.0000000
1687	-0.0000558
1688	-0.0012982
1689	-0.0026222
1690	-0.0034186
1691	-0.0034716
1692	-0.0042103
1693	-0.0038627
1694	-0.0044389
1695	-0.0050102
1696	-0.0041943
1697	-0.0045857
1698	-0.0035682
1699	-0.0000299
1700	0.0000000
1701	0.0000000
1702	0.0000000
1703	0.0000000
1704	0.0000000
1705	0.0000000
1706	0.0000000
1707	0.0000000
1708	0.0000000
1709	-0.0000000
1710	-0.0000001
1711	-0.0000255
1712	-0.0005916
1713	-0.0028378
1714	-0.0039642
1715	-0.0044131
1716	-0.0045387
1717	-0.0042071
1718	-0.0045398
1719	-0.0042322
1720	-0.0035744
1721	-0.0035092
1722	-0.0027804
1723	-0.0008837
1724	-0.0001679
1725	-0.0000096
1726	-0.0000088
1727	-0.0000097
1728	-0.0000000
1729	0.0000000
1730	0.0000000
1731	0.0000000
1732	0.0000000
1733	0.0000000
1734	-0.0000000
1735	-0.0000063
1736	-0.0001758
1737	-0.0018056
1738	-0.0035793
1739	-0.0046072
1740	-0.0054821
1741	-0.0059360
1742	-0.0062890
1743	-0.0056337
1744	-0.0045129
1745	-0.0038195
1746	-0.0026437
1747	-0.0006203
1748	-0.0000436
1749	-0.0000032
1750	-0.0000032
1751	-0.0000028
1752	0.0000000
1753	0.0000000
1754	0.0000000
1755	0.0000000
1756	0.0000000
1757	0.0000000
1758	0.0000000
1759	0.0000000
1760	-0.0000018
1761	-0.0000378
1762	-0.0003129
1763	-0.0023062
1764	-0.0043636
1765	-0.0051978
1766	-0.0055564
1767	-0.0054539
1768	-0.0048966
1769	-0.0040527
1770	-0.0021569
1771	-0.0005029
1772	-0.0001251
1773	-0.0000034
1774	-0.0000001
1775	-0.0000021
1776	0.0000000
1777	0.0000000
1778	0.0000000
1779	0.0000000
1780	0.0000000
1781	0.0000000
1782	0.0000000
1783	-0.0000025
1784	-0.0000451
1785	-0.0001775
1786	-0.0000016
1787	-0.0000033
1788	-0.0006437
1789	-0.0029335
1790	-0.0037656
1791	-0.0036238
1792	-0.0022175
1793	-0.0028057
1794	-0.0017490
1795	-0.0003048
1796	-0.0000090
1797	-0.0000000
1798	0.0000000
1799	0.0000000
1800	0.0000000
1801	0.0000000
1802	0.0000000
1803	0.0000000
1804	0.0000000
1805	0.0000000
1806	0.0000000
1807	-0.0000003
1808	-0.0000167
1809	-0.0002232
1810	-0.0006050
1811	-0.0011431
1812	-0.0014094
1813	-0.0004618
1814	-0.0004671
1815	-0.0012563
1816	-0.0021494
1817	-0.0026501
1818	-0.0016522
1819	-0.0003873
1820	-0.0000337
1821	-0.0000079
1822	-0.0000058
1823	0.0000000
1824	0.0000000
1825	0.0000000
1826	0.0000000
1827	0.0000000
1828	0.0000000
1829	-0.0000000
1830	-0.0000000
1831	-0.0000059
1832	-0.0000864
1833	-0.0005233
1834	-0.0013349
1835	-0.0029474
1836	-0.0041624
1837	-0.0049423
1838	-0.0053248
1839	-0.0054447
1840	-0.0048040
1841	-0.0034352
1842	-0.0013734
1843	-0.0003527
1844	-0.0000458
1845	-0.0000083
1846	-0.0000091
1847	-0.0000062
1848	0.0000000
1849	0.0000000
1850	0.0000000
1851	0.0000000
1852	0.0000000
1853	0.0000000
1854	0.0000000
1855	-0.0000009
1856	-0.0000792
1857	-0.0002998
1858	-0.0008136
1859	-0.0017127
1860	-0.0017080
1861	-0.0017231
1862	-0.0018712
1863	-0.0017756
1864	-0.0017675
1865	-0.0015091
1866	-0.0008237
1867	-0.0002808
1868	-0.0000280
1869	-0.0000075
1870	-0.0000095
1871	-0.0000100
1872	0.0000000
1873	0.0000000
1874	0.0000000
1875	0.0000000
1876	0.0000000
1877	0.0000000
1878	0.0000000
1879	-0.0000010
1880	-0.0000218
1881	-0.0003057
1882	-0.0014215
1883	-0.0031954
1884	-0.0032930
1885	-0.0040467
1886	-0.0050779
1887	-0.0054291
1888	-0.0041366
1889	-0.0040293
1890	-0.0023256
1891	-0.0004667
1892	-0.0000220
1893	-0.0000020
1894	-0.0000132
1895	-0.0000000
1896	0.0000000
1897	0.0000000
1898	0.0000000
1899	0.0000000
1900	0.0000000
1901	-0.0000000
1902	-0.0000001
1903	-0.0000284
1904	-0.0004745
1905	-0.0017626
1906	-0.0027999
1907	-0.0032656
1908	-0.0034256
1909	-0.0035366
1910	-0.0039829
1911	-0.0027889
1912	-0.0025226
1913	-0.0021971
1914	-0.0018241
1915	-0.0005853
1916	-0.0000626
1917	-0.0000147
1918	-0.0000103
1919	-0.0000070
1920	0.0000000
1921	0.0000000
1922	0.0000000
1923	0.0000000
1924	0.0000000
1925	0.0000000
1926	0.0000000
1927	-0.0000001
1928	-0.0000228
1929	-0.0008056
1930	-0.0027865
1931	-0.0035511
1932	-0.0035585
1933	-0.0048203
1934	-0.0053432
1935	-0.0052551
1936	-0.0046705
1937	-0.0039484
1938	-0.0023589
1939	-0.0007808
1940	-0.0001441
1941	-0.0000114
1942	-0.0000098
1943	-0.0000040
1944	0.0000000
1945	0.0000000
1946	0.0000000
1947	0.0000000
1948	0.0000000
1949	0.0000000
1950	-0.0000000
1951	-0.0000046
1952	-0.0001137
1953	-0.0016414
1954	-0.0034166
1955	-0.0045037
1956	-0.0051324
1957	-0.0059842
1958	-0.0063899
1959	-0.0062705
1960	-0.0057360
1961	-0.0046713
1962	-0.0029066
1963	-0.0008533
1964	-0.0000847
1965	-0.0000095
1966	-0.0000133
1967	-0.0000000
1968	0.0000000
1969	0.0000000
1970	0.0000000
1971	0.0000000
1972	0.0000000
1973	-0.0000001
1974	-0.0000003
1975	-0.0000167
1976	-0.0004137
1977	-0.0026092
1978	-0.0043538
1979	-0.0058509
1980	-0.0070625
1981	-0.0073879
1982	-0.0074844
1983	-0.0072294
1984	-0.0066707
1985	-0.0051768
1986	-0.0031731
1987	-0.0011629
1988	-0.0000714
1989	-0.0000088
1990	-0.0000001
