TIME_UNITS h
DATA_UNITS kg/s
0	-0.0000007
1	-0.0000017
2	-0.0000021
3	-0.0000010
4	-0.0000006
5	-0.0000003
6	-0.0000031
7	-0.0000413
8	-0.0002528
9	-0.0005236
10	-0.0008348
11	-0.0011553
12	-0.0012757
13	-0.0013688
14	-0.0014601
15	-0.0014927
16	-0.0014592
17	-0.0013196
18	-0.0010777
19	-0.0006814
20	-0.0002357
21	-0.0000265
22	-0.0000026
23	-0.0000012
24	-0.0000013
25	-0.0000010
26	-0.0000004
27	-0.0000004
28	0.0000000
29	0.0000000
30	0.0000000
31	0.0000000
32	-0.0001885
33	-0.0006101
34	-0.0010716
35	-0.0014140
36	-0.0015599
37	-0.0016345
38	-0.0014814
39	-0.0011772
40	-0.0010086
41	-0.0004244
42	-0.0002036
43	-0.0001490
44	-0.0000387
45	-0.0000001
46	0.0000000
47	0.0000000
48	0.0000000
49	0.0000000
50	0.0000000
51	0.0000000
52	0.0000000
53	0.0000000
54	0.0000000
55	0.0000000
56	0.0000000
57	-0.0000000
58	-0.0000102
59	-0.0001403
60	-0.0009327
61	-0.0010014
62	-0.0014501
63	-0.0014428
64	-0.0000012
65	0.0000000
66	-0.0000253
67	-0.0001140
68	-0.0000370
69	-0.0000013
70	-0.0000000
71	-0.0000010
72	-0.0000006
73	-0.0000007
74	-0.0000002
75	-0.0000001
76	-0.0000007
77	-0.0000006
78	-0.0000179
79	-0.0001410
80	-0.0001502
81	-0.0002836
82	-0.0004847
83	-0.0006169
84	-0.0006592
85	-0.0009300
86	-0.0011552
87	-0.0012150
88	-0.0009768
89	-0.0009408
90	-0.0006817
91	-0.0003029
92	-0.0001002
93	-0.0000085
94	-0.0000016
95	0.0000000
96	0.0000000
97	0.0000000
98	0.0000000
99	0.0000000
100	0.0000000
101	0.0000000
102	0.0000000
103	-0.0000266
104	-0.0002466
105	-0.0007733
106	-0.0011301
107	-0.0014968
108	-0.0014261
109	-0.0012670
110	-0.0009043
111	-0.0000037
112	0.0000000
113	-0.0000076
114	-0.0000508
115	-0.0000001
116	-0.0000000
117	0.0000000
118	0.0000000
119	0.0000000
120	0.0000000
121	-0.0000000
122	0.0000000
123	-0.0000000
124	-0.0000002
125	-0.0000001
126	-0.0000008
127	0.0000000
128	-0.0000103
129	-0.0000736
130	-0.0001542
131	-0.0002174
132	-0.0003024
133	-0.0003004
134	-0.0002671
135	-0.0002493
136	-0.0004191
137	-0.0005216
138	-0.0004698
139	-0.0003457
140	-0.0000622
141	-0.0000017
142	0.0000000
143	0.0000000
144	0.0000000
145	0.0000000
146	-0.0000000
147	-0.0000000
148	-0.0000001
149	0.0000000
150	-0.0000002
151	-0.0000357
152	-0.0001550
153	-0.0007255
154	-0.0012698
155	-0.0014046
156	-0.0018602
157	-0.0012317
158	-0.0013192
159	-0.0010989
160	-0.0007058
161	-0.0006348
162	-0.0005807
163	-0.0002688
164	-0.0001044
165	-0.0000182
166	-0.0000039
167	-0.0000030
168	0.0000000
169	0.0000000
170	0.0000000
171	0.0000000
172	-0.0000000
173	-0.0000000
174	-0.0000045
175	-0.0000327
176	-0.0001204
177	-0.0002309
178	-0.0002509
179	-0.0004906
180	-0.0009170
181	-0.0010164
182	-0.0009898
183	-0.0008405
184	-0.0003302
185	-0.0003956
186	-0.0005007
187	-0.0003601
188	-0.0000723
189	-0.0000002
190	0.0000000
191	0.0000000
192	0.0000000
193	0.0000000
194	0.0000000
195	0.0000000
196	0.0000000
197	-0.0000000
198	-0.0000001
199	-0.0000167
200	-0.0000931
201	-0.0002595
202	-0.0004114
203	-0.0006973
204	-0.0008483
205	-0.0007330
206	-0.0006960
207	-0.0007242
208	-0.0002677
209	-0.0004433
210	-0.0003698
211	-0.0000053
212	-0.0000004
213	-0.0000000
214	-0.0000000
215	0.0000000
216	0.0000000
217	0.0000000
218	0.0000000
219	0.0000000
220	0.0000000
221	0.0000000
222	0.0000000
223	-0.0000001
224	-0.0000004
225	-0.0000022
226	-0.0000002
227	-0.0000007
228	-0.0000031
229	-0.0000399
230	-0.0001258
231	-0.0002039
232	-0.0003535
233	-0.0004265
234	-0.0003109
235	-0.0001711
236	-0.0000354
237	0.0000000
238	0.0000000
239	0.0000000
240	0.0000000
241	0.0000000
242	0.0000000
243	0.0000000
244	0.0000000
245	0.0000000
246	0.0000000
247	-0.0000005
248	-0.0001484
249	-0.0006056
250	-0.0011657
251	-0.0014656
252	-0.0017301
253	-0.0019291
254	-0.0019831
255	-0.0019325
256	-0.0016823
257	-0.0015181
258	-0.0011981
259	-0.0007502
260	-0.0001870
261	-0.0000090
262	-0.0000010
263	0.0000000
264	0.0000000
265	0.0000000
266	0.0000000
267	0.0000000
268	0.0000000
269	-0.0000000
270	-0.0000001
271	-0.0000201
272	-0.0002601
273	-0.0004759
274	-0.0007227
275	-0.0012744
276	-0.0019582
277	-0.0020412
278	-0.0020565
279	-0.0021212
280	-0.0018540
281	-0.0017117
282	-0.0012698
283	-0.0006022
284	-0.0001711
285	-0.0000356
286	-0.0000111
287	-0.0000000
288	0.0000000
289	0.0000000
290	0.0000000
291	0.0000000
292	0.0000000
293	-0.0000000
294	-0.0000012
295	-0.0000654
296	-0.0005977
297	-0.0009906
298	-0.0014848
299	-0.0017649
300	-0.0019165
301	-0.0019148
302	-0.0016366
303	-0.0015378
304	-0.0016395
305	-0.0008050
306	-0.0009381
307	-0.0004859
308	-0.0001411
309	-0.0000038
310	0.0000000
311	0.0000000
312	0.0000000
313	0.0000000
314	0.0000000
315	0.0000000
316	0.0000000
317	0.0000000
318	0.0000000
319	-0.0000147
320	-0.0001457
321	-0.0005335
322	-0.0011270
323	-0.0015147
324	-0.0017391
325	-0.0018912
326	-0.0018912
327	-0.0018775
328	-0.0017776
329	-0.0014755
330	-0.0011029
331	-0.0005909
332	-0.0001820
333	-0.0000156
334	0.0000000
335	0.0000000
336	0.0000000
337	0.0000000
338	0.0000000
339	0.0000000
340	0.0000000
341	0.0000000
342	0.0000000
343	-0.0000258
344	-0.0002101
345	-0.0005484
346	-0.0010115
347	-0.0014992
348	-0.0018254
349	-0.0019991
350	-0.0020636
351	-0.0020441
352	-0.0018995
353	-0.0015016
354	-0.0008346
355	-0.0005676
356	-0.0001629
357	-0.0000177
358	-0.0000044
359	-0.0000000
360	0.0000000
361	0.0000000
362	0.0000000
363	0.0000000
364	0.0000000
365	0.0000000
366	0.0000000
367	0.0000000
368	0.0000000
369	-0.0000056
370	-0.0000895
371	-0.0005643
372	-0.0006488
373	-0.0006391
374	-0.0004612
375	-0.0008135
376	-0.0009676
377	-0.0010573
378	-0.0009036
379	-0.0005144
380	-0.0001176
381	-0.0000067
382	-0.0000011
383	-0.0000000
384	0.0000000
385	0.0000000
386	0.0000000
387	0.0000000
388	0.0000000
389	0.0000000
390	0.0000000
391	-0.0000102
392	-0.0000732
393	-0.0000350
394	-0.0000457
395	-0.0001001
396	-0.0002358
397	-0.0002339
398	-0.0000765
399	-0.0000946
400	-0.0003954
401	-0.0011229
402	-0.0009809
403	-0.0006449
404	-0.0001513
405	-0.0000058
406	-0.0000031
407	-0.0000002
408	0.0000000
409	0.0000000
410	0.0000000
411	0.0000000
412	0.0000000
413	0.0000000
414	0.0000000
415	-0.0000051
416	-0.0000890
417	-0.0002859
418	-0.0004342
419	-0.0005643
420	-0.0006375
421	-0.0007543
422	-0.0008362
423	-0.0010602
424	-0.0012257
425	-0.0010978
426	-0.0008462
427	-0.0006216
428	-0.0002372
429	-0.0000070
430	-0.0000008
431	-0.0000003
432	0.0000000
433	0.0000000
434	0.0000000
435	0.0000000
436	0.0000000
437	0.0000000
438	0.0000000
439	-0.0000003
440	-0.0000010
441	-0.0000085
442	-0.0000067
443	-0.0000000
444	0.0000000
445	0.0000000
446	-0.0001855
447	-0.0011099
448	-0.0004740
449	-0.0000010
450	0.0000000
451	0.0000000
452	0.0000000
453	-0.0000000
454	-0.0000000
455	-0.0000002
456	-0.0000005
457	0.0000000
458	0.0000000
459	0.0000000
460	0.0000000
461	0.0000000
462	-0.0000003
463	-0.0000107
464	-0.0000506
465	-0.0001291
466	-0.0002924
467	-0.0004617
468	-0.0004150
469	-0.0003972
470	-0.0005814
471	-0.0003019
472	-0.0007452
473	-0.0007796
474	-0.0006806
475	-0.0004293
476	-0.0000621
477	-0.0000000
478	0.0000000
479	-0.0000011
480	0.0000000
481	0.0000000
482	0.0000000
483	0.0000000
484	0.0000000
485	0.0000000
486	-0.0000003
487	-0.0000038
488	-0.0000061
489	-0.0000007
490	-0.0000056
491	-0.0001012
492	-0.0001803
493	-0.0004570
494	-0.0006216
495	-0.0006308
496	-0.0007940
497	-0.0008151
498	-0.0007589
499	-0.0005340
500	-0.0002680
501	-0.0000237
502	-0.0000004
503	-0.0000009
504	-0.0000025
505	-0.0000010
506	-0.0000025
507	-0.0000046
508	-0.0000059
509	-0.0000050
510	-0.0000872
511	-0.0001629
512	-0.0003043
513	-0.0000032
514	0.0000000
515	-0.0000611
516	-0.0003485
517	-0.0007735
518	-0.0009958
519	-0.0009897
520	-0.0009044
521	-0.0008821
522	-0.0008999
523	-0.0007055
524	-0.0003632
525	-0.0000368
526	-0.0000027
527	-0.0000000
528	0.0000000
529	0.0000000
530	0.0000000
531	0.0000000
532	0.0000000
533	0.0000000
534	-0.0000001
535	-0.0000026
536	-0.0001160
537	-0.0005680
538	-0.0007304
539	-0.0008146
540	-0.0007015
541	-0.0009900
542	-0.0011677
543	-0.0011499
544	-0.0010082
545	-0.0008855
546	-0.0007931
547	-0.0006068
548	-0.0002986
549	-0.0000394
550	-0.0000036
551	-0.0000000
552	0.0000000
553	0.0000000
554	0.0000000
555	0.0000000
556	0.0000000
557	0.0000000
558	-0.0000000
559	-0.0000033
560	-0.0001514
561	-0.0006479
562	-0.0009138
563	-0.0008997
564	-0.0010316
565	-0.0012965
566	-0.0013980
567	-0.0014667
568	-0.0014391
569	-0.0012990
570	-0.0010844
571	-0.0007813
572	-0.0002846
573	-0.0000578
574	-0.0000000
575	0.0000000
576	0.0000000
577	0.0000000
578	0.0000000
579	0.0000000
580	-0.0000000
581	-0.0000000
582	-0.0000002
583	-0.0000091
584	-0.0001674
585	-0.0007550
586	-0.0011568
587	-0.0014766
588	-0.0017520
589	-0.0018576
590	-0.0018596
591	-0.0018329
592	-0.0015754
593	-0.0014247
594	-0.0011205
595	-0.0008196
596	-0.0002016
597	-0.0000195
598	-0.0000038
599	0.0000000
600	0.0000000
601	0.0000000
602	0.0000000
603	0.0000000
604	0.0000000
605	-0.0000000
606	-0.0000014
607	-0.0000396
608	-0.0004178
609	-0.0011306
610	-0.0015094
611	-0.0017996
612	-0.0020194
613	-0.0021722
614	-0.0022695
615	-0.0022589
616	-0.0021606
617	-0.0018245
618	-0.0012579
619	-0.0006790
620	-0.0002106
621	-0.0000437
622	-0.0000070
623	-0.0000097
624	-0.0000000
625	0.0000000
626	0.0000000
627	0.0000000
628	0.0000000
629	0.0000000
630	-0.0000004
631	-0.0000211
632	-0.0005657
633	-0.0013108
634	-0.0016750
635	-0.0020202
636	-0.0022069
637	-0.0023112
638	-0.0023282
639	-0.0023778
640	-0.0023381
641	-0.0020072
642	-0.0012779
643	-0.0007592
644	-0.0002725
645	-0.0000579
646	-0.0000125
647	-0.0000142
648	-0.0000000
649	0.0000000
650	0.0000000
651	0.0000000
652	0.0000000
653	-0.0000000
654	-0.0000012
655	-0.0000579
656	-0.0006124
657	-0.0013777
658	-0.0018185
659	-0.0019860
660	-0.0022670
661	-0.0025453
662	-0.0025631
663	-0.0024757
664	-0.0025520
665	-0.0021924
666	-0.0015694
667	-0.0010679
668	-0.0003228
669	-0.0000393
670	-0.0000128
671	-0.0000091
672	-0.0000000
673	0.0000000
674	0.0000000
675	0.0000000
676	0.0000000
677	0.0000000
678	0.0000000
679	-0.0000005
680	-0.0000004
681	-0.0000008
682	-0.0000387
683	-0.0003209
684	-0.0000362
685	-0.0000989
686	-0.0003570
687	-0.0006260
688	-0.0009105
689	-0.0006780
690	-0.0004139
691	-0.0001702
692	-0.0000179
693	-0.0000104
694	-0.0000000
695	0.0000000
696	0.0000000
697	0.0000000
698	0.0000000
699	0.0000000
700	-0.0000000
701	-0.0000001
702	-0.0000001
703	-0.0000006
704	-0.0001305
705	-0.0004129
706	-0.0004355
707	-0.0009774
708	-0.0011198
709	-0.0012774
710	-0.0009697
711	-0.0011063
712	-0.0014367
713	-0.0012513
714	-0.0009492
715	-0.0003252
716	-0.0000424
717	-0.0000052
718	-0.0000022
719	0.0000000
720	0.0000000
721	0.0000000
722	0.0000000
723	0.0000000
724	0.0000000
725	0.0000000
726	-0.0000003
727	-0.0000131
728	-0.0001778
729	-0.0003804
730	-0.0006848
731	-0.0014744
732	-0.0018425
733	-0.0018893
734	-0.0013790
735	-0.0014149
736	-0.0019197
737	-0.0015217
738	-0.0011204
739	-0.0005556
740	-0.0000723
741	-0.0000118
742	-0.0000030
743	0.0000000
744	0.0000000
745	0.0000000
746	0.0000000
747	0.0000000
748	0.0000000
749	-0.0000000
750	-0.0000002
751	-0.0000034
752	-0.0000136
753	-0.0000012
754	-0.0000013
755	-0.0002212
756	-0.0006214
757	-0.0009927
758	-0.0011387
759	-0.0013811
760	-0.0014170
761	-0.0015383
762	-0.0011616
763	-0.0007233
764	-0.0002470
765	-0.0000076
766	-0.0000036
767	0.0000000
768	0.0000000
769	0.0000000
770	0.0000000
771	0.0000000
772	0.0000000
773	0.0000000
774	0.0000000
775	-0.0000024
776	-0.0001107
777	-0.0003819
778	-0.0009496
779	-0.0014399
780	-0.0018392
781	-0.0018125
782	-0.0018474
783	-0.0019062
784	-0.0018194
785	-0.0017686
786	-0.0013419
787	-0.0008022
788	-0.0001862
789	-0.0000397
790	-0.0000050
791	0.0000000
792	0.0000000
793	0.0000000
794	0.0000000
795	0.0000000
796	0.0000000
797	0.0000000
798	0.0000000
799	-0.0000000
800	-0.0001583
801	-0.0007369
802	-0.0013949
803	-0.0018196
804	-0.0021431
805	-0.0022478
806	-0.0023188
807	-0.0022709
808	-0.0021162
809	-0.0017858
810	-0.0012577
811	-0.0004748
812	-0.0000114
813	-0.0000049
814	-0.0000048
815	-0.0000046
816	0.0000000
817	0.0000000
818	0.0000000
819	0.0000000
820	0.0000000
821	0.0000000
822	-0.0000001
823	-0.0000145
824	-0.0002488
825	-0.0011448
826	-0.0015564
827	-0.0018795
828	-0.0021829
829	-0.0024012
830	-0.0024639
831	-0.0023863
832	-0.0020284
833	-0.0014508
834	-0.0008093
835	-0.0003245
836	-0.0001626
837	-0.0000086
838	-0.0000021
839	-0.0000001
840	0.0000000
841	0.0000000
842	0.0000000
843	0.0000000
844	0.0000000
845	0.0000000
846	0.0000000
847	-0.0000202
848	-0.0001041
849	-0.0003383
850	-0.0009682
851	-0.0014486
852	-0.0017177
853	-0.0015970
854	-0.0014748
855	-0.0012833
856	-0.0014585
857	-0.0015591
858	-0.0013092
859	-0.0009858
860	-0.0004204
861	-0.0000358
862	-0.0000000
863	0.0000000
864	0.0000000
865	0.0000000
866	0.0000000
867	0.0000000
868	0.0000000
869	-0.0000000
870	-0.0000008
871	-0.0000073
872	-0.0000428
873	-0.0004829
874	-0.0011500
875	-0.0016323
876	-0.0020571
877	-0.0021664
878	-0.0022199
879	-0.0021833
880	-0.0020604
881	-0.0016236
882	-0.0009210
883	-0.0007440
884	-0.0001080
885	-0.0000105
886	-0.0000017
887	-0.0000013
888	0.0000000
889	0.0000000
890	0.0000000
891	0.0000000
892	0.0000000
893	0.0000000
894	0.0000000
895	0.0000000
896	-0.0000839
897	-0.0006445
898	-0.0014294
899	-0.0017761
900	-0.0021252
901	-0.0022845
902	-0.0024109
903	-0.0023384
904	-0.0015664
905	-0.0009354
906	-0.0008052
907	-0.0005111
908	-0.0000537
909	-0.0000331
910	-0.0000100
911	-0.0000090
912	-0.0000000
913	0.0000000
914	0.0000000
915	0.0000000
916	0.0000000
917	0.0000000
918	0.0000000
919	-0.0000010
920	-0.0000348
921	-0.0000142
922	-0.0000890
923	-0.0003840
924	-0.0000217
925	-0.0000178
926	-0.0002221
927	-0.0007599
928	-0.0011208
929	-0.0014417
930	-0.0012274
931	-0.0007770
932	-0.0002226
933	-0.0000191
934	-0.0000037
935	-0.0000024
936	0.0000000
937	0.0000000
938	0.0000000
939	0.0000000
940	0.0000000
941	0.0000000
942	-0.0000000
943	-0.0000060
944	-0.0001612
945	-0.0009544
946	-0.0013414
947	-0.0017087
948	-0.0019883
949	-0.0020245
950	-0.0020885
951	-0.0021070
952	-0.0019844
953	-0.0017268
954	-0.0013807
955	-0.0007351
956	-0.0002767
957	-0.0000220
958	-0.0000054
959	-0.0000032
960	-0.0000000
961	0.0000000
962	0.0000000
963	0.0000000
964	0.0000000
965	0.0000000
966	-0.0000000
967	-0.0000059
968	-0.0002080
969	-0.0010143
970	-0.0014147
971	-0.0016877
972	-0.0017097
973	-0.0014481
974	-0.0016169
975	-0.0017507
976	-0.0015882
977	-0.0014563
978	-0.0010924
979	-0.0006898
980	-0.0001155
981	-0.0000105
982	-0.0000014
983	-0.0000004
984	0.0000000
985	0.0000000
986	0.0000000
987	0.0000000
988	0.0000000
989	0.0000000
990	0.0000000
991	0.0000000
992	-0.0000000
993	-0.0000568
994	-0.0001533
995	-0.0000960
996	-0.0000581
997	-0.0000869
998	-0.0004517
999	-0.0004799
1000	-0.0002004
1001	-0.0000445
1002	-0.0000080
1003	-0.0000038
1004	-0.0000003
1005	0.0000000
1006	0.0000000
1007	0.0000000
1008	0.0000000
1009	0.0000000
1010	0.0000000
1011	0.0000000
1012	0.0000000
1013	0.0000000
1014	0.0000000
1015	-0.0000025
1016	-0.0000309
1017	-0.0002173
1018	-0.0009773
1019	-0.0012709
1020	-0.0016414
1021	-0.0016549
1022	-0.0016298
1023	-0.0017043
1024	-0.0014708
1025	-0.0009195
1026	-0.0004607
1027	-0.0001524
1028	-0.0000596
1029	-0.0000026
1030	0.0000000
1031	0.0000000
1032	0.0000000
1033	0.0000000
1034	0.0000000
1035	0.0000000
1036	0.0000000
1037	0.0000000
1038	0.0000000
1039	-0.0000005
1040	-0.0000560
1041	-0.0003691
1042	-0.0010613
1043	-0.0015355
1044	-0.0005148
1045	-0.0015112
1046	-0.0014243
1047	-0.0013103
1048	-0.0008879
1049	-0.0009159
1050	-0.0007074
1051	-0.0002655
1052	-0.0000576
1053	-0.0000003
1054	-0.0000000
1055	-0.0000000
1056	0.0000000
1057	0.0000000
1058	0.0000000
1059	0.0000000
1060	0.0000000
1061	0.0000000
1062	-0.0000001
1063	-0.0000120
1064	-0.0001054
1065	-0.0004169
1066	-0.0012265
1067	-0.0016046
1068	-0.0017092
1069	-0.0019560
1070	-0.0020239
1071	-0.0020002
1072	-0.0019098
1073	-0.0016290
1074	-0.0012689
1075	-0.0006981
1076	-0.0002177
1077	-0.0000147
1078	-0.0000006
1079	0.0000000
1080	0.0000000
1081	0.0000000
1082	0.0000000
1083	0.0000000
1084	0.0000000
1085	0.0000000
1086	0.0000000
1087	-0.0000019
1088	-0.0000780
1089	-0.0001919
1090	-0.0003110
1091	-0.0004934
1092	-0.0003884
1093	-0.0007404
1094	-0.0008671
1095	-0.0006596
1096	-0.0006057
1097	-0.0002730
1098	-0.0000151
1099	-0.0000015
1100	0.0000000
1101	0.0000000
1102	0.0000000
1103	0.0000000
1104	0.0000000
1105	0.0000000
1106	0.0000000
1107	0.0000000
1108	0.0000000
1109	0.0000000
1110	-0.0000000
1111	-0.0000042
1112	-0.0000430
1113	-0.0001335
1114	-0.0002098
1115	-0.0004655
1116	-0.0006131
1117	-0.0004384
1118	-0.0007171
1119	-0.0013981
1120	-0.0014611
1121	-0.0011157
1122	-0.0005899
1123	-0.0003847
1124	-0.0000179
1125	-0.0000094
1126	-0.0000000
1127	0.0000000
1128	0.0000000
1129	0.0000000
1130	0.0000000
1131	0.0000000
1132	0.0000000
1133	0.0000000
1134	0.0000000
1135	-0.0000009
1136	-0.0000118
1137	-0.0002771
1138	-0.0006805
1139	-0.0006656
1140	-0.0003294
1141	-0.0006646
1142	-0.0007461
1143	-0.0005963
1144	-0.0006842
1145	-0.0000133
1146	-0.0000200
1147	-0.0000188
1148	-0.0000012
1149	0.0000000
1150	0.0000000
1151	-0.0000003
1152	0.0000000
1153	0.0000000
1154	0.0000000
1155	0.0000000
1156	0.0000000
1157	0.0000000
1158	0.0000000
1159	-0.0000056
1160	-0.0000661
1161	-0.0003316
1162	-0.0009254
1163	-0.0015097
1164	-0.0017978
1165	-0.0020043
1166	-0.0020499
1167	-0.0019525
1168	-0.0018635
1169	-0.0016013
1170	-0.0012022
1171	-0.0007198
1172	-0.0002024
1173	-0.0000017
1174	0.0000000
1175	0.0000000
1176	0.0000000
1177	0.0000000
1178	0.0000000
1179	0.0000000
1180	0.0000000
1181	0.0000000
1182	0.0000000
1183	-0.0000003
1184	-0.0000652
1185	-0.0005228
1186	-0.0013113
1187	-0.0017192
1188	-0.0020644
1189	-0.0022027
1190	-0.0023750
1191	-0.0023264
1192	-0.0020984
1193	-0.0017350
1194	-0.0011202
1195	-0.0005767
1196	-0.0001777
1197	-0.0000129
1198	-0.0000022
1199	-0.0000000
1200	0.0000000
1201	0.0000000
1202	0.0000000
1203	0.0000000
1204	0.0000000
1205	-0.0000000
1206	-0.0000003
1207	-0.0000153
1208	-0.0002503
1209	-0.0009233
1210	-0.0013638
1211	-0.0017683
1212	-0.0020585
1213	-0.0022951
1214	-0.0024028
1215	-0.0021844
1216	-0.0020493
1217	-0.0012771
1218	-0.0008087
1219	-0.0006165
1220	-0.0002271
1221	-0.0000104
1222	-0.0000098
1223	-0.0000092
1224	-0.0000000
1225	0.0000000
1226	0.0000000
1227	0.0000000
1228	0.0000000
1229	0.0000000
1230	-0.0000001
1231	-0.0000108
1232	-0.0000392
1233	-0.0001805
1234	-0.0002422
1235	-0.0010921
1236	-0.0015782
1237	-0.0014449
1238	-0.0020147
1239	-0.0019455
1240	-0.0018441
1241	-0.0015083
1242	-0.0012249
1243	-0.0008056
1244	-0.0002494
1245	-0.0000165
1246	-0.0000041
1247	0.0000000
1248	0.0000000
1249	0.0000000
1250	0.0000000
1251	0.0000000
1252	0.0000000
1253	0.0000000
1254	0.0000000
1255	-0.0000005
1256	-0.0000878
1257	-0.0005971
1258	-0.0012214
1259	-0.0015531
1260	-0.0018113
1261	-0.0019123
1262	-0.0017943
1263	-0.0018394
1264	-0.0017838
1265	-0.0015687
1266	-0.0012007
1267	-0.0006314
1268	-0.0001169
1269	-0.0000048
1270	-0.0000047
1271	-0.0000046
1272	0.0000000
1273	0.0000000
1274	0.0000000
1275	0.0000000
1276	0.0000000
1277	0.0000000
1278	0.0000000
1279	-0.0000001
1280	-0.0001049
1281	-0.0004846
1282	-0.0010620
1283	-0.0013941
1284	-0.0015659
1285	-0.0015025
1286	-0.0015147
1287	-0.0012970
1288	-0.0014947
1289	-0.0012264
1290	-0.0010509
1291	-0.0005262
1292	-0.0001218
1293	-0.0000041
1294	-0.0000025
1295	-0.0000021
1296	0.0000000
1297	0.0000000
1298	0.0000000
1299	0.0000000
1300	0.0000000
1301	0.0000000
1302	-0.0000000
1303	-0.0000000
1304	-0.0000001
1305	-0.0000740
1306	-0.0002213
1307	-0.0003756
1308	-0.0007084
1309	-0.0003921
1310	-0.0001911
1311	-0.0002863
1312	-0.0002739
1313	-0.0002766
1314	-0.0002766
1315	-0.0000827
1316	-0.0000330
1317	-0.0000000
1318	0.0000000
1319	0.0000000
1320	0.0000000
1321	0.0000000
1322	0.0000000
1323	0.0000000
1324	0.0000000
1325	0.0000000
1326	-0.0000000
1327	-0.0000016
1328	-0.0000282
1329	-0.0002990
1330	-0.0005792
1331	-0.0011207
1332	-0.0010823
1333	-0.0013441
1334	-0.0010239
1335	-0.0001914
1336	-0.0004636
1337	-0.0011197
1338	-0.0007119
1339	-0.0003497
1340	-0.0000531
1341	-0.0000007
1342	0.0000000
1343	0.0000000
1344	0.0000000
1345	0.0000000
1346	0.0000000
1347	0.0000000
1348	0.0000000
1349	0.0000000
1350	-0.0000005
1351	-0.0000104
1352	-0.0000020
1353	-0.0000071
1354	-0.0000487
1355	-0.0001709
1356	-0.0001049
1357	-0.0000048
1358	0.0000000
1359	0.0000000
1360	-0.0000241
1361	-0.0001643
1362	-0.0004181
1363	-0.0002228
1364	-0.0000127
1365	-0.0000010
1366	-0.0000012
1367	0.0000000
1368	0.0000000
1369	0.0000000
1370	0.0000000
1371	0.0000000
1372	0.0000000
1373	-0.0000000
1374	-0.0000004
1375	-0.0000125
1376	-0.0000359
1377	-0.0001623
1378	-0.0006471
1379	-0.0011582
1380	-0.0008487
1381	-0.0012544
1382	-0.0005257
1383	-0.0013033
1384	-0.0015385
1385	-0.0014443
1386	-0.0010304
1387	-0.0004975
1388	-0.0000104
1389	0.0000000
1390	0.0000000
1391	0.0000000
1392	0.0000000
1393	0.0000000
1394	0.0000000
1395	0.0000000
1396	0.0000000
1397	-0.0000000
1398	-0.0000001
1399	-0.0000144
1400	-0.0001122
1401	-0.0007418
1402	-0.0013264
1403	-0.0018059
1404	-0.0018981
1405	-0.0019032
1406	-0.0014437
1407	-0.0016486
1408	-0.0016731
1409	-0.0015361
1410	-0.0011176
1411	-0.0006036
1412	-0.0001213
1413	-0.0000040
1414	-0.0000015
1415	0.0000000
1416	0.0000000
1417	0.0000000
1418	0.0000000
1419	0.0000000
1420	0.0000000
1421	0.0000000
1422	-0.0000000
1423	-0.0000047
1424	-0.0001737
1425	-0.0008340
1426	-0.0012416
1427	-0.0014749
1428	-0.0015441
1429	-0.0015254
1430	-0.0015733
1431	-0.0000012
1432	0.0000000
1433	-0.0001652
1434	-0.0010016
1435	-0.0006976
1436	-0.0001832
1437	-0.0000056
1438	-0.0000043
1439	-0.0000040
1440	0.0000000
1441	0.0000000
1442	0.0000000
1443	0.0000000
1444	0.0000000
1445	0.0000000
1446	-0.0000000
1447	-0.0000014
1448	-0.0000547
1449	-0.0004122
1450	-0.0011650
1451	-0.0013835
1452	-0.0015441
1453	-0.0014880
1454	-0.0016664
1455	-0.0016044
1456	-0.0014531
1457	-0.0012808
1458	-0.0010231
1459	-0.0006368
1460	-0.0001230
1461	-0.0000050
1462	-0.0000034
1463	-0.0000028
1464	0.0000000
1465	0.0000000
1466	0.0000000
1467	0.0000000
1468	0.0000000
1469	0.0000000
1470	-0.0000000
1471	-0.0000014
1472	-0.0000610
1473	-0.0003891
1474	-0.0010061
1475	-0.0012836
1476	-0.0015798
1477	-0.0017936
1478	-0.0018531
1479	-0.0019153
1480	-0.0015694
1481	-0.0010467
1482	-0.0008810
1483	-0.0002970
1484	-0.0000403
1485	-0.0000025
1486	-0.0000037
1487	-0.0000000
1488	0.0000000
1489	0.0000000
1490	0.0000000
1491	0.0000000
1492	0.0000000
1493	0.0000000
1494	0.0000000
1495	0.0000000
1496	0.0000000
1497	-0.0000116
1498	-0.0002636
1499	-0.0009404
1500	-0.0009860
1501	-0.0015682
1502	-0.0019021
1503	-0.0017858
1504	-0.0016414
1505	-0.0013751
1506	-0.0009688
1507	-0.0003934
1508	-0.0000431
1509	-0.0000003
1510	0.0000000
1511	0.0000000
1512	0.0000000
1513	0.0000000
1514	0.0000000
1515	0.0000000
1516	0.0000000
1517	0.0000000
1518	0.0000000
1519	-0.0000001
1520	-0.0000002
1521	0.0000000
1522	0.0000000
1523	0.0000000
1524	-0.0000125
1525	-0.0005087
1526	-0.0014710
1527	-0.0015829
1528	-0.0012426
1529	-0.0011186
1530	-0.0008018
1531	-0.0003680
1532	-0.0000411
1533	-0.0000006
1534	0.0000000
1535	0.0000000
1536	0.0000000
1537	0.0000000
1538	0.0000000
1539	0.0000000
1540	0.0000000
1541	0.0000000
1542	-0.0000000
1543	-0.0000050
1544	-0.0000673
1545	-0.0003417
1546	-0.0010247
1547	-0.0015015
1548	-0.0018287
1549	-0.0020202
1550	-0.0020122
1551	-0.0019203
1552	-0.0016578
1553	-0.0011253
1554	-0.0005473
1555	-0.0001904
1556	-0.0000056
1557	-0.0000013
1558	0.0000000
1559	0.0000000
1560	0.0000000
1561	0.0000000
1562	0.0000000
1563	0.0000000
1564	0.0000000
1565	0.0000000
1566	0.0000000
1567	-0.0000046
1568	-0.0000860
1569	-0.0003947
1570	-0.0009917
1571	-0.0015146
1572	-0.0011079
1573	-0.0006148
1574	-0.0006182
1575	-0.0005509
1576	-0.0004029
1577	-0.0002228
1578	-0.0001121
1579	-0.0000458
1580	-0.0000008
1581	-0.0000000
1582	-0.0000001
1583	0.0000000
1584	0.0000000
1585	0.0000000
1586	0.0000000
1587	0.0000000
1588	0.0000000
1589	0.0000000
1590	-0.0000000
1591	-0.0000057
1592	-0.0000380
1593	-0.0001780
1594	-0.0007184
1595	-0.0013979
1596	-0.0017650
1597	-0.0019510
1598	-0.0020088
1599	-0.0018700
1600	-0.0015805
1601	-0.0015099
1602	-0.0008712
1603	-0.0003376
1604	-0.0000576
1605	-0.0000011
1606	-0.0000000
1607	0.0000000
1608	0.0000000
1609	0.0000000
1610	0.0000000
1611	0.0000000
1612	0.0000000
1613	0.0000000
1614	-0.0000000
1615	-0.0000012
1616	-0.0001214
1617	-0.0005977
1618	-0.0011386
1619	-0.0015260
1620	-0.0018212
1621	-0.0019722
1622	-0.0012820
1623	-0.0011107
1624	-0.0014910
1625	-0.0012555
1626	-0.0008294
1627	-0.0004133
1628	-0.0000373
1629	-0.0000055
1630	-0.0000041
1631	-0.0000026
1632	-0.0000000
1633	0.0000000
1634	0.0000000
1635	0.0000000
1636	0.0000000
1637	0.0000000
1638	0.0000000
1639	0.0000000
1640	-0.0000025
1641	-0.0000002
1642	0.0000000
1643	-0.0001026
1644	-0.0010333
1645	-0.0016926
1646	-0.0017817
1647	-0.0016153
1648	-0.0017016
1649	-0.0014827
1650	-0.0010494
1651	-0.0004400
1652	-0.0000834
1653	-0.0000016
1654	-0.0000010
1655	-0.0000002
1656	0.0000000
1657	0.0000000
1658	0.0000000
1659	0.0000000
1660	0.0000000
1661	0.0000000
1662	0.0000000
1663	-0.0000001
1664	-0.0000370
1665	-0.0005427
1666	-0.0012170
1667	-0.0014409
1668	-0.0018110
1669	-0.0018508
1670	-0.0018502
1671	-0.0012714
1672	-0.0010293
1673	-0.0008292
1674	-0.0006513
1675	-0.0003402
1676	-0.0000413
1677	-0.0000054
1678	-0.0000004
1679	0.0000000
1680	0.0000000
1681	0.0000000
1682	0.0000000
1683	0.0000000
1684	0.0000000
1685	0.0000000
1686	-0.0000000
1687	-0.0000159
1688	-0.0003686
1689	-0.0007445
1690	-0.0009706
1691	-0.0009857
1692	-0.0011954
1693	-0.0010967
1694	-0.0012603
1695	-0.0014225
1696	-0.0011909
1697	-0.0013020
1698	-0.0010131
1699	-0.0000085
1700	0.0000000
1701	0.0000000
1702	0.0000000
1703	0.0000000
1704	0.0000000
1705	0.0000000
1706	0.0000000
1707	0.0000000
1708	0.0000000
1709	-0.0000000
1710	-0.0000000
1711	-0.0000072
1712	-0.0001680
1713	-0.0008057
1714	-0.0011255
1715	-0.0012530
1716	-0.0012886
1717	-0.0011945
1718	-0.0012890
1719	-0.0012016
1720	-0.0010149
1721	-0.0009964
1722	-0.0007894
1723	-0.0002509
1724	-0.0000477
1725	-0.0000027
1726	-0.0000025
1727	-0.0000028
1728	-0.0000000
1729	0.0000000
1730	0.0000000
1731	0.0000000
1732	0.0000000
1733	0.0000000
1734	-0.0000000
1735	-0.0000018
1736	-0.0000499
1737	-0.0005127
1738	-0.0010162
1739	-0.0013081
1740	-0.0015565
1741	-0.0016854
1742	-0.0017856
1743	-0.0015995
1744	-0.0012813
1745	-0.0010844
1746	-0.0007506
1747	-0.0001761
1748	-0.0000124
1749	-0.0000009
1750	-0.0000009
1751	-0.0000008
1752	0.0000000
1753	0.0000000
1754	0.0000000
1755	0.0000000
1756	0.0000000
1757	0.0000000
1758	0.0000000
1759	0.0000000
1760	-0.0000005
1761	-0.0000107
1762	-0.0000888
1763	-0.0006548
1764	-0.0012389
1765	-0.0014758
1766	-0.0015776
1767	-0.0015485
1768	-0.0013903
1769	-0.0011507
1770	-0.0006124
1771	-0.0001428
1772	-0.0000355
1773	-0.0000010
1774	-0.0000000
1775	-0.0000006
1776	0.0000000
1777	0.0000000
1778	0.0000000
1779	0.0000000
1780	0.0000000
1781	0.0000000
1782	0.0000000
1783	-0.0000007
1784	-0.0000128
1785	-0.0000504
1786	-0.0000005
1787	-0.0000009
1788	-0.0001828
1789	-0.0008329
1790	-0.0010691
1791	-0.0010289
1792	-0.0006296
1793	-0.0007966
1794	-0.0004966
1795	-0.0000865
1796	-0.0000026
1797	-0.0000000
1798	0.0000000
1799	0.0000000
1800	0.0000000
1801	0.0000000
1802	0.0000000
1803	0.0000000
1804	0.0000000
1805	0.0000000
1806	0.0000000
1807	-0.0000001
1808	-0.0000047
1809	-0.0000634
1810	-0.0001718
1811	-0.0003246
1812	-0.0004002
1813	-0.0001311
1814	-0.0001326
1815	-0.0003567
1816	-0.0006103
1817	-0.0007524
1818	-0.0004691
1819	-0.0001100
1820	-0.0000096
1821	-0.0000023
1822	-0.0000016
1823	0.0000000
1824	0.0000000
1825	0.0000000
1826	0.0000000
1827	0.0000000
1828	0.0000000
1829	-0.0000000
1830	-0.0000000
1831	-0.0000017
1832	-0.0000245
1833	-0.0001486
1834	-0.0003790
1835	-0.0008368
1836	-0.0011818
1837	-0.0014032
1838	-0.0015118
1839	-0.0015459
1840	-0.0013640
1841	-0.0009753
1842	-0.0003900
1843	-0.0001001
1844	-0.0000130
1845	-0.0000023
1846	-0.0000026
1847	-0.0000018
1848	0.0000000
1849	0.0000000
1850	0.0000000
1851	0.0000000
1852	0.0000000
1853	0.0000000
1854	0.0000000
1855	-0.0000003
1856	-0.0000225
1857	-0.0000851
1858	-0.0002310
1859	-0.0004863
1860	-0.0004849
1861	-0.0004892
1862	-0.0005313
1863	-0.0005041
1864	-0.0005018
1865	-0.0004285
1866	-0.0002339
1867	-0.0000797
1868	-0.0000079
1869	-0.0000021
1870	-0.0000027
1871	-0.0000028
1872	0.0000000
1873	0.0000000
1874	0.0000000
1875	0.0000000
1876	0.0000000
1877	0.0000000
1878	0.0000000
1879	-0.0000003
1880	-0.0000062
1881	-0.0000868
1882	-0.0004036
1883	-0.0009072
1884	-0.0009350
1885	-0.0011490
1886	-0.0014417
1887	-0.0015415
1888	-0.0011745
1889	-0.0011440
1890	-0.0006603
1891	-0.0001325
1892	-0.0000063
1893	-0.0000006
1894	-0.0000037
1895	-0.0000000
1896	0.0000000
1897	0.0000000
1898	0.0000000
1899	0.0000000
1900	0.0000000
1901	-0.0000000
1902	-0.0000000
1903	-0.0000081
1904	-0.0001347
1905	-0.0005004
1906	-0.0007949
1907	-0.0009272
1908	-0.0009726
1909	-0.0010041
1910	-0.0011308
1911	-0.0007918
1912	-0.0007162
1913	-0.0006238
1914	-0.0005179
1915	-0.0001662
1916	-0.0000178
1917	-0.0000042
1918	-0.0000029
1919	-0.0000020
1920	0.0000000
1921	0.0000000
1922	0.0000000
1923	0.0000000
1924	0.0000000
1925	0.0000000
1926	0.0000000
1927	-0.0000000
1928	-0.0000065
1929	-0.0002287
1930	-0.0007912
1931	-0.0010082
1932	-0.0010103
1933	-0.0013686
1934	-0.0015171
1935	-0.0014921
1936	-0.0013261
1937	-0.0011210
1938	-0.0006698
1939	-0.0002217
1940	-0.0000409
1941	-0.0000032
1942	-0.0000028
1943	-0.0000011
1944	0.0000000
1945	0.0000000
1946	0.0000000
1947	0.0000000
1948	0.0000000
1949	0.0000000
1950	-0.0000000
1951	-0.0000013
1952	-0.0000323
1953	-0.0004660
1954	-0.0009700
1955	-0.0012787
1956	-0.0014572
1957	-0.0016991
1958	-0.0018142
1959	-0.0017803
1960	-0.0016286
1961	-0.0013263
1962	-0.0008252
1963	-0.0002423
1964	-0.0000241
1965	-0.0000027
1966	-0.0000038
1967	-0.0000000
1968	0.0000000
1969	0.0000000
1970	0.0000000
1971	0.0000000
1972	0.0000000
1973	-0.0000000
1974	-0.0000001
1975	-0.0000047
1976	-0.0001175
1977	-0.0007408
1978	-0.0012362
1979	-0.0016612
1980	-0.0020052
1981	-0.0020976
1982	-0.0021250
1983	-0.0020526
1984	-0.0018940
1985	-0.0014698
1986	-0.0009009
1987	-0.0003302
1988	-0.0000203
1989	-0.0000025
1990	-0.0000000
