TIME_UNITS h
DATA_UNITS kg/s
0	-0.0000003
1	-0.0000009
2	-0.0000010
3	-0.0000005
4	-0.0000003
5	-0.0000001
6	-0.0000016
7	-0.0000210
8	-0.0001285
9	-0.0002662
10	-0.0004244
11	-0.0005873
12	-0.0006485
13	-0.0006959
14	-0.0007423
15	-0.0007589
16	-0.0007418
17	-0.0006709
18	-0.0005479
19	-0.0003464
20	-0.0001198
21	-0.0000135
22	-0.0000013
23	-0.0000006
24	-0.0000007
25	-0.0000005
26	-0.0000002
27	-0.0000002
28	0.0000000
29	0.0000000
30	0.0000000
31	0.0000000
32	-0.0000958
33	-0.0003102
34	-0.0005448
35	-0.0007189
36	-0.0007930
37	-0.0008309
38	-0.0007531
39	-0.0005985
40	-0.0005128
41	-0.0002158
42	-0.0001035
43	-0.0000758
44	-0.0000197
45	-0.0000001
46	0.0000000
47	0.0000000
48	0.0000000
49	0.0000000
50	0.0000000
51	0.0000000
52	0.0000000
53	0.0000000
54	0.0000000
55	0.0000000
56	0.0000000
57	-0.0000000
58	-0.0000052
59	-0.0000713
60	-0.0004742
61	-0.0005091
62	-0.0007372
63	-0.0007335
64	-0.0000006
65	0.0000000
66	-0.0000129
67	-0.0000580
68	-0.0000188
69	-0.0000007
70	-0.0000000
71	-0.0000005
72	-0.0000003
73	-0.0000004
74	-0.0000001
75	-0.0000000
76	-0.0000003
77	-0.0000003
78	-0.0000091
79	-0.0000717
80	-0.0000764
81	-0.0001442
82	-0.0002464
83	-0.0003136
84	-0.0003351
85	-0.0004728
86	-0.0005873
87	-0.0006177
88	-0.0004966
89	-0.0004783
90	-0.0003466
91	-0.0001540
92	-0.0000509
93	-0.0000043
94	-0.0000008
95	0.0000000
96	0.0000000
97	0.0000000
98	0.0000000
99	0.0000000
100	0.0000000
101	0.0000000
102	0.0000000
103	-0.0000135
104	-0.0001253
105	-0.0003931
106	-0.0005746
107	-0.0007610
108	-0.0007250
109	-0.0006441
110	-0.0004597
111	-0.0000019
112	0.0000000
113	-0.0000038
114	-0.0000258
115	-0.0000001
116	-0.0000000
117	0.0000000
118	0.0000000
119	0.0000000
120	0.0000000
121	-0.0000000
122	0.0000000
123	-0.0000000
124	-0.0000001
125	-0.0000001
126	-0.0000004
127	0.0000000
128	-0.0000052
129	-0.0000374
130	-0.0000784
131	-0.0001105
132	-0.0001537
133	-0.0001527
134	-0.0001358
135	-0.0001267
136	-0.0002131
137	-0.0002652
138	-0.0002388
139	-0.0001758
140	-0.0000316
141	-0.0000009
142	0.0000000
143	0.0000000
144	0.0000000
145	0.0000000
146	-0.0000000
147	-0.0000000
148	-0.0000000
149	0.0000000
150	-0.0000001
151	-0.0000181
152	-0.0000788
153	-0.0003688
154	-0.0006455
155	-0.0007141
156	-0.0009457
157	-0.0006262
158	-0.0006707
159	-0.0005587
160	-0.0003588
161	-0.0003227
162	-0.0002952
163	-0.0001367
164	-0.0000531
165	-0.0000092
166	-0.0000020
167	-0.0000015
168	0.0000000
169	0.0000000
170	0.0000000
171	0.0000000
172	-0.0000000
173	-0.0000000
174	-0.0000023
175	-0.0000166
176	-0.0000612
177	-0.0001174
178	-0.0001276
179	-0.0002494
180	-0.0004662
181	-0.0005167
182	-0.0005032
183	-0.0004273
184	-0.0001679
185	-0.0002011
186	-0.0002545
187	-0.0001830
188	-0.0000368
189	-0.0000001
190	0.0000000
191	0.0000000
192	0.0000000
193	0.0000000
194	0.0000000
195	0.0000000
196	0.0000000
197	-0.0000000
198	-0.0000000
199	-0.0000085
200	-0.0000473
201	-0.0001319
202	-0.0002091
203	-0.0003545
204	-0.0004313
205	-0.0003726
206	-0.0003538
207	-0.0003682
208	-0.0001361
209	-0.0002253
210	-0.0001880
211	-0.0000027
212	-0.0000002
213	-0.0000000
214	-0.0000000
215	0.0000000
216	0.0000000
217	0.0000000
218	0.0000000
219	0.0000000
220	0.0000000
221	0.0000000
222	0.0000000
223	-0.0000000
224	-0.0000002
225	-0.0000011
226	-0.0000001
227	-0.0000004
228	-0.0000016
229	-0.0000203
230	-0.0000640
231	-0.0001037
232	-0.0001797
233	-0.0002168
234	-0.0001580
235	-0.0000870
236	-0.0000180
237	0.0000000
238	0.0000000
239	0.0000000
240	0.0000000
241	0.0000000
242	0.0000000
243	0.0000000
244	0.0000000
245	0.0000000
246	0.0000000
247	-0.0000003
248	-0.0000754
249	-0.0003079
250	-0.0005926
251	-0.0007451
252	-0.0008796
253	-0.0009807
254	-0.0010082
255	-0.0009825
256	-0.0008552
257	-0.0007718
258	-0.0006091
259	-0.0003814
260	-0.0000951
261	-0.0000046
262	-0.0000005
263	0.0000000
264	0.0000000
265	0.0000000
266	0.0000000
267	0.0000000
268	0.0000000
269	-0.0000000
270	-0.0000001
271	-0.0000102
272	-0.0001323
273	-0.0002419
274	-0.0003674
275	-0.0006479
276	-0.0009955
277	-0.0010377
278	-0.0010455
279	-0.0010784
280	-0.0009425
281	-0.0008702
282	-0.0006456
283	-0.0003062
284	-0.0000870
285	-0.0000181
286	-0.0000056
287	-0.0000000
288	0.0000000
289	0.0000000
290	0.0000000
291	0.0000000
292	0.0000000
293	-0.0000000
294	-0.0000006
295	-0.0000333
296	-0.0003038
297	-0.0005036
298	-0.0007549
299	-0.0008973
300	-0.0009743
301	-0.0009735
302	-0.0008320
303	-0.0007818
304	-0.0008335
305	-0.0004092
306	-0.0004769
307	-0.0002470
308	-0.0000717
309	-0.0000019
310	0.0000000
311	0.0000000
312	0.0000000
313	0.0000000
314	0.0000000
315	0.0000000
316	0.0000000
317	0.0000000
318	0.0000000
319	-0.0000074
320	-0.0000741
321	-0.0002712
322	-0.0005729
323	-0.0007700
324	-0.0008841
325	-0.0009614
326	-0.0009615
327	-0.0009545
328	-0.0009037
329	-0.0007501
330	-0.0005607
331	-0.0003004
332	-0.0000925
333	-0.0000079
334	0.0000000
335	0.0000000
336	0.0000000
337	0.0000000
338	0.0000000
339	0.0000000
340	0.0000000
341	0.0000000
342	0.0000000
343	-0.0000131
344	-0.0001068
345	-0.0002788
346	-0.0005142
347	-0.0007622
348	-0.0009280
349	-0.0010163
350	-0.0010491
351	-0.0010392
352	-0.0009657
353	-0.0007634
354	-0.0004243
355	-0.0002886
356	-0.0000828
357	-0.0000090
358	-0.0000022
359	-0.0000000
360	0.0000000
361	0.0000000
362	0.0000000
363	0.0000000
364	0.0000000
365	0.0000000
366	0.0000000
367	0.0000000
368	0.0000000
369	-0.0000028
370	-0.0000455
371	-0.0002869
372	-0.0003298
373	-0.0003249
374	-0.0002345
375	-0.0004136
376	-0.0004919
377	-0.0005375
378	-0.0004594
379	-0.0002615
380	-0.0000598
381	-0.0000034
382	-0.0000006
383	-0.0000000
384	0.0000000
385	0.0000000
386	0.0000000
387	0.0000000
388	0.0000000
389	0.0000000
390	0.0000000
391	-0.0000052
392	-0.0000372
393	-0.0000178
394	-0.0000232
395	-0.0000509
396	-0.0001199
397	-0.0001189
398	-0.0000389
399	-0.0000481
400	-0.0002010
401	-0.0005709
402	-0.0004987
403	-0.0003279
404	-0.0000769
405	-0.0000030
406	-0.0000016
407	-0.0000001
408	0.0000000
409	0.0000000
410	0.0000000
411	0.0000000
412	0.0000000
413	0.0000000
414	0.0000000
415	-0.0000026
416	-0.0000452
417	-0.0001453
418	-0.0002207
419	-0.0002869
420	-0.0003241
421	-0.0003835
422	-0.0004251
423	-0.0005390
424	-0.0006231
425	-0.0005581
426	-0.0004302
427	-0.0003160
428	-0.0001206
429	-0.0000036
430	-0.0000004
431	-0.0000002
432	0.0000000
433	0.0000000
434	0.0000000
435	0.0000000
436	0.0000000
437	0.0000000
438	0.0000000
439	-0.0000001
440	-0.0000005
441	-0.0000043
442	-0.0000034
443	-0.0000000
444	0.0000000
445	0.0000000
446	-0.0000943
447	-0.0005643
448	-0.0002410
449	-0.0000005
450	0.0000000
451	0.0000000
452	0.0000000
453	-0.0000000
454	-0.0000000
455	-0.0000001
456	-0.0000002
457	0.0000000
458	0.0000000
459	0.0000000
460	0.0000000
461	0.0000000
462	-0.0000001
463	-0.0000055
464	-0.0000257
465	-0.0000657
466	-0.0001487
467	-0.0002347
468	-0.0002110
469	-0.0002019
470	-0.0002956
471	-0.0001535
472	-0.0003789
473	-0.0003963
474	-0.0003460
475	-0.0002182
476	-0.0000316
477	-0.0000000
478	0.0000000
479	-0.0000006
480	0.0000000
481	0.0000000
482	0.0000000
483	0.0000000
484	0.0000000
485	0.0000000
486	-0.0000002
487	-0.0000019
488	-0.0000031
489	-0.0000004
490	-0.0000028
491	-0.0000514
492	-0.0000916
493	-0.0002323
494	-0.0003160
495	-0.0003207
496	-0.0004037
497	-0.0004144
498	-0.0003858
499	-0.0002715
500	-0.0001362
501	-0.0000120
502	-0.0000002
503	-0.0000005
504	-0.0000013
505	-0.0000005
506	-0.0000013
507	-0.0000024
508	-0.0000030
509	-0.0000026
510	-0.0000443
511	-0.0000828
512	-0.0001547
513	-0.0000016
514	0.0000000
515	-0.0000311
516	-0.0001771
517	-0.0003932
518	-0.0005062
519	-0.0005031
520	-0.0004598
521	-0.0004484
522	-0.0004575
523	-0.0003587
524	-0.0001847
525	-0.0000187
526	-0.0000014
527	-0.0000000
528	0.0000000
529	0.0000000
530	0.0000000
531	0.0000000
532	0.0000000
533	0.0000000
534	-0.0000001
535	-0.0000013
536	-0.0000590
537	-0.0002888
538	-0.0003713
539	-0.0004141
540	-0.0003566
541	-0.0005033
542	-0.0005937
543	-0.0005846
544	-0.0005125
545	-0.0004502
546	-0.0004032
547	-0.0003085
548	-0.0001518
549	-0.0000200
550	-0.0000018
551	-0.0000000
552	0.0000000
553	0.0000000
554	0.0000000
555	0.0000000
556	0.0000000
557	0.0000000
558	-0.0000000
559	-0.0000017
560	-0.0000770
561	-0.0003294
562	-0.0004646
563	-0.0004574
564	-0.0005245
565	-0.0006591
566	-0.0007107
567	-0.0007457
568	-0.0007316
569	-0.0006604
570	-0.0005513
571	-0.0003972
572	-0.0001447
573	-0.0000294
574	-0.0000000
575	0.0000000
576	0.0000000
577	0.0000000
578	0.0000000
579	0.0000000
580	-0.0000000
581	-0.0000000
582	-0.0000001
583	-0.0000046
584	-0.0000851
585	-0.0003838
586	-0.0005881
587	-0.0007507
588	-0.0008907
589	-0.0009444
590	-0.0009454
591	-0.0009318
592	-0.0008009
593	-0.0007243
594	-0.0005697
595	-0.0004167
596	-0.0001025
597	-0.0000099
598	-0.0000019
599	0.0000000
600	0.0000000
601	0.0000000
602	0.0000000
603	0.0000000
604	0.0000000
605	-0.0000000
606	-0.0000007
607	-0.0000201
608	-0.0002124
609	-0.0005748
610	-0.0007673
611	-0.0009149
612	-0.0010266
613	-0.0011043
614	-0.0011538
615	-0.0011484
616	-0.0010984
617	-0.0009275
618	-0.0006395
619	-0.0003452
620	-0.0001071
621	-0.0000222
622	-0.0000036
623	-0.0000049
624	-0.0000000
625	0.0000000
626	0.0000000
627	0.0000000
628	0.0000000
629	0.0000000
630	-0.0000002
631	-0.0000107
632	-0.0002876
633	-0.0006664
634	-0.0008516
635	-0.0010271
636	-0.0011219
637	-0.0011750
638	-0.0011836
639	-0.0012088
640	-0.0011886
641	-0.0010204
642	-0.0006497
643	-0.0003859
644	-0.0001385
645	-0.0000294
646	-0.0000063
647	-0.0000072
648	-0.0000000
649	0.0000000
650	0.0000000
651	0.0000000
652	0.0000000
653	-0.0000000
654	-0.0000006
655	-0.0000294
656	-0.0003113
657	-0.0007004
658	-0.0009245
659	-0.0010097
660	-0.0011525
661	-0.0012940
662	-0.0013030
663	-0.0012586
664	-0.0012974
665	-0.0011146
666	-0.0007979
667	-0.0005429
668	-0.0001641
669	-0.0000200
670	-0.0000065
671	-0.0000046
672	-0.0000000
673	0.0000000
674	0.0000000
675	0.0000000
676	0.0000000
677	0.0000000
678	0.0000000
679	-0.0000003
680	-0.0000002
681	-0.0000004
682	-0.0000197
683	-0.0001632
684	-0.0000184
685	-0.0000503
686	-0.0001815
687	-0.0003182
688	-0.0004629
689	-0.0003447
690	-0.0002104
691	-0.0000865
692	-0.0000091
693	-0.0000053
694	-0.0000000
695	0.0000000
696	0.0000000
697	0.0000000
698	0.0000000
699	0.0000000
700	-0.0000000
701	-0.0000000
702	-0.0000001
703	-0.0000003
704	-0.0000663
705	-0.0002099
706	-0.0002214
707	-0.0004969
708	-0.0005693
709	-0.0006494
710	-0.0004930
711	-0.0005625
712	-0.0007304
713	-0.0006362
714	-0.0004826
715	-0.0001653
716	-0.0000216
717	-0.0000026
718	-0.0000011
719	0.0000000
720	0.0000000
721	0.0000000
722	0.0000000
723	0.0000000
724	0.0000000
725	0.0000000
726	-0.0000002
727	-0.0000067
728	-0.0000904
729	-0.0001934
730	-0.0003481
731	-0.0007496
732	-0.0009367
733	-0.0009605
734	-0.0007011
735	-0.0007193
736	-0.0009760
737	-0.0007736
738	-0.0005696
739	-0.0002825
740	-0.0000367
741	-0.0000060
742	-0.0000015
743	0.0000000
744	0.0000000
745	0.0000000
746	0.0000000
747	0.0000000
748	0.0000000
749	-0.0000000
750	-0.0000001
751	-0.0000017
752	-0.0000069
753	-0.0000006
754	-0.0000007
755	-0.0001125
756	-0.0003159
757	-0.0005047
758	-0.0005789
759	-0.0007021
760	-0.0007204
761	-0.0007821
762	-0.0005906
763	-0.0003677
764	-0.0001256
765	-0.0000039
766	-0.0000018
767	0.0000000
768	0.0000000
769	0.0000000
770	0.0000000
771	0.0000000
772	0.0000000
773	0.0000000
774	0.0000000
775	-0.0000012
776	-0.0000563
777	-0.0001942
778	-0.0004828
779	-0.0007320
780	-0.0009350
781	-0.0009215
782	-0.0009392
783	-0.0009691
784	-0.0009250
785	-0.0008992
786	-0.0006822
787	-0.0004078
788	-0.0000947
789	-0.0000202
790	-0.0000026
791	0.0000000
792	0.0000000
793	0.0000000
794	0.0000000
795	0.0000000
796	0.0000000
797	0.0000000
798	0.0000000
799	-0.0000000
800	-0.0000805
801	-0.0003746
802	-0.0007092
803	-0.0009250
804	-0.0010895
805	-0.0011428
806	-0.0011788
807	-0.0011545
808	-0.0010759
809	-0.0009079
810	-0.0006394
811	-0.0002414
812	-0.0000058
813	-0.0000025
814	-0.0000025
815	-0.0000023
816	0.0000000
817	0.0000000
818	0.0000000
819	0.0000000
820	0.0000000
821	0.0000000
822	-0.0000001
823	-0.0000074
824	-0.0001265
825	-0.0005820
826	-0.0007912
827	-0.0009555
828	-0.0011098
829	-0.0012208
830	-0.0012526
831	-0.0012132
832	-0.0010312
833	-0.0007376
834	-0.0004114
835	-0.0001649
836	-0.0000827
837	-0.0000044
838	-0.0000010
839	-0.0000000
840	0.0000000
841	0.0000000
842	0.0000000
843	0.0000000
844	0.0000000
845	0.0000000
846	0.0000000
847	-0.0000103
848	-0.0000529
849	-0.0001720
850	-0.0004922
851	-0.0007364
852	-0.0008733
853	-0.0008119
854	-0.0007498
855	-0.0006524
856	-0.0007415
857	-0.0007926
858	-0.0006656
859	-0.0005012
860	-0.0002137
861	-0.0000182
862	-0.0000000
863	0.0000000
864	0.0000000
865	0.0000000
866	0.0000000
867	0.0000000
868	0.0000000
869	-0.0000000
870	-0.0000004
871	-0.0000037
872	-0.0000218
873	-0.0002455
874	-0.0005847
875	-0.0008298
876	-0.0010458
877	-0.0011014
878	-0.0011286
879	-0.0011099
880	-0.0010475
881	-0.0008254
882	-0.0004682
883	-0.0003782
884	-0.0000549
885	-0.0000053
886	-0.0000009
887	-0.0000006
888	0.0000000
889	0.0000000
890	0.0000000
891	0.0000000
892	0.0000000
893	0.0000000
894	0.0000000
895	0.0000000
896	-0.0000427
897	-0.0003277
898	-0.0007267
899	-0.0009029
900	-0.0010804
901	-0.0011614
902	-0.0012257
903	-0.0011888
904	-0.0007963
905	-0.0004755
906	-0.0004093
907	-0.0002598
908	-0.0000273
909	-0.0000168
910	-0.0000051
911	-0.0000046
912	-0.0000000
913	0.0000000
914	0.0000000
915	0.0000000
916	0.0000000
917	0.0000000
918	0.0000000
919	-0.0000005
920	-0.0000177
921	-0.0000072
922	-0.0000452
923	-0.0001952
924	-0.0000111
925	-0.0000090
926	-0.0001129
927	-0.0003863
928	-0.0005698
929	-0.0007329
930	-0.0006240
931	-0.0003950
932	-0.0001131
933	-0.0000097
934	-0.0000019
935	-0.0000012
936	0.0000000
937	0.0000000
938	0.0000000
939	0.0000000
940	0.0000000
941	0.0000000
942	-0.0000000
943	-0.0000031
944	-0.0000819
945	-0.0004852
946	-0.0006820
947	-0.0008687
948	-0.0010108
949	-0.0010292
950	-0.0010618
951	-0.0010712
952	-0.0010088
953	-0.0008779
954	-0.0007019
955	-0.0003737
956	-0.0001407
957	-0.0000112
958	-0.0000027
959	-0.0000016
960	-0.0000000
961	0.0000000
962	0.0000000
963	0.0000000
964	0.0000000
965	0.0000000
966	-0.0000000
967	-0.0000030
968	-0.0001058
969	-0.0005157
970	-0.0007192
971	-0.0008580
972	-0.0008692
973	-0.0007362
974	-0.0008220
975	-0.0008900
976	-0.0008074
977	-0.0007404
978	-0.0005554
979	-0.0003507
980	-0.0000587
981	-0.0000053
982	-0.0000007
983	-0.0000002
984	0.0000000
985	0.0000000
986	0.0000000
987	0.0000000
988	0.0000000
989	0.0000000
990	0.0000000
991	0.0000000
992	-0.0000000
993	-0.0000289
994	-0.0000780
995	-0.0000488
996	-0.0000295
997	-0.0000442
998	-0.0002296
999	-0.0002440
1000	-0.0001019
1001	-0.0000226
1002	-0.0000040
1003	-0.0000019
1004	-0.0000002
1005	0.0000000
1006	0.0000000
1007	0.0000000
1008	0.0000000
1009	0.0000000
1010	0.0000000
1011	0.0000000
1012	0.0000000
1013	0.0000000
1014	0.0000000
1015	-0.0000013
1016	-0.0000157
1017	-0.0001105
1018	-0.0004968
1019	-0.0006461
1020	-0.0008345
1021	-0.0008413
1022	-0.0008286
1023	-0.0008665
1024	-0.0007477
1025	-0.0004675
1026	-0.0002342
1027	-0.0000775
1028	-0.0000303
1029	-0.0000013
1030	0.0000000
1031	0.0000000
1032	0.0000000
1033	0.0000000
1034	0.0000000
1035	0.0000000
1036	0.0000000
1037	0.0000000
1038	0.0000000
1039	-0.0000003
1040	-0.0000285
1041	-0.0001876
1042	-0.0005395
1043	-0.0007807
1044	-0.0002617
1045	-0.0007683
1046	-0.0007241
1047	-0.0006661
1048	-0.0004514
1049	-0.0004656
1050	-0.0003596
1051	-0.0001350
1052	-0.0000293
1053	-0.0000002
1054	-0.0000000
1055	-0.0000000
1056	0.0000000
1057	0.0000000
1058	0.0000000
1059	0.0000000
1060	0.0000000
1061	0.0000000
1062	-0.0000000
1063	-0.0000061
1064	-0.0000536
1065	-0.0002120
1066	-0.0006235
1067	-0.0008157
1068	-0.0008689
1069	-0.0009944
1070	-0.0010289
1071	-0.0010169
1072	-0.0009709
1073	-0.0008282
1074	-0.0006451
1075	-0.0003549
1076	-0.0001107
1077	-0.0000075
1078	-0.0000003
1079	0.0000000
1080	0.0000000
1081	0.0000000
1082	0.0000000
1083	0.0000000
1084	0.0000000
1085	0.0000000
1086	0.0000000
1087	-0.0000010
1088	-0.0000397
1089	-0.0000976
1090	-0.0001581
1091	-0.0002508
1092	-0.0001974
1093	-0.0003764
1094	-0.0004408
1095	-0.0003354
1096	-0.0003079
1097	-0.0001388
1098	-0.0000077
1099	-0.0000008
1100	0.0000000
1101	0.0000000
1102	0.0000000
1103	0.0000000
1104	0.0000000
1105	0.0000000
1106	0.0000000
1107	0.0000000
1108	0.0000000
1109	0.0000000
1110	-0.0000000
1111	-0.0000022
1112	-0.0000218
1113	-0.0000679
1114	-0.0001067
1115	-0.0002366
1116	-0.0003117
1117	-0.0002229
1118	-0.0003646
1119	-0.0007108
1120	-0.0007428
1121	-0.0005672
1122	-0.0002999
1123	-0.0001956
1124	-0.0000091
1125	-0.0000048
1126	-0.0000000
1127	0.0000000
1128	0.0000000
1129	0.0000000
1130	0.0000000
1131	0.0000000
1132	0.0000000
1133	0.0000000
1134	0.0000000
1135	-0.0000005
1136	-0.0000060
1137	-0.0001409
1138	-0.0003459
1139	-0.0003384
1140	-0.0001675
1141	-0.0003379
1142	-0.0003793
1143	-0.0003032
1144	-0.0003478
1145	-0.0000068
1146	-0.0000102
1147	-0.0000096
1148	-0.0000006
1149	0.0000000
1150	0.0000000
1151	-0.0000001
1152	0.0000000
1153	0.0000000
1154	0.0000000
1155	0.0000000
1156	0.0000000
1157	0.0000000
1158	0.0000000
1159	-0.0000028
1160	-0.0000336
1161	-0.0001686
1162	-0.0004704
1163	-0.0007675
1164	-0.0009140
1165	-0.0010189
1166	-0.0010422
1167	-0.0009926
1168	-0.0009474
1169	-0.0008141
1170	-0.0006112
1171	-0.0003659
1172	-0.0001029
1173	-0.0000009
1174	0.0000000
1175	0.0000000
1176	0.0000000
1177	0.0000000
1178	0.0000000
1179	0.0000000
1180	0.0000000
1181	0.0000000
1182	0.0000000
1183	-0.0000002
1184	-0.0000331
1185	-0.0002658
1186	-0.0006667
1187	-0.0008740
1188	-0.0010495
1189	-0.0011198
1190	-0.0012074
1191	-0.0011827
1192	-0.0010668
1193	-0.0008821
1194	-0.0005695
1195	-0.0002932
1196	-0.0000903
1197	-0.0000066
1198	-0.0000011
1199	-0.0000000
1200	0.0000000
1201	0.0000000
1202	0.0000000
1203	0.0000000
1204	0.0000000
1205	-0.0000000
1206	-0.0000001
1207	-0.0000078
1208	-0.0001273
1209	-0.0004694
1210	-0.0006933
1211	-0.0008990
1212	-0.0010465
1213	-0.0011668
1214	-0.0012215
1215	-0.0011105
1216	-0.0010418
1217	-0.0006493
1218	-0.0004112
1219	-0.0003134
1220	-0.0001155
1221	-0.0000053
1222	-0.0000050
1223	-0.0000047
1224	-0.0000000
1225	0.0000000
1226	0.0000000
1227	0.0000000
1228	0.0000000
1229	0.0000000
1230	-0.0000001
1231	-0.0000055
1232	-0.0000199
1233	-0.0000918
1234	-0.0001231
1235	-0.0005552
1236	-0.0008023
1237	-0.0007346
1238	-0.0010242
1239	-0.0009891
1240	-0.0009375
1241	-0.0007668
1242	-0.0006227
1243	-0.0004096
1244	-0.0001268
1245	-0.0000084
1246	-0.0000021
1247	0.0000000
1248	0.0000000
1249	0.0000000
1250	0.0000000
1251	0.0000000
1252	0.0000000
1253	0.0000000
1254	0.0000000
1255	-0.0000003
1256	-0.0000446
1257	-0.0003036
1258	-0.0006209
1259	-0.0007896
1260	-0.0009209
1261	-0.0009722
1262	-0.0009122
1263	-0.0009351
1264	-0.0009068
1265	-0.0007975
1266	-0.0006104
1267	-0.0003210
1268	-0.0000594
1269	-0.0000024
1270	-0.0000024
1271	-0.0000023
1272	0.0000000
1273	0.0000000
1274	0.0000000
1275	0.0000000
1276	0.0000000
1277	0.0000000
1278	0.0000000
1279	-0.0000001
1280	-0.0000533
1281	-0.0002463
1282	-0.0005399
1283	-0.0007088
1284	-0.0007961
1285	-0.0007639
1286	-0.0007701
1287	-0.0006594
1288	-0.0007599
1289	-0.0006235
1290	-0.0005343
1291	-0.0002675
1292	-0.0000619
1293	-0.0000021
1294	-0.0000013
1295	-0.0000011
1296	0.0000000
1297	0.0000000
1298	0.0000000
1299	0.0000000
1300	0.0000000
1301	0.0000000
1302	-0.0000000
1303	-0.0000000
1304	-0.0000001
1305	-0.0000376
1306	-0.0001125
1307	-0.0001909
1308	-0.0003602
1309	-0.0001993
1310	-0.0000971
1311	-0.0001456
1312	-0.0001392
1313	-0.0001406
1314	-0.0001406
1315	-0.0000420
1316	-0.0000168
1317	-0.0000000
1318	0.0000000
1319	0.0000000
1320	0.0000000
1321	0.0000000
1322	0.0000000
1323	0.0000000
1324	0.0000000
1325	0.0000000
1326	-0.0000000
1327	-0.0000008
1328	-0.0000143
1329	-0.0001520
1330	-0.0002944
1331	-0.0005697
1332	-0.0005502
1333	-0.0006833
1334	-0.0005205
1335	-0.0000973
1336	-0.0002357
1337	-0.0005692
1338	-0.0003619
1339	-0.0001778
1340	-0.0000270
1341	-0.0000004
1342	0.0000000
1343	0.0000000
1344	0.0000000
1345	0.0000000
1346	0.0000000
1347	0.0000000
1348	0.0000000
1349	0.0000000
1350	-0.0000003
1351	-0.0000053
1352	-0.0000010
1353	-0.0000036
1354	-0.0000247
1355	-0.0000869
1356	-0.0000533
1357	-0.0000024
1358	0.0000000
1359	0.0000000
1360	-0.0000123
1361	-0.0000835
1362	-0.0002125
1363	-0.0001133
1364	-0.0000065
1365	-0.0000005
1366	-0.0000006
1367	0.0000000
1368	0.0000000
1369	0.0000000
1370	0.0000000
1371	0.0000000
1372	0.0000000
1373	-0.0000000
1374	-0.0000002
1375	-0.0000064
1376	-0.0000183
1377	-0.0000825
1378	-0.0003290
1379	-0.0005888
1380	-0.0004315
1381	-0.0006377
1382	-0.0002673
1383	-0.0006626
1384	-0.0007821
1385	-0.0007342
1386	-0.0005239
1387	-0.0002529
1388	-0.0000053
1389	0.0000000
1390	0.0000000
1391	0.0000000
1392	0.0000000
1393	0.0000000
1394	0.0000000
1395	0.0000000
1396	0.0000000
1397	-0.0000000
1398	-0.0000001
1399	-0.0000073
1400	-0.0000571
1401	-0.0003771
1402	-0.0006743
1403	-0.0009181
1404	-0.0009650
1405	-0.0009676
1406	-0.0007339
1407	-0.0008381
1408	-0.0008506
1409	-0.0007809
1410	-0.0005682
1411	-0.0003069
1412	-0.0000616
1413	-0.0000020
1414	-0.0000008
1415	0.0000000
1416	0.0000000
1417	0.0000000
1418	0.0000000
1419	0.0000000
1420	0.0000000
1421	0.0000000
1422	-0.0000000
1423	-0.0000024
1424	-0.0000883
1425	-0.0004240
1426	-0.0006312
1427	-0.0007498
1428	-0.0007850
1429	-0.0007755
1430	-0.0007998
1431	-0.0000006
1432	0.0000000
1433	-0.0000840
1434	-0.0005092
1435	-0.0003546
1436	-0.0000931
1437	-0.0000028
1438	-0.0000022
1439	-0.0000020
1440	0.0000000
1441	0.0000000
1442	0.0000000
1443	0.0000000
1444	0.0000000
1445	0.0000000
1446	-0.0000000
1447	-0.0000007
1448	-0.0000278
1449	-0.0002096
1450	-0.0005922
1451	-0.0007034
1452	-0.0007850
1453	-0.0007565
1454	-0.0008472
1455	-0.0008157
1456	-0.0007387
1457	-0.0006511
1458	-0.0005201
1459	-0.0003238
1460	-0.0000625
1461	-0.0000025
1462	-0.0000017
1463	-0.0000014
1464	0.0000000
1465	0.0000000
1466	0.0000000
1467	0.0000000
1468	0.0000000
1469	0.0000000
1470	-0.0000000
1471	-0.0000007
1472	-0.0000310
1473	-0.0001978
1474	-0.0005115
1475	-0.0006526
1476	-0.0008032
1477	-0.0009119
1478	-0.0009421
1479	-0.0009737
1480	-0.0007978
1481	-0.0005321
1482	-0.0004479
1483	-0.0001510
1484	-0.0000205
1485	-0.0000013
1486	-0.0000019
1487	-0.0000000
1488	0.0000000
1489	0.0000000
1490	0.0000000
1491	0.0000000
1492	0.0000000
1493	0.0000000
1494	0.0000000
1495	0.0000000
1496	0.0000000
1497	-0.0000059
1498	-0.0001340
1499	-0.0004781
1500	-0.0005013
1501	-0.0007972
1502	-0.0009670
1503	-0.0009079
1504	-0.0008344
1505	-0.0006991
1506	-0.0004926
1507	-0.0002000
1508	-0.0000219
1509	-0.0000002
1510	0.0000000
1511	0.0000000
1512	0.0000000
1513	0.0000000
1514	0.0000000
1515	0.0000000
1516	0.0000000
1517	0.0000000
1518	0.0000000
1519	-0.0000000
1520	-0.0000001
1521	0.0000000
1522	0.0000000
1523	0.0000000
1524	-0.0000064
1525	-0.0002586
1526	-0.0007478
1527	-0.0008047
1528	-0.0006317
1529	-0.0005687
1530	-0.0004076
1531	-0.0001871
1532	-0.0000209
1533	-0.0000003
1534	0.0000000
1535	0.0000000
1536	0.0000000
1537	0.0000000
1538	0.0000000
1539	0.0000000
1540	0.0000000
1541	0.0000000
1542	-0.0000000
1543	-0.0000025
1544	-0.0000342
1545	-0.0001737
1546	-0.0005209
1547	-0.0007633
1548	-0.0009297
1549	-0.0010271
1550	-0.0010230
1551	-0.0009762
1552	-0.0008428
1553	-0.0005721
1554	-0.0002782
1555	-0.0000968
1556	-0.0000028
1557	-0.0000007
1558	0.0000000
1559	0.0000000
1560	0.0000000
1561	0.0000000
1562	0.0000000
1563	0.0000000
1564	0.0000000
1565	0.0000000
1566	0.0000000
1567	-0.0000023
1568	-0.0000437
1569	-0.0002007
1570	-0.0005042
1571	-0.0007700
1572	-0.0005633
1573	-0.0003126
1574	-0.0003143
1575	-0.0002801
1576	-0.0002048
1577	-0.0001133
1578	-0.0000570
1579	-0.0000233
1580	-0.0000004
1581	-0.0000000
1582	-0.0000000
1583	0.0000000
1584	0.0000000
1585	0.0000000
1586	0.0000000
1587	0.0000000
1588	0.0000000
1589	0.0000000
1590	-0.0000000
1591	-0.0000029
1592	-0.0000193
1593	-0.0000905
1594	-0.0003652
1595	-0.0007107
1596	-0.0008973
1597	-0.0009919
1598	-0.0010212
1599	-0.0009507
1600	-0.0008035
1601	-0.0007676
1602	-0.0004429
1603	-0.0001716
1604	-0.0000293
1605	-0.0000006
1606	-0.0000000
1607	0.0000000
1608	0.0000000
1609	0.0000000
1610	0.0000000
1611	0.0000000
1612	0.0000000
1613	0.0000000
1614	-0.0000000
1615	-0.0000006
1616	-0.0000617
1617	-0.0003039
1618	-0.0005788
1619	-0.0007758
1620	-0.0009259
1621	-0.0010027
1622	-0.0006518
1623	-0.0005647
1624	-0.0007580
1625	-0.0006383
1626	-0.0004217
1627	-0.0002101
1628	-0.0000190
1629	-0.0000028
1630	-0.0000021
1631	-0.0000013
1632	-0.0000000
1633	0.0000000
1634	0.0000000
1635	0.0000000
1636	0.0000000
1637	0.0000000
1638	0.0000000
1639	0.0000000
1640	-0.0000013
1641	-0.0000001
1642	0.0000000
1643	-0.0000521
1644	-0.0005253
1645	-0.0008605
1646	-0.0009058
1647	-0.0008212
1648	-0.0008651
1649	-0.0007538
1650	-0.0005335
1651	-0.0002237
1652	-0.0000424
1653	-0.0000008
1654	-0.0000005
1655	-0.0000001
1656	0.0000000
1657	0.0000000
1658	0.0000000
1659	0.0000000
1660	0.0000000
1661	0.0000000
1662	0.0000000
1663	-0.0000001
1664	-0.0000188
1665	-0.0002759
1666	-0.0006187
1667	-0.0007325
1668	-0.0009207
1669	-0.0009409
1670	-0.0009406
1671	-0.0006463
1672	-0.0005233
1673	-0.0004216
1674	-0.0003311
1675	-0.0001729
1676	-0.0000210
1677	-0.0000028
1678	-0.0000002
1679	0.0000000
1680	0.0000000
1681	0.0000000
1682	0.0000000
1683	0.0000000
1684	0.0000000
1685	0.0000000
1686	-0.0000000
1687	-0.0000081
1688	-0.0001874
1689	-0.0003785
1690	-0.0004935
1691	-0.0005011
1692	-0.0006077
1693	-0.0005576
1694	-0.0006407
1695	-0.0007232
1696	-0.0006054
1697	-0.0006619
1698	-0.0005150
1699	-0.0000043
1700	0.0000000
1701	0.0000000
1702	0.0000000
1703	0.0000000
1704	0.0000000
1705	0.0000000
1706	0.0000000
1707	0.0000000
1708	0.0000000
1709	-0.0000000
1710	-0.0000000
1711	-0.0000037
1712	-0.0000854
1713	-0.0004096
1714	-0.0005722
1715	-0.0006370
1716	-0.0006551
1717	-0.0006073
1718	-0.0006553
1719	-0.0006109
1720	-0.0005159
1721	-0.0005065
1722	-0.0004013
1723	-0.0001276
1724	-0.0000242
1725	-0.0000014
1726	-0.0000013
1727	-0.0000014
1728	-0.0000000
1729	0.0000000
1730	0.0000000
1731	0.0000000
1732	0.0000000
1733	0.0000000
1734	-0.0000000
1735	-0.0000009
1736	-0.0000254
1737	-0.0002606
1738	-0.0005166
1739	-0.0006650
1740	-0.0007913
1741	-0.0008568
1742	-0.0009078
1743	-0.0008132
1744	-0.0006514
1745	-0.0005513
1746	-0.0003816
1747	-0.0000895
1748	-0.0000063
1749	-0.0000005
1750	-0.0000005
1751	-0.0000004
1752	0.0000000
1753	0.0000000
1754	0.0000000
1755	0.0000000
1756	0.0000000
1757	0.0000000
1758	0.0000000
1759	0.0000000
1760	-0.0000003
1761	-0.0000055
1762	-0.0000452
1763	-0.0003329
1764	-0.0006299
1765	-0.0007503
1766	-0.0008020
1767	-0.0007872
1768	-0.0007068
1769	-0.0005850
1770	-0.0003113
1771	-0.0000726
1772	-0.0000181
1773	-0.0000005
1774	-0.0000000
1775	-0.0000003
1776	0.0000000
1777	0.0000000
1778	0.0000000
1779	0.0000000
1780	0.0000000
1781	0.0000000
1782	0.0000000
1783	-0.0000004
1784	-0.0000065
1785	-0.0000256
1786	-0.0000002
1787	-0.0000005
1788	-0.0000929
1789	-0.0004234
1790	-0.0005435
1791	-0.0005231
1792	-0.0003201
1793	-0.0004050
1794	-0.0002525
1795	-0.0000440
1796	-0.0000013
1797	-0.0000000
1798	0.0000000
1799	0.0000000
1800	0.0000000
1801	0.0000000
1802	0.0000000
1803	0.0000000
1804	0.0000000
1805	0.0000000
1806	0.0000000
1807	-0.0000000
1808	-0.0000024
1809	-0.0000322
1810	-0.0000873
1811	-0.0001650
1812	-0.0002034
1813	-0.0000667
1814	-0.0000674
1815	-0.0001813
1816	-0.0003102
1817	-0.0003825
1818	-0.0002385
1819	-0.0000559
1820	-0.0000049
1821	-0.0000011
1822	-0.0000008
1823	0.0000000
1824	0.0000000
1825	0.0000000
1826	0.0000000
1827	0.0000000
1828	0.0000000
1829	-0.0000000
1830	-0.0000000
1831	-0.0000009
1832	-0.0000125
1833	-0.0000755
1834	-0.0001927
1835	-0.0004254
1836	-0.0006008
1837	-0.0007134
1838	-0.0007686
1839	-0.0007859
1840	-0.0006934
1841	-0.0004959
1842	-0.0001982
1843	-0.0000509
1844	-0.0000066
1845	-0.0000012
1846	-0.0000013
1847	-0.0000009
1848	0.0000000
1849	0.0000000
1850	0.0000000
1851	0.0000000
1852	0.0000000
1853	0.0000000
1854	0.0000000
1855	-0.0000001
1856	-0.0000114
1857	-0.0000433
1858	-0.0001174
1859	-0.0002472
1860	-0.0002465
1861	-0.0002487
1862	-0.0002701
1863	-0.0002563
1864	-0.0002551
1865	-0.0002178
1866	-0.0001189
1867	-0.0000405
1868	-0.0000040
1869	-0.0000011
1870	-0.0000014
1871	-0.0000014
1872	0.0000000
1873	0.0000000
1874	0.0000000
1875	0.0000000
1876	0.0000000
1877	0.0000000
1878	0.0000000
1879	-0.0000001
1880	-0.0000031
1881	-0.0000441
1882	-0.0002052
1883	-0.0004612
1884	-0.0004753
1885	-0.0005841
1886	-0.0007330
1887	-0.0007837
1888	-0.0005971
1889	-0.0005816
1890	-0.0003357
1891	-0.0000674
1892	-0.0000032
1893	-0.0000003
1894	-0.0000019
1895	-0.0000000
1896	0.0000000
1897	0.0000000
1898	0.0000000
1899	0.0000000
1900	0.0000000
1901	-0.0000000
1902	-0.0000000
1903	-0.0000041
1904	-0.0000685
1905	-0.0002544
1906	-0.0004041
1907	-0.0004714
1908	-0.0004945
1909	-0.0005105
1910	-0.0005749
1911	-0.0004026
1912	-0.0003641
1913	-0.0003171
1914	-0.0002633
1915	-0.0000845
1916	-0.0000090
1917	-0.0000021
1918	-0.0000015
1919	-0.0000010
1920	0.0000000
1921	0.0000000
1922	0.0000000
1923	0.0000000
1924	0.0000000
1925	0.0000000
1926	0.0000000
1927	-0.0000000
1928	-0.0000033
1929	-0.0001163
1930	-0.0004022
1931	-0.0005126
1932	-0.0005136
1933	-0.0006958
1934	-0.0007713
1935	-0.0007585
1936	-0.0006742
1937	-0.0005699
1938	-0.0003405
1939	-0.0001127
1940	-0.0000208
1941	-0.0000016
1942	-0.0000014
1943	-0.0000006
1944	0.0000000
1945	0.0000000
1946	0.0000000
1947	0.0000000
1948	0.0000000
1949	0.0000000
1950	-0.0000000
1951	-0.0000007
1952	-0.0000164
1953	-0.0002369
1954	-0.0004932
1955	-0.0006501
1956	-0.0007408
1957	-0.0008638
1958	-0.0009223
1959	-0.0009051
1960	-0.0008280
1961	-0.0006743
1962	-0.0004195
1963	-0.0001232
1964	-0.0000122
1965	-0.0000014
1966	-0.0000019
1967	-0.0000000
1968	0.0000000
1969	0.0000000
1970	0.0000000
1971	0.0000000
1972	0.0000000
1973	-0.0000000
1974	-0.0000000
1975	-0.0000024
1976	-0.0000597
1977	-0.0003766
1978	-0.0006284
1979	-0.0008445
1980	-0.0010194
1981	-0.0010664
1982	-0.0010803
1983	-0.0010435
1984	-0.0009629
1985	-0.0007472
1986	-0.0004580
1987	-0.0001679
1988	-0.0000103
1989	-0.0000013
1990	-0.0000000
