TIME_UNITS h
DATA_UNITS kg/s
0	-0.0000005
1	-0.0000013
2	-0.0000015
3	-0.0000007
4	-0.0000005
5	-0.0000002
6	-0.0000022
7	-0.0000300
8	-0.0001833
9	-0.0003798
10	-0.0006055
11	-0.0008379
12	-0.0009252
13	-0.0009927
14	-0.0010590
15	-0.0010826
16	-0.0010583
17	-0.0009571
18	-0.0007817
19	-0.0004942
20	-0.0001709
21	-0.0000192
22	-0.0000019
23	-0.0000009
24	-0.0000010
25	-0.0000007
26	-0.0000003
27	-0.0000003
28	0.0000000
29	0.0000000
30	0.0000000
31	0.0000000
32	-0.0001367
33	-0.0004425
34	-0.0007772
35	-0.0010255
36	-0.0011313
37	-0.0011854
38	-0.0010744
39	-0.0008538
40	-0.0007315
41	-0.0003078
42	-0.0001477
43	-0.0001081
44	-0.0000280
45	-0.0000001
46	0.0000000
47	0.0000000
48	0.0000000
49	0.0000000
50	0.0000000
51	0.0000000
52	0.0000000
53	0.0000000
54	0.0000000
55	0.0000000
56	0.0000000
57	-0.0000000
58	-0.0000074
59	-0.0001018
60	-0.0006765
61	-0.0007263
62	-0.0010517
63	-0.0010464
64	-0.0000009
65	0.0000000
66	-0.0000184
67	-0.0000827
68	-0.0000268
69	-0.0000009
70	-0.0000000
71	-0.0000007
72	-0.0000004
73	-0.0000005
74	-0.0000002
75	-0.0000000
76	-0.0000005
77	-0.0000004
78	-0.0000130
79	-0.0001022
80	-0.0001090
81	-0.0002057
82	-0.0003516
83	-0.0004474
84	-0.0004781
85	-0.0006745
86	-0.0008378
87	-0.0008812
88	-0.0007085
89	-0.0006823
90	-0.0004944
91	-0.0002197
92	-0.0000726
93	-0.0000062
94	-0.0000012
95	0.0000000
96	0.0000000
97	0.0000000
98	0.0000000
99	0.0000000
100	0.0000000
101	0.0000000
102	0.0000000
103	-0.0000193
104	-0.0001788
105	-0.0005608
106	-0.0008197
107	-0.0010856
108	-0.0010343
109	-0.0009189
110	-0.0006558
111	-0.0000027
112	0.0000000
113	-0.0000055
114	-0.0000368
115	-0.0000001
116	-0.0000000
117	0.0000000
118	0.0000000
119	0.0000000
120	0.0000000
121	-0.0000000
122	0.0000000
123	-0.0000000
124	-0.0000001
125	-0.0000001
126	-0.0000006
127	0.0000000
128	-0.0000075
129	-0.0000534
130	-0.0001118
131	-0.0001577
132	-0.0002193
133	-0.0002179
134	-0.0001937
135	-0.0001808
136	-0.0003040
137	-0.0003783
138	-0.0003407
139	-0.0002507
140	-0.0000451
141	-0.0000013
142	0.0000000
143	0.0000000
144	0.0000000
145	0.0000000
146	-0.0000000
147	-0.0000000
148	-0.0000001
149	0.0000000
150	-0.0000002
151	-0.0000259
152	-0.0001124
153	-0.0005262
154	-0.0009209
155	-0.0010187
156	-0.0013492
157	-0.0008933
158	-0.0009568
159	-0.0007970
160	-0.0005119
161	-0.0004604
162	-0.0004212
163	-0.0001950
164	-0.0000757
165	-0.0000132
166	-0.0000028
167	-0.0000022
168	0.0000000
169	0.0000000
170	0.0000000
171	0.0000000
172	-0.0000000
173	-0.0000000
174	-0.0000033
175	-0.0000238
176	-0.0000873
177	-0.0001675
178	-0.0001820
179	-0.0003558
180	-0.0006651
181	-0.0007372
182	-0.0007179
183	-0.0006096
184	-0.0002395
185	-0.0002869
186	-0.0003631
187	-0.0002611
188	-0.0000525
189	-0.0000002
190	0.0000000
191	0.0000000
192	0.0000000
193	0.0000000
194	0.0000000
195	0.0000000
196	0.0000000
197	-0.0000000
198	-0.0000001
199	-0.0000121
200	-0.0000675
201	-0.0001882
202	-0.0002984
203	-0.0005058
204	-0.0006152
205	-0.0005316
206	-0.0005048
207	-0.0005253
208	-0.0001941
209	-0.0003215
210	-0.0002682
211	-0.0000039
212	-0.0000003
213	-0.0000000
214	-0.0000000
215	0.0000000
216	0.0000000
217	0.0000000
218	0.0000000
219	0.0000000
220	0.0000000
221	0.0000000
222	0.0000000
223	-0.0000000
224	-0.0000003
225	-0.0000016
226	-0.0000002
227	-0.0000005
228	-0.0000022
229	-0.0000289
230	-0.0000913
231	-0.0001479
232	-0.0002564
233	-0.0003093
234	-0.0002255
235	-0.0001241
236	-0.0000257
237	0.0000000
238	0.0000000
239	0.0000000
240	0.0000000
241	0.0000000
242	0.0000000
243	0.0000000
244	0.0000000
245	0.0000000
246	0.0000000
247	-0.0000004
248	-0.0001076
249	-0.0004392
250	-0.0008455
251	-0.0010629
252	-0.0012548
253	-0.0013991
254	-0.0014383
255	-0.0014016
256	-0.0012201
257	-0.0011010
258	-0.0008690
259	-0.0005441
260	-0.0001356
261	-0.0000065
262	-0.0000008
263	0.0000000
264	0.0000000
265	0.0000000
266	0.0000000
267	0.0000000
268	0.0000000
269	-0.0000000
270	-0.0000001
271	-0.0000146
272	-0.0001887
273	-0.0003451
274	-0.0005242
275	-0.0009243
276	-0.0014202
277	-0.0014804
278	-0.0014915
279	-0.0015384
280	-0.0013446
281	-0.0012414
282	-0.0009210
283	-0.0004368
284	-0.0001241
285	-0.0000258
286	-0.0000081
287	-0.0000000
288	0.0000000
289	0.0000000
290	0.0000000
291	0.0000000
292	0.0000000
293	-0.0000000
294	-0.0000009
295	-0.0000474
296	-0.0004335
297	-0.0007184
298	-0.0010769
299	-0.0012800
300	-0.0013899
301	-0.0013887
302	-0.0011870
303	-0.0011153
304	-0.0011891
305	-0.0005838
306	-0.0006803
307	-0.0003524
308	-0.0001023
309	-0.0000028
310	0.0000000
311	0.0000000
312	0.0000000
313	0.0000000
314	0.0000000
315	0.0000000
316	0.0000000
317	0.0000000
318	0.0000000
319	-0.0000106
320	-0.0001057
321	-0.0003869
322	-0.0008173
323	-0.0010985
324	-0.0012613
325	-0.0013716
326	-0.0013716
327	-0.0013617
328	-0.0012892
329	-0.0010701
330	-0.0007999
331	-0.0004285
332	-0.0001320
333	-0.0000113
334	0.0000000
335	0.0000000
336	0.0000000
337	0.0000000
338	0.0000000
339	0.0000000
340	0.0000000
341	0.0000000
342	0.0000000
343	-0.0000187
344	-0.0001524
345	-0.0003978
346	-0.0007336
347	-0.0010873
348	-0.0013239
349	-0.0014499
350	-0.0014966
351	-0.0014825
352	-0.0013776
353	-0.0010890
354	-0.0006053
355	-0.0004117
356	-0.0001181
357	-0.0000128
358	-0.0000032
359	-0.0000000
360	0.0000000
361	0.0000000
362	0.0000000
363	0.0000000
364	0.0000000
365	0.0000000
366	0.0000000
367	0.0000000
368	0.0000000
369	-0.0000040
370	-0.0000649
371	-0.0004092
372	-0.0004705
373	-0.0004635
374	-0.0003345
375	-0.0005900
376	-0.0007018
377	-0.0007668
378	-0.0006554
379	-0.0003731
380	-0.0000853
381	-0.0000049
382	-0.0000008
383	-0.0000000
384	0.0000000
385	0.0000000
386	0.0000000
387	0.0000000
388	0.0000000
389	0.0000000
390	0.0000000
391	-0.0000074
392	-0.0000531
393	-0.0000254
394	-0.0000332
395	-0.0000726
396	-0.0001710
397	-0.0001696
398	-0.0000555
399	-0.0000686
400	-0.0002868
401	-0.0008144
402	-0.0007114
403	-0.0004677
404	-0.0001098
405	-0.0000042
406	-0.0000023
407	-0.0000002
408	0.0000000
409	0.0000000
410	0.0000000
411	0.0000000
412	0.0000000
413	0.0000000
414	0.0000000
415	-0.0000037
416	-0.0000645
417	-0.0002073
418	-0.0003149
419	-0.0004093
420	-0.0004623
421	-0.0005471
422	-0.0006065
423	-0.0007690
424	-0.0008889
425	-0.0007962
426	-0.0006137
427	-0.0004508
428	-0.0001720
429	-0.0000051
430	-0.0000006
431	-0.0000002
432	0.0000000
433	0.0000000
434	0.0000000
435	0.0000000
436	0.0000000
437	0.0000000
438	0.0000000
439	-0.0000002
440	-0.0000008
441	-0.0000061
442	-0.0000049
443	-0.0000000
444	0.0000000
445	0.0000000
446	-0.0001346
447	-0.0008050
448	-0.0003438
449	-0.0000007
450	0.0000000
451	0.0000000
452	0.0000000
453	-0.0000000
454	-0.0000000
455	-0.0000001
456	-0.0000003
457	0.0000000
458	0.0000000
459	0.0000000
460	0.0000000
461	0.0000000
462	-0.0000002
463	-0.0000078
464	-0.0000367
465	-0.0000937
466	-0.0002121
467	-0.0003348
468	-0.0003010
469	-0.0002881
470	-0.0004216
471	-0.0002190
472	-0.0005405
473	-0.0005654
474	-0.0004936
475	-0.0003113
476	-0.0000450
477	-0.0000000
478	0.0000000
479	-0.0000008
480	0.0000000
481	0.0000000
482	0.0000000
483	0.0000000
484	0.0000000
485	0.0000000
486	-0.0000002
487	-0.0000027
488	-0.0000044
489	-0.0000005
490	-0.0000041
491	-0.0000734
492	-0.0001307
493	-0.0003315
494	-0.0004508
495	-0.0004575
496	-0.0005759
497	-0.0005911
498	-0.0005504
499	-0.0003873
500	-0.0001943
501	-0.0000172
502	-0.0000003
503	-0.0000006
504	-0.0000018
505	-0.0000007
506	-0.0000018
507	-0.0000034
508	-0.0000042
509	-0.0000037
510	-0.0000632
511	-0.0001182
512	-0.0002207
513	-0.0000023
514	0.0000000
515	-0.0000443
516	-0.0002527
517	-0.0005610
518	-0.0007222
519	-0.0007178
520	-0.0006559
521	-0.0006397
522	-0.0006526
523	-0.0005117
524	-0.0002634
525	-0.0000267
526	-0.0000019
527	-0.0000000
528	0.0000000
529	0.0000000
530	0.0000000
531	0.0000000
532	0.0000000
533	0.0000000
534	-0.0000001
535	-0.0000019
536	-0.0000841
537	-0.0004120
538	-0.0005297
539	-0.0005908
540	-0.0005088
541	-0.0007180
542	-0.0008469
543	-0.0008340
544	-0.0007312
545	-0.0006422
546	-0.0005752
547	-0.0004401
548	-0.0002166
549	-0.0000285
550	-0.0000026
551	-0.0000000
552	0.0000000
553	0.0000000
554	0.0000000
555	0.0000000
556	0.0000000
557	0.0000000
558	-0.0000000
559	-0.0000024
560	-0.0001098
561	-0.0004699
562	-0.0006628
563	-0.0006525
564	-0.0007482
565	-0.0009403
566	-0.0010140
567	-0.0010638
568	-0.0010437
569	-0.0009421
570	-0.0007865
571	-0.0005666
572	-0.0002064
573	-0.0000419
574	-0.0000000
575	0.0000000
576	0.0000000
577	0.0000000
578	0.0000000
579	0.0000000
580	-0.0000000
581	-0.0000000
582	-0.0000001
583	-0.0000066
584	-0.0001214
585	-0.0005476
586	-0.0008390
587	-0.0010709
588	-0.0012707
589	-0.0013473
590	-0.0013487
591	-0.0013293
592	-0.0011426
593	-0.0010333
594	-0.0008127
595	-0.0005944
596	-0.0001462
597	-0.0000142
598	-0.0000028
599	0.0000000
600	0.0000000
601	0.0000000
602	0.0000000
603	0.0000000
604	0.0000000
605	-0.0000000
606	-0.0000010
607	-0.0000287
608	-0.0003030
609	-0.0008200
610	-0.0010947
611	-0.0013052
612	-0.0014646
613	-0.0015754
614	-0.0016460
615	-0.0016383
616	-0.0015670
617	-0.0013232
618	-0.0009123
619	-0.0004925
620	-0.0001527
621	-0.0000317
622	-0.0000051
623	-0.0000070
624	-0.0000000
625	0.0000000
626	0.0000000
627	0.0000000
628	0.0000000
629	0.0000000
630	-0.0000003
631	-0.0000153
632	-0.0004103
633	-0.0009507
634	-0.0012148
635	-0.0014652
636	-0.0016006
637	-0.0016762
638	-0.0016886
639	-0.0017245
640	-0.0016957
641	-0.0014557
642	-0.0009268
643	-0.0005506
644	-0.0001976
645	-0.0000420
646	-0.0000091
647	-0.0000103
648	-0.0000000
649	0.0000000
650	0.0000000
651	0.0000000
652	0.0000000
653	-0.0000000
654	-0.0000009
655	-0.0000420
656	-0.0004442
657	-0.0009992
658	-0.0013189
659	-0.0014404
660	-0.0016442
661	-0.0018460
662	-0.0018589
663	-0.0017955
664	-0.0018508
665	-0.0015901
666	-0.0011383
667	-0.0007745
668	-0.0002341
669	-0.0000285
670	-0.0000093
671	-0.0000066
672	-0.0000000
673	0.0000000
674	0.0000000
675	0.0000000
676	0.0000000
677	0.0000000
678	0.0000000
679	-0.0000004
680	-0.0000003
681	-0.0000006
682	-0.0000280
683	-0.0002328
684	-0.0000262
685	-0.0000717
686	-0.0002589
687	-0.0004540
688	-0.0006604
689	-0.0004917
690	-0.0003002
691	-0.0001234
692	-0.0000130
693	-0.0000076
694	-0.0000000
695	0.0000000
696	0.0000000
697	0.0000000
698	0.0000000
699	0.0000000
700	-0.0000000
701	-0.0000000
702	-0.0000001
703	-0.0000004
704	-0.0000946
705	-0.0002995
706	-0.0003158
707	-0.0007088
708	-0.0008121
709	-0.0009264
710	-0.0007033
711	-0.0008024
712	-0.0010420
713	-0.0009076
714	-0.0006884
715	-0.0002359
716	-0.0000308
717	-0.0000038
718	-0.0000016
719	0.0000000
720	0.0000000
721	0.0000000
722	0.0000000
723	0.0000000
724	0.0000000
725	0.0000000
726	-0.0000002
727	-0.0000095
728	-0.0001289
729	-0.0002759
730	-0.0004966
731	-0.0010693
732	-0.0013363
733	-0.0013703
734	-0.0010002
735	-0.0010261
736	-0.0013923
737	-0.0011036
738	-0.0008126
739	-0.0004030
740	-0.0000524
741	-0.0000085
742	-0.0000022
743	0.0000000
744	0.0000000
745	0.0000000
746	0.0000000
747	0.0000000
748	0.0000000
749	-0.0000000
750	-0.0000002
751	-0.0000024
752	-0.0000099
753	-0.0000009
754	-0.0000010
755	-0.0001604
756	-0.0004507
757	-0.0007200
758	-0.0008259
759	-0.0010016
760	-0.0010277
761	-0.0011157
762	-0.0008425
763	-0.0005246
764	-0.0001792
765	-0.0000055
766	-0.0000026
767	0.0000000
768	0.0000000
769	0.0000000
770	0.0000000
771	0.0000000
772	0.0000000
773	0.0000000
774	0.0000000
775	-0.0000017
776	-0.0000803
777	-0.0002770
778	-0.0006887
779	-0.0010443
780	-0.0013339
781	-0.0013146
782	-0.0013399
783	-0.0013825
784	-0.0013195
785	-0.0012827
786	-0.0009732
787	-0.0005818
788	-0.0001350
789	-0.0000288
790	-0.0000036
791	0.0000000
792	0.0000000
793	0.0000000
794	0.0000000
795	0.0000000
796	0.0000000
797	0.0000000
798	0.0000000
799	-0.0000000
800	-0.0001148
801	-0.0005344
802	-0.0010117
803	-0.0013197
804	-0.0015543
805	-0.0016302
806	-0.0016817
807	-0.0016470
808	-0.0015348
809	-0.0012952
810	-0.0009122
811	-0.0003443
812	-0.0000083
813	-0.0000036
814	-0.0000035
815	-0.0000033
816	0.0000000
817	0.0000000
818	0.0000000
819	0.0000000
820	0.0000000
821	0.0000000
822	-0.0000001
823	-0.0000105
824	-0.0001805
825	-0.0008303
826	-0.0011288
827	-0.0013632
828	-0.0015832
829	-0.0017415
830	-0.0017870
831	-0.0017307
832	-0.0014712
833	-0.0010522
834	-0.0005869
835	-0.0002353
836	-0.0001180
837	-0.0000063
838	-0.0000015
839	-0.0000000
840	0.0000000
841	0.0000000
842	0.0000000
843	0.0000000
844	0.0000000
845	0.0000000
846	0.0000000
847	-0.0000147
848	-0.0000755
849	-0.0002454
850	-0.0007022
851	-0.0010506
852	-0.0012458
853	-0.0011582
854	-0.0010696
855	-0.0009307
856	-0.0010578
857	-0.0011307
858	-0.0009495
859	-0.0007150
860	-0.0003049
861	-0.0000260
862	-0.0000000
863	0.0000000
864	0.0000000
865	0.0000000
866	0.0000000
867	0.0000000
868	0.0000000
869	-0.0000000
870	-0.0000005
871	-0.0000053
872	-0.0000311
873	-0.0003502
874	-0.0008341
875	-0.0011838
876	-0.0014920
877	-0.0015712
878	-0.0016100
879	-0.0015834
880	-0.0014944
881	-0.0011775
882	-0.0006679
883	-0.0005396
884	-0.0000783
885	-0.0000076
886	-0.0000012
887	-0.0000009
888	0.0000000
889	0.0000000
890	0.0000000
891	0.0000000
892	0.0000000
893	0.0000000
894	0.0000000
895	0.0000000
896	-0.0000608
897	-0.0004674
898	-0.0010367
899	-0.0012881
900	-0.0015413
901	-0.0016569
902	-0.0017485
903	-0.0016959
904	-0.0011360
905	-0.0006784
906	-0.0005840
907	-0.0003707
908	-0.0000389
909	-0.0000240
910	-0.0000072
911	-0.0000065
912	-0.0000000
913	0.0000000
914	0.0000000
915	0.0000000
916	0.0000000
917	0.0000000
918	0.0000000
919	-0.0000007
920	-0.0000252
921	-0.0000103
922	-0.0000645
923	-0.0002785
924	-0.0000158
925	-0.0000129
926	-0.0001611
927	-0.0005511
928	-0.0008129
929	-0.0010456
930	-0.0008902
931	-0.0005636
932	-0.0001614
933	-0.0000139
934	-0.0000027
935	-0.0000017
936	0.0000000
937	0.0000000
938	0.0000000
939	0.0000000
940	0.0000000
941	0.0000000
942	-0.0000000
943	-0.0000044
944	-0.0001169
945	-0.0006922
946	-0.0009729
947	-0.0012392
948	-0.0014421
949	-0.0014683
950	-0.0015147
951	-0.0015282
952	-0.0014392
953	-0.0012524
954	-0.0010014
955	-0.0005331
956	-0.0002007
957	-0.0000159
958	-0.0000039
959	-0.0000023
960	-0.0000000
961	0.0000000
962	0.0000000
963	0.0000000
964	0.0000000
965	0.0000000
966	-0.0000000
967	-0.0000043
968	-0.0001509
969	-0.0007357
970	-0.0010261
971	-0.0012240
972	-0.0012400
973	-0.0010503
974	-0.0011727
975	-0.0012697
976	-0.0011518
977	-0.0010562
978	-0.0007923
979	-0.0005003
980	-0.0000838
981	-0.0000076
982	-0.0000010
983	-0.0000003
984	0.0000000
985	0.0000000
986	0.0000000
987	0.0000000
988	0.0000000
989	0.0000000
990	0.0000000
991	0.0000000
992	-0.0000000
993	-0.0000412
994	-0.0001112
995	-0.0000697
996	-0.0000421
997	-0.0000630
998	-0.0003276
999	-0.0003480
1000	-0.0001454
1001	-0.0000323
1002	-0.0000058
1003	-0.0000028
1004	-0.0000002
1005	0.0000000
1006	0.0000000
1007	0.0000000
1008	0.0000000
1009	0.0000000
1010	0.0000000
1011	0.0000000
1012	0.0000000
1013	0.0000000
1014	0.0000000
1015	-0.0000018
1016	-0.0000224
1017	-0.0001576
1018	-0.0007088
1019	-0.0009218
1020	-0.0011904
1021	-0.0012002
1022	-0.0011820
1023	-0.0012361
1024	-0.0010667
1025	-0.0006669
1026	-0.0003341
1027	-0.0001105
1028	-0.0000432
1029	-0.0000019
1030	0.0000000
1031	0.0000000
1032	0.0000000
1033	0.0000000
1034	0.0000000
1035	0.0000000
1036	0.0000000
1037	0.0000000
1038	0.0000000
1039	-0.0000004
1040	-0.0000406
1041	-0.0002677
1042	-0.0007697
1043	-0.0011137
1044	-0.0003733
1045	-0.0010960
1046	-0.0010330
1047	-0.0009503
1048	-0.0006439
1049	-0.0006643
1050	-0.0005130
1051	-0.0001926
1052	-0.0000418
1053	-0.0000002
1054	-0.0000000
1055	-0.0000000
1056	0.0000000
1057	0.0000000
1058	0.0000000
1059	0.0000000
1060	0.0000000
1061	0.0000000
1062	-0.0000001
1063	-0.0000087
1064	-0.0000765
1065	-0.0003024
1066	-0.0008895
1067	-0.0011637
1068	-0.0012396
1069	-0.0014186
1070	-0.0014679
1071	-0.0014507
1072	-0.0013851
1073	-0.0011814
1074	-0.0009203
1075	-0.0005063
1076	-0.0001579
1077	-0.0000106
1078	-0.0000005
1079	0.0000000
1080	0.0000000
1081	0.0000000
1082	0.0000000
1083	0.0000000
1084	0.0000000
1085	0.0000000
1086	0.0000000
1087	-0.0000014
1088	-0.0000566
1089	-0.0001392
1090	-0.0002255
1091	-0.0003578
1092	-0.0002817
1093	-0.0005370
1094	-0.0006289
1095	-0.0004784
1096	-0.0004393
1097	-0.0001980
1098	-0.0000110
1099	-0.0000011
1100	0.0000000
1101	0.0000000
1102	0.0000000
1103	0.0000000
1104	0.0000000
1105	0.0000000
1106	0.0000000
1107	0.0000000
1108	0.0000000
1109	0.0000000
1110	-0.0000000
1111	-0.0000031
1112	-0.0000312
1113	-0.0000968
1114	-0.0001522
1115	-0.0003376
1116	-0.0004446
1117	-0.0003179
1118	-0.0005201
1119	-0.0010140
1120	-0.0010597
1121	-0.0008092
1122	-0.0004278
1123	-0.0002790
1124	-0.0000130
1125	-0.0000068
1126	-0.0000000
1127	0.0000000
1128	0.0000000
1129	0.0000000
1130	0.0000000
1131	0.0000000
1132	0.0000000
1133	0.0000000
1134	0.0000000
1135	-0.0000007
1136	-0.0000085
1137	-0.0002010
1138	-0.0004935
1139	-0.0004827
1140	-0.0002389
1141	-0.0004820
1142	-0.0005411
1143	-0.0004325
1144	-0.0004962
1145	-0.0000097
1146	-0.0000145
1147	-0.0000136
1148	-0.0000008
1149	0.0000000
1150	0.0000000
1151	-0.0000002
1152	0.0000000
1153	0.0000000
1154	0.0000000
1155	0.0000000
1156	0.0000000
1157	0.0000000
1158	0.0000000
1159	-0.0000040
1160	-0.0000479
1161	-0.0002405
1162	-0.0006711
1163	-0.0010950
1164	-0.0013039
1165	-0.0014536
1166	-0.0014867
1167	-0.0014161
1168	-0.0013515
1169	-0.0011614
1170	-0.0008719
1171	-0.0005220
1172	-0.0001468
1173	-0.0000012
1174	0.0000000
1175	0.0000000
1176	0.0000000
1177	0.0000000
1178	0.0000000
1179	0.0000000
1180	0.0000000
1181	0.0000000
1182	0.0000000
1183	-0.0000002
1184	-0.0000473
1185	-0.0003792
1186	-0.0009511
1187	-0.0012469
1188	-0.0014972
1189	-0.0015976
1190	-0.0017225
1191	-0.0016872
1192	-0.0015219
1193	-0.0012583
1194	-0.0008124
1195	-0.0004182
1196	-0.0001288
1197	-0.0000094
1198	-0.0000016
1199	-0.0000000
1200	0.0000000
1201	0.0000000
1202	0.0000000
1203	0.0000000
1204	0.0000000
1205	-0.0000000
1206	-0.0000002
1207	-0.0000111
1208	-0.0001816
1209	-0.0006697
1210	-0.0009891
1211	-0.0012825
1212	-0.0014930
1213	-0.0016645
1214	-0.0017426
1215	-0.0015842
1216	-0.0014862
1217	-0.0009263
1218	-0.0005866
1219	-0.0004471
1220	-0.0001647
1221	-0.0000076
1222	-0.0000071
1223	-0.0000067
1224	-0.0000000
1225	0.0000000
1226	0.0000000
1227	0.0000000
1228	0.0000000
1229	0.0000000
1230	-0.0000001
1231	-0.0000078
1232	-0.0000284
1233	-0.0001309
1234	-0.0001757
1235	-0.0007921
1236	-0.0011446
1237	-0.0010479
1238	-0.0014612
1239	-0.0014110
1240	-0.0013375
1241	-0.0010939
1242	-0.0008884
1243	-0.0005843
1244	-0.0001809
1245	-0.0000120
1246	-0.0000030
1247	0.0000000
1248	0.0000000
1249	0.0000000
1250	0.0000000
1251	0.0000000
1252	0.0000000
1253	0.0000000
1254	0.0000000
1255	-0.0000004
1256	-0.0000637
1257	-0.0004331
1258	-0.0008858
1259	-0.0011264
1260	-0.0013137
1261	-0.0013869
1262	-0.0013013
1263	-0.0013340
1264	-0.0012937
1265	-0.0011377
1266	-0.0008708
1267	-0.0004579
1268	-0.0000848
1269	-0.0000035
1270	-0.0000034
1271	-0.0000033
1272	0.0000000
1273	0.0000000
1274	0.0000000
1275	0.0000000
1276	0.0000000
1277	0.0000000
1278	0.0000000
1279	-0.0000001
1280	-0.0000761
1281	-0.0003514
1282	-0.0007702
1283	-0.0010111
1284	-0.0011357
1285	-0.0010897
1286	-0.0010986
1287	-0.0009407
1288	-0.0010840
1289	-0.0008894
1290	-0.0007622
1291	-0.0003816
1292	-0.0000884
1293	-0.0000030
1294	-0.0000018
1295	-0.0000015
1296	0.0000000
1297	0.0000000
1298	0.0000000
1299	0.0000000
1300	0.0000000
1301	0.0000000
1302	-0.0000000
1303	-0.0000000
1304	-0.0000001
1305	-0.0000537
1306	-0.0001605
1307	-0.0002724
1308	-0.0005138
1309	-0.0002844
1310	-0.0001386
1311	-0.0002077
1312	-0.0001986
1313	-0.0002006
1314	-0.0002006
1315	-0.0000600
1316	-0.0000240
1317	-0.0000000
1318	0.0000000
1319	0.0000000
1320	0.0000000
1321	0.0000000
1322	0.0000000
1323	0.0000000
1324	0.0000000
1325	0.0000000
1326	-0.0000000
1327	-0.0000012
1328	-0.0000204
1329	-0.0002169
1330	-0.0004200
1331	-0.0008128
1332	-0.0007850
1333	-0.0009748
1334	-0.0007426
1335	-0.0001388
1336	-0.0003362
1337	-0.0008120
1338	-0.0005163
1339	-0.0002536
1340	-0.0000385
1341	-0.0000005
1342	0.0000000
1343	0.0000000
1344	0.0000000
1345	0.0000000
1346	0.0000000
1347	0.0000000
1348	0.0000000
1349	0.0000000
1350	-0.0000004
1351	-0.0000076
1352	-0.0000014
1353	-0.0000052
1354	-0.0000353
1355	-0.0001239
1356	-0.0000761
1357	-0.0000035
1358	0.0000000
1359	0.0000000
1360	-0.0000175
1361	-0.0001192
1362	-0.0003032
1363	-0.0001616
1364	-0.0000092
1365	-0.0000007
1366	-0.0000009
1367	0.0000000
1368	0.0000000
1369	0.0000000
1370	0.0000000
1371	0.0000000
1372	0.0000000
1373	-0.0000000
1374	-0.0000003
1375	-0.0000091
1376	-0.0000261
1377	-0.0001177
1378	-0.0004693
1379	-0.0008400
1380	-0.0006155
1381	-0.0009098
1382	-0.0003813
1383	-0.0009453
1384	-0.0011158
1385	-0.0010475
1386	-0.0007473
1387	-0.0003608
1388	-0.0000075
1389	0.0000000
1390	0.0000000
1391	0.0000000
1392	0.0000000
1393	0.0000000
1394	0.0000000
1395	0.0000000
1396	0.0000000
1397	-0.0000000
1398	-0.0000001
1399	-0.0000105
1400	-0.0000814
1401	-0.0005380
1402	-0.0009620
1403	-0.0013097
1404	-0.0013766
1405	-0.0013803
1406	-0.0010470
1407	-0.0011956
1408	-0.0012135
1409	-0.0011141
1410	-0.0008105
1411	-0.0004378
1412	-0.0000879
1413	-0.0000029
1414	-0.0000011
1415	0.0000000
1416	0.0000000
1417	0.0000000
1418	0.0000000
1419	0.0000000
1420	0.0000000
1421	0.0000000
1422	-0.0000000
1423	-0.0000034
1424	-0.0001260
1425	-0.0006049
1426	-0.0009005
1427	-0.0010697
1428	-0.0011199
1429	-0.0011063
1430	-0.0011410
1431	-0.0000009
1432	0.0000000
1433	-0.0001198
1434	-0.0007264
1435	-0.0005059
1436	-0.0001328
1437	-0.0000041
1438	-0.0000032
1439	-0.0000029
1440	0.0000000
1441	0.0000000
1442	0.0000000
1443	0.0000000
1444	0.0000000
1445	0.0000000
1446	-0.0000000
1447	-0.0000010
1448	-0.0000397
1449	-0.0002990
1450	-0.0008449
1451	-0.0010034
1452	-0.0011199
1453	-0.0010792
1454	-0.0012086
1455	-0.0011636
1456	-0.0010539
1457	-0.0009289
1458	-0.0007420
1459	-0.0004619
1460	-0.0000892
1461	-0.0000036
1462	-0.0000024
1463	-0.0000020
1464	0.0000000
1465	0.0000000
1466	0.0000000
1467	0.0000000
1468	0.0000000
1469	0.0000000
1470	-0.0000000
1471	-0.0000010
1472	-0.0000442
1473	-0.0002822
1474	-0.0007297
1475	-0.0009310
1476	-0.0011458
1477	-0.0013008
1478	-0.0013440
1479	-0.0013891
1480	-0.0011382
1481	-0.0007591
1482	-0.0006389
1483	-0.0002154
1484	-0.0000292
1485	-0.0000018
1486	-0.0000027
1487	-0.0000000
1488	0.0000000
1489	0.0000000
1490	0.0000000
1491	0.0000000
1492	0.0000000
1493	0.0000000
1494	0.0000000
1495	0.0000000
1496	0.0000000
1497	-0.0000084
1498	-0.0001912
1499	-0.0006821
1500	-0.0007151
1501	-0.0011374
1502	-0.0013795
1503	-0.0012952
1504	-0.0011904
1505	-0.0009973
1506	-0.0007027
1507	-0.0002854
1508	-0.0000313
1509	-0.0000002
1510	0.0000000
1511	0.0000000
1512	0.0000000
1513	0.0000000
1514	0.0000000
1515	0.0000000
1516	0.0000000
1517	0.0000000
1518	0.0000000
1519	-0.0000000
1520	-0.0000001
1521	0.0000000
1522	0.0000000
1523	0.0000000
1524	-0.0000091
1525	-0.0003690
1526	-0.0010669
1527	-0.0011480
1528	-0.0009012
1529	-0.0008113
1530	-0.0005815
1531	-0.0002669
1532	-0.0000298
1533	-0.0000004
1534	0.0000000
1535	0.0000000
1536	0.0000000
1537	0.0000000
1538	0.0000000
1539	0.0000000
1540	0.0000000
1541	0.0000000
1542	-0.0000000
1543	-0.0000036
1544	-0.0000488
1545	-0.0002478
1546	-0.0007432
1547	-0.0010890
1548	-0.0013263
1549	-0.0014652
1550	-0.0014594
1551	-0.0013927
1552	-0.0012023
1553	-0.0008162
1554	-0.0003969
1555	-0.0001381
1556	-0.0000040
1557	-0.0000009
1558	0.0000000
1559	0.0000000
1560	0.0000000
1561	0.0000000
1562	0.0000000
1563	0.0000000
1564	0.0000000
1565	0.0000000
1566	0.0000000
1567	-0.0000034
1568	-0.0000624
1569	-0.0002863
1570	-0.0007192
1571	-0.0010985
1572	-0.0008035
1573	-0.0004459
1574	-0.0004484
1575	-0.0003996
1576	-0.0002922
1577	-0.0001616
1578	-0.0000813
1579	-0.0000332
1580	-0.0000005
1581	-0.0000000
1582	-0.0000000
1583	0.0000000
1584	0.0000000
1585	0.0000000
1586	0.0000000
1587	0.0000000
1588	0.0000000
1589	0.0000000
1590	-0.0000000
1591	-0.0000042
1592	-0.0000276
1593	-0.0001291
1594	-0.0005211
1595	-0.0010139
1596	-0.0012801
1597	-0.0014150
1598	-0.0014569
1599	-0.0013562
1600	-0.0011463
1601	-0.0010951
1602	-0.0006318
1603	-0.0002449
1604	-0.0000418
1605	-0.0000008
1606	-0.0000000
1607	0.0000000
1608	0.0000000
1609	0.0000000
1610	0.0000000
1611	0.0000000
1612	0.0000000
1613	0.0000000
1614	-0.0000000
1615	-0.0000009
1616	-0.0000881
1617	-0.0004335
1618	-0.0008258
1619	-0.0011067
1620	-0.0013209
1621	-0.0014304
1622	-0.0009298
1623	-0.0008055
1624	-0.0010814
1625	-0.0009106
1626	-0.0006016
1627	-0.0002998
1628	-0.0000270
1629	-0.0000040
1630	-0.0000030
1631	-0.0000019
1632	-0.0000000
1633	0.0000000
1634	0.0000000
1635	0.0000000
1636	0.0000000
1637	0.0000000
1638	0.0000000
1639	0.0000000
1640	-0.0000018
1641	-0.0000001
1642	0.0000000
1643	-0.0000744
1644	-0.0007494
1645	-0.0012276
1646	-0.0012922
1647	-0.0011715
1648	-0.0012341
1649	-0.0010754
1650	-0.0007611
1651	-0.0003191
1652	-0.0000605
1653	-0.0000012
1654	-0.0000007
1655	-0.0000001
1656	0.0000000
1657	0.0000000
1658	0.0000000
1659	0.0000000
1660	0.0000000
1661	0.0000000
1662	0.0000000
1663	-0.0000001
1664	-0.0000269
1665	-0.0003936
1666	-0.0008827
1667	-0.0010450
1668	-0.0013134
1669	-0.0013423
1670	-0.0013419
1671	-0.0009221
1672	-0.0007465
1673	-0.0006014
1674	-0.0004724
1675	-0.0002467
1676	-0.0000299
1677	-0.0000039
1678	-0.0000003
1679	0.0000000
1680	0.0000000
1681	0.0000000
1682	0.0000000
1683	0.0000000
1684	0.0000000
1685	0.0000000
1686	-0.0000000
1687	-0.0000115
1688	-0.0002673
1689	-0.0005400
1690	-0.0007040
1691	-0.0007149
1692	-0.0008670
1693	-0.0007954
1694	-0.0009141
1695	-0.0010317
1696	-0.0008637
1697	-0.0009443
1698	-0.0007348
1699	-0.0000061
1700	0.0000000
1701	0.0000000
1702	0.0000000
1703	0.0000000
1704	0.0000000
1705	0.0000000
1706	0.0000000
1707	0.0000000
1708	0.0000000
1709	-0.0000000
1710	-0.0000000
1711	-0.0000052
1712	-0.0001218
1713	-0.0005844
1714	-0.0008163
1715	-0.0009087
1716	-0.0009346
1717	-0.0008663
1718	-0.0009348
1719	-0.0008715
1720	-0.0007360
1721	-0.0007226
1722	-0.0005725
1723	-0.0001820
1724	-0.0000346
1725	-0.0000020
1726	-0.0000018
1727	-0.0000020
1728	-0.0000000
1729	0.0000000
1730	0.0000000
1731	0.0000000
1732	0.0000000
1733	0.0000000
1734	-0.0000000
1735	-0.0000013
1736	-0.0000362
1737	-0.0003718
1738	-0.0007370
1739	-0.0009487
1740	-0.0011289
1741	-0.0012223
1742	-0.0012950
1743	-0.0011601
1744	-0.0009293
1745	-0.0007865
1746	-0.0005444
1747	-0.0001277
1748	-0.0000090
1749	-0.0000007
1750	-0.0000007
1751	-0.0000006
1752	0.0000000
1753	0.0000000
1754	0.0000000
1755	0.0000000
1756	0.0000000
1757	0.0000000
1758	0.0000000
1759	0.0000000
1760	-0.0000004
1761	-0.0000078
1762	-0.0000644
1763	-0.0004749
1764	-0.0008986
1765	-0.0010703
1766	-0.0011442
1767	-0.0011231
1768	-0.0010083
1769	-0.0008345
1770	-0.0004441
1771	-0.0001036
1772	-0.0000258
1773	-0.0000007
1774	-0.0000000
1775	-0.0000004
1776	0.0000000
1777	0.0000000
1778	0.0000000
1779	0.0000000
1780	0.0000000
1781	0.0000000
1782	0.0000000
1783	-0.0000005
1784	-0.0000093
1785	-0.0000366
1786	-0.0000003
1787	-0.0000007
1788	-0.0001325
1789	-0.0006041
1790	-0.0007754
1791	-0.0007462
1792	-0.0004566
1793	-0.0005777
1794	-0.0003601
1795	-0.0000628
1796	-0.0000019
1797	-0.0000000
1798	0.0000000
1799	0.0000000
1800	0.0000000
1801	0.0000000
1802	0.0000000
1803	0.0000000
1804	0.0000000
1805	0.0000000
1806	0.0000000
1807	-0.0000001
1808	-0.0000034
1809	-0.0000460
1810	-0.0001246
1811	-0.0002354
1812	-0.0002902
1813	-0.0000951
1814	-0.0000962
1815	-0.0002587
1816	-0.0004426
1817	-0.0005457
1818	-0.0003402
1819	-0.0000797
1820	-0.0000069
1821	-0.0000016
1822	-0.0000012
1823	0.0000000
1824	0.0000000
1825	0.0000000
1826	0.0000000
1827	0.0000000
1828	0.0000000
1829	-0.0000000
1830	-0.0000000
1831	-0.0000012
1832	-0.0000178
1833	-0.0001078
1834	-0.0002749
1835	-0.0006069
1836	-0.0008571
1837	-0.0010177
1838	-0.0010965
1839	-0.0011212
1840	-0.0009892
1841	-0.0007074
1842	-0.0002828
1843	-0.0000726
1844	-0.0000094
1845	-0.0000017
1846	-0.0000019
1847	-0.0000013
1848	0.0000000
1849	0.0000000
1850	0.0000000
1851	0.0000000
1852	0.0000000
1853	0.0000000
1854	0.0000000
1855	-0.0000002
1856	-0.0000163
1857	-0.0000617
1858	-0.0001675
1859	-0.0003527
1860	-0.0003517
1861	-0.0003548
1862	-0.0003853
1863	-0.0003656
1864	-0.0003640
1865	-0.0003108
1866	-0.0001696
1867	-0.0000578
1868	-0.0000058
1869	-0.0000016
1870	-0.0000020
1871	-0.0000021
1872	0.0000000
1873	0.0000000
1874	0.0000000
1875	0.0000000
1876	0.0000000
1877	0.0000000
1878	0.0000000
1879	-0.0000002
1880	-0.0000045
1881	-0.0000629
1882	-0.0002927
1883	-0.0006580
1884	-0.0006781
1885	-0.0008333
1886	-0.0010456
1887	-0.0011180
1888	-0.0008518
1889	-0.0008297
1890	-0.0004789
1891	-0.0000961
1892	-0.0000045
1893	-0.0000004
1894	-0.0000027
1895	-0.0000000
1896	0.0000000
1897	0.0000000
1898	0.0000000
1899	0.0000000
1900	0.0000000
1901	-0.0000000
1902	-0.0000000
1903	-0.0000058
1904	-0.0000977
1905	-0.0003630
1906	-0.0005765
1907	-0.0006725
1908	-0.0007054
1909	-0.0007283
1910	-0.0008201
1911	-0.0005743
1912	-0.0005194
1913	-0.0004524
1914	-0.0003756
1915	-0.0001205
1916	-0.0000129
1917	-0.0000030
1918	-0.0000021
1919	-0.0000014
1920	0.0000000
1921	0.0000000
1922	0.0000000
1923	0.0000000
1924	0.0000000
1925	0.0000000
1926	0.0000000
1927	-0.0000000
1928	-0.0000047
1929	-0.0001659
1930	-0.0005738
1931	-0.0007312
1932	-0.0007328
1933	-0.0009926
1934	-0.0011003
1935	-0.0010821
1936	-0.0009617
1937	-0.0008130
1938	-0.0004858
1939	-0.0001608
1940	-0.0000297
1941	-0.0000023
1942	-0.0000020
1943	-0.0000008
1944	0.0000000
1945	0.0000000
1946	0.0000000
1947	0.0000000
1948	0.0000000
1949	0.0000000
1950	-0.0000000
1951	-0.0000010
1952	-0.0000234
1953	-0.0003380
1954	-0.0007035
1955	-0.0009274
1956	-0.0010569
1957	-0.0012323
1958	-0.0013158
1959	-0.0012912
1960	-0.0011812
1961	-0.0009619
1962	-0.0005985
1963	-0.0001757
1964	-0.0000174
1965	-0.0000020
1966	-0.0000027
1967	-0.0000000
1968	0.0000000
1969	0.0000000
1970	0.0000000
1971	0.0000000
1972	0.0000000
1973	-0.0000000
1974	-0.0000001
1975	-0.0000034
1976	-0.0000852
1977	-0.0005373
1978	-0.0008965
1979	-0.0012048
1980	-0.0014543
1981	-0.0015213
1982	-0.0015412
1983	-0.0014887
1984	-0.0013736
1985	-0.0010660
1986	-0.0006534
1987	-0.0002395
1988	-0.0000147
1989	-0.0000018
1990	-0.0000000
