TIME_UNITS h
DATA_UNITS kg/s
0	-0.0000000
1	-0.0000001
2	-0.0000001
3	-0.0000001
4	-0.0000000
5	-0.0000000
6	-0.0000002
7	-0.0000026
8	-0.0000162
9	-0.0000335
10	-0.0000535
11	-0.0000740
12	-0.0000817
13	-0.0000876
14	-0.0000935
15	-0.0000956
16	-0.0000934
17	-0.0000845
18	-0.0000690
19	-0.0000436
20	-0.0000151
21	-0.0000017
22	-0.0000002
23	-0.0000001
24	-0.0000001
25	-0.0000001
26	-0.0000000
27	-0.0000000
28	0.0000000
29	0.0000000
30	0.0000000
31	0.0000000
32	-0.0000121
33	-0.0000391
34	-0.0000686
35	-0.0000905
36	-0.0000999
37	-0.0001047
38	-0.0000949
39	-0.0000754
40	-0.0000646
41	-0.0000272
42	-0.0000130
43	-0.0000095
44	-0.0000025
45	-0.0000000
46	0.0000000
47	0.0000000
48	0.0000000
49	0.0000000
50	0.0000000
51	0.0000000
52	0.0000000
53	0.0000000
54	0.0000000
55	0.0000000
56	0.0000000
57	-0.0000000
58	-0.0000007
59	-0.0000090
60	-0.0000597
61	-0.0000641
62	-0.0000929
63	-0.0000924
64	-0.0000001
65	0.0000000
66	-0.0000016
67	-0.0000073
68	-0.0000024
69	-0.0000001
70	-0.0000000
71	-0.0000001
72	-0.0000000
73	-0.0000000
74	-0.0000000
75	-0.0000000
76	-0.0000000
77	-0.0000000
78	-0.0000011
79	-0.0000090
80	-0.0000096
81	-0.0000182
82	-0.0000310
83	-0.0000395
84	-0.0000422
85	-0.0000596
86	-0.0000740
87	-0.0000778
88	-0.0000626
89	-0.0000602
90	-0.0000437
91	-0.0000194
92	-0.0000064
93	-0.0000005
94	-0.0000001
95	0.0000000
96	0.0000000
97	0.0000000
98	0.0000000
99	0.0000000
100	0.0000000
101	0.0000000
102	0.0000000
103	-0.0000017
104	-0.0000158
105	-0.0000495
106	-0.0000724
107	-0.0000958
108	-0.0000913
109	-0.0000811
110	-0.0000579
111	-0.0000002
112	0.0000000
113	-0.0000005
114	-0.0000033
115	-0.0000000
116	-0.0000000
117	0.0000000
118	0.0000000
119	0.0000000
120	0.0000000
121	-0.0000000
122	0.0000000
123	-0.0000000
124	-0.0000000
125	-0.0000000
126	-0.0000001
127	0.0000000
128	-0.0000007
129	-0.0000047
130	-0.0000099
131	-0.0000139
132	-0.0000194
133	-0.0000192
134	-0.0000171
135	-0.0000160
136	-0.0000268
137	-0.0000334
138	-0.0000301
139	-0.0000221
140	-0.0000040
141	-0.0000001
142	0.0000000
143	0.0000000
144	0.0000000
145	0.0000000
146	-0.0000000
147	-0.0000000
148	-0.0000000
149	0.0000000
150	-0.0000000
151	-0.0000023
152	-0.0000099
153	-0.0000465
154	-0.0000813
155	-0.0000899
156	-0.0001191
157	-0.0000789
158	-0.0000845
159	-0.0000704
160	-0.0000452
161	-0.0000406
162	-0.0000372
163	-0.0000172
164	-0.0000067
165	-0.0000012
166	-0.0000003
167	-0.0000002
168	0.0000000
169	0.0000000
170	0.0000000
171	0.0000000
172	-0.0000000
173	-0.0000000
174	-0.0000003
175	-0.0000021
176	-0.0000077
177	-0.0000148
178	-0.0000161
179	-0.0000314
180	-0.0000587
181	-0.0000651
182	-0.0000634
183	-0.0000538
184	-0.0000211
185	-0.0000253
186	-0.0000321
187	-0.0000231
188	-0.0000046
189	-0.0000000
190	0.0000000
191	0.0000000
192	0.0000000
193	0.0000000
194	0.0000000
195	0.0000000
196	0.0000000
197	-0.0000000
198	-0.0000000
199	-0.0000011
200	-0.0000060
201	-0.0000166
202	-0.0000263
203	-0.0000447
204	-0.0000543
205	-0.0000469
206	-0.0000446
207	-0.0000464
208	-0.0000171
209	-0.0000284
210	-0.0000237
211	-0.0000003
212	-0.0000000
213	-0.0000000
214	-0.0000000
215	0.0000000
216	0.0000000
217	0.0000000
218	0.0000000
219	0.0000000
220	0.0000000
221	0.0000000
222	0.0000000
223	-0.0000000
224	-0.0000000
225	-0.0000001
226	-0.0000000
227	-0.0000000
228	-0.0000002
229	-0.0000026
230	-0.0000081
231	-0.0000131
232	-0.0000226
233	-0.0000273
234	-0.0000199
235	-0.0000110
236	-0.0000023
237	0.0000000
238	0.0000000
239	0.0000000
240	0.0000000
241	0.0000000
242	0.0000000
243	0.0000000
244	0.0000000
245	0.0000000
246	0.0000000
247	-0.0000000
248	-0.0000095
249	-0.0000388
250	-0.0000746
251	-0.0000938
252	-0.0001108
253	-0.0001235
254	-0.0001270
255	-0.0001237
256	-0.0001077
257	-0.0000972
258	-0.0000767
259	-0.0000480
260	-0.0000120
261	-0.0000006
262	-0.0000001
263	0.0000000
264	0.0000000
265	0.0000000
266	0.0000000
267	0.0000000
268	0.0000000
269	-0.0000000
270	-0.0000000
271	-0.0000013
272	-0.0000167
273	-0.0000305
274	-0.0000463
275	-0.0000816
276	-0.0001254
277	-0.0001307
278	-0.0001317
279	-0.0001358
280	-0.0001187
281	-0.0001096
282	-0.0000813
283	-0.0000386
284	-0.0000110
285	-0.0000023
286	-0.0000007
287	-0.0000000
288	0.0000000
289	0.0000000
290	0.0000000
291	0.0000000
292	0.0000000
293	-0.0000000
294	-0.0000001
295	-0.0000042
296	-0.0000383
297	-0.0000634
298	-0.0000951
299	-0.0001130
300	-0.0001227
301	-0.0001226
302	-0.0001048
303	-0.0000985
304	-0.0001050
305	-0.0000515
306	-0.0000601
307	-0.0000311
308	-0.0000090
309	-0.0000002
310	0.0000000
311	0.0000000
312	0.0000000
313	0.0000000
314	0.0000000
315	0.0000000
316	0.0000000
317	0.0000000
318	0.0000000
319	-0.0000009
320	-0.0000093
321	-0.0000342
322	-0.0000722
323	-0.0000970
324	-0.0001114
325	-0.0001211
326	-0.0001211
327	-0.0001202
328	-0.0001138
329	-0.0000945
330	-0.0000706
331	-0.0000378
332	-0.0000117
333	-0.0000010
334	0.0000000
335	0.0000000
336	0.0000000
337	0.0000000
338	0.0000000
339	0.0000000
340	0.0000000
341	0.0000000
342	0.0000000
343	-0.0000017
344	-0.0000135
345	-0.0000351
346	-0.0000648
347	-0.0000960
348	-0.0001169
349	-0.0001280
350	-0.0001321
351	-0.0001309
352	-0.0001216
353	-0.0000962
354	-0.0000534
355	-0.0000363
356	-0.0000104
357	-0.0000011
358	-0.0000003
359	-0.0000000
360	0.0000000
361	0.0000000
362	0.0000000
363	0.0000000
364	0.0000000
365	0.0000000
366	0.0000000
367	0.0000000
368	0.0000000
369	-0.0000004
370	-0.0000057
371	-0.0000361
372	-0.0000415
373	-0.0000409
374	-0.0000295
375	-0.0000521
376	-0.0000620
377	-0.0000677
378	-0.0000579
379	-0.0000329
380	-0.0000075
381	-0.0000004
382	-0.0000001
383	-0.0000000
384	0.0000000
385	0.0000000
386	0.0000000
387	0.0000000
388	0.0000000
389	0.0000000
390	0.0000000
391	-0.0000007
392	-0.0000047
393	-0.0000022
394	-0.0000029
395	-0.0000064
396	-0.0000151
397	-0.0000150
398	-0.0000049
399	-0.0000061
400	-0.0000253
401	-0.0000719
402	-0.0000628
403	-0.0000413
404	-0.0000097
405	-0.0000004
406	-0.0000002
407	-0.0000000
408	0.0000000
409	0.0000000
410	0.0000000
411	0.0000000
412	0.0000000
413	0.0000000
414	0.0000000
415	-0.0000003
416	-0.0000057
417	-0.0000183
418	-0.0000278
419	-0.0000361
420	-0.0000408
421	-0.0000483
422	-0.0000535
423	-0.0000679
424	-0.0000785
425	-0.0000703
426	-0.0000542
427	-0.0000398
428	-0.0000152
429	-0.0000005
430	-0.0000001
431	-0.0000000
432	0.0000000
433	0.0000000
434	0.0000000
435	0.0000000
436	0.0000000
437	0.0000000
438	0.0000000
439	-0.0000000
440	-0.0000001
441	-0.0000005
442	-0.0000004
443	-0.0000000
444	0.0000000
445	0.0000000
446	-0.0000119
447	-0.0000711
448	-0.0000304
449	-0.0000001
450	0.0000000
451	0.0000000
452	0.0000000
453	-0.0000000
454	-0.0000000
455	-0.0000000
456	-0.0000000
457	0.0000000
458	0.0000000
459	0.0000000
460	0.0000000
461	0.0000000
462	-0.0000000
463	-0.0000007
464	-0.0000032
465	-0.0000083
466	-0.0000187
467	-0.0000296
468	-0.0000266
469	-0.0000254
470	-0.0000372
471	-0.0000193
472	-0.0000477
473	-0.0000499
474	-0.0000436
475	-0.0000275
476	-0.0000040
477	-0.0000000
478	0.0000000
479	-0.0000001
480	0.0000000
481	0.0000000
482	0.0000000
483	0.0000000
484	0.0000000
485	0.0000000
486	-0.0000000
487	-0.0000002
488	-0.0000004
489	-0.0000000
490	-0.0000004
491	-0.0000065
492	-0.0000115
493	-0.0000293
494	-0.0000398
495	-0.0000404
496	-0.0000508
497	-0.0000522
498	-0.0000486
499	-0.0000342
500	-0.0000172
501	-0.0000015
502	-0.0000000
503	-0.0000001
504	-0.0000002
505	-0.0000001
506	-0.0000002
507	-0.0000003
508	-0.0000004
509	-0.0000003
510	-0.0000056
511	-0.0000104
512	-0.0000195
513	-0.0000002
514	0.0000000
515	-0.0000039
516	-0.0000223
517	-0.0000495
518	-0.0000638
519	-0.0000634
520	-0.0000579
521	-0.0000565
522	-0.0000576
523	-0.0000452
524	-0.0000233
525	-0.0000024
526	-0.0000002
527	-0.0000000
528	0.0000000
529	0.0000000
530	0.0000000
531	0.0000000
532	0.0000000
533	0.0000000
534	-0.0000000
535	-0.0000002
536	-0.0000074
537	-0.0000364
538	-0.0000468
539	-0.0000522
540	-0.0000449
541	-0.0000634
542	-0.0000748
543	-0.0000736
544	-0.0000646
545	-0.0000567
546	-0.0000508
547	-0.0000389
548	-0.0000191
549	-0.0000025
550	-0.0000002
551	-0.0000000
552	0.0000000
553	0.0000000
554	0.0000000
555	0.0000000
556	0.0000000
557	0.0000000
558	-0.0000000
559	-0.0000002
560	-0.0000097
561	-0.0000415
562	-0.0000585
563	-0.0000576
564	-0.0000661
565	-0.0000830
566	-0.0000895
567	-0.0000939
568	-0.0000922
569	-0.0000832
570	-0.0000694
571	-0.0000500
572	-0.0000182
573	-0.0000037
574	-0.0000000
575	0.0000000
576	0.0000000
577	0.0000000
578	0.0000000
579	0.0000000
580	-0.0000000
581	-0.0000000
582	-0.0000000
583	-0.0000006
584	-0.0000107
585	-0.0000483
586	-0.0000741
587	-0.0000946
588	-0.0001122
589	-0.0001189
590	-0.0001191
591	-0.0001174
592	-0.0001009
593	-0.0000912
594	-0.0000718
595	-0.0000525
596	-0.0000129
597	-0.0000013
598	-0.0000002
599	0.0000000
600	0.0000000
601	0.0000000
602	0.0000000
603	0.0000000
604	0.0000000
605	-0.0000000
606	-0.0000001
607	-0.0000025
608	-0.0000268
609	-0.0000724
610	-0.0000966
611	-0.0001152
612	-0.0001293
613	-0.0001391
614	-0.0001453
615	-0.0001446
616	-0.0001383
617	-0.0001168
618	-0.0000805
619	-0.0000435
620	-0.0000135
621	-0.0000028
622	-0.0000004
623	-0.0000006
624	-0.0000000
625	0.0000000
626	0.0000000
627	0.0000000
628	0.0000000
629	0.0000000
630	-0.0000000
631	-0.0000013
632	-0.0000362
633	-0.0000839
634	-0.0001073
635	-0.0001294
636	-0.0001413
637	-0.0001480
638	-0.0001491
639	-0.0001523
640	-0.0001497
641	-0.0001285
642	-0.0000818
643	-0.0000486
644	-0.0000174
645	-0.0000037
646	-0.0000008
647	-0.0000009
648	-0.0000000
649	0.0000000
650	0.0000000
651	0.0000000
652	0.0000000
653	-0.0000000
654	-0.0000001
655	-0.0000037
656	-0.0000392
657	-0.0000882
658	-0.0001164
659	-0.0001272
660	-0.0001452
661	-0.0001630
662	-0.0001641
663	-0.0001585
664	-0.0001634
665	-0.0001404
666	-0.0001005
667	-0.0000684
668	-0.0000207
669	-0.0000025
670	-0.0000008
671	-0.0000006
672	-0.0000000
673	0.0000000
674	0.0000000
675	0.0000000
676	0.0000000
677	0.0000000
678	0.0000000
679	-0.0000000
680	-0.0000000
681	-0.0000001
682	-0.0000025
683	-0.0000206
684	-0.0000023
685	-0.0000063
686	-0.0000229
687	-0.0000401
688	-0.0000583
689	-0.0000434
690	-0.0000265
691	-0.0000109
692	-0.0000011
693	-0.0000007
694	-0.0000000
695	0.0000000
696	0.0000000
697	0.0000000
698	0.0000000
699	0.0000000
700	-0.0000000
701	-0.0000000
702	-0.0000000
703	-0.0000000
704	-0.0000084
705	-0.0000264
706	-0.0000279
707	-0.0000626
708	-0.0000717
709	-0.0000818
710	-0.0000621
711	-0.0000708
712	-0.0000920
713	-0.0000801
714	-0.0000608
715	-0.0000208
716	-0.0000027
717	-0.0000003
718	-0.0000001
719	0.0000000
720	0.0000000
721	0.0000000
722	0.0000000
723	0.0000000
724	0.0000000
725	0.0000000
726	-0.0000000
727	-0.0000008
728	-0.0000114
729	-0.0000244
730	-0.0000438
731	-0.0000944
732	-0.0001180
733	-0.0001210
734	-0.0000883
735	-0.0000906
736	-0.0001229
737	-0.0000974
738	-0.0000717
739	-0.0000356
740	-0.0000046
741	-0.0000008
742	-0.0000002
743	0.0000000
744	0.0000000
745	0.0000000
746	0.0000000
747	0.0000000
748	0.0000000
749	-0.0000000
750	-0.0000000
751	-0.0000002
752	-0.0000009
753	-0.0000001
754	-0.0000001
755	-0.0000142
756	-0.0000398
757	-0.0000636
758	-0.0000729
759	-0.0000884
760	-0.0000907
761	-0.0000985
762	-0.0000744
763	-0.0000463
764	-0.0000158
765	-0.0000005
766	-0.0000002
767	0.0000000
768	0.0000000
769	0.0000000
770	0.0000000
771	0.0000000
772	0.0000000
773	0.0000000
774	0.0000000
775	-0.0000002
776	-0.0000071
777	-0.0000245
778	-0.0000608
779	-0.0000922
780	-0.0001178
781	-0.0001161
782	-0.0001183
783	-0.0001221
784	-0.0001165
785	-0.0001133
786	-0.0000859
787	-0.0000514
788	-0.0000119
789	-0.0000025
790	-0.0000003
791	0.0000000
792	0.0000000
793	0.0000000
794	0.0000000
795	0.0000000
796	0.0000000
797	0.0000000
798	0.0000000
799	-0.0000000
800	-0.0000101
801	-0.0000472
802	-0.0000893
803	-0.0001165
804	-0.0001372
805	-0.0001439
806	-0.0001485
807	-0.0001454
808	-0.0001355
809	-0.0001144
810	-0.0000805
811	-0.0000304
812	-0.0000007
813	-0.0000003
814	-0.0000003
815	-0.0000003
816	0.0000000
817	0.0000000
818	0.0000000
819	0.0000000
820	0.0000000
821	0.0000000
822	-0.0000000
823	-0.0000009
824	-0.0000159
825	-0.0000733
826	-0.0000997
827	-0.0001204
828	-0.0001398
829	-0.0001538
830	-0.0001578
831	-0.0001528
832	-0.0001299
833	-0.0000929
834	-0.0000518
835	-0.0000208
836	-0.0000104
837	-0.0000006
838	-0.0000001
839	-0.0000000
840	0.0000000
841	0.0000000
842	0.0000000
843	0.0000000
844	0.0000000
845	0.0000000
846	0.0000000
847	-0.0000013
848	-0.0000067
849	-0.0000217
850	-0.0000620
851	-0.0000928
852	-0.0001100
853	-0.0001023
854	-0.0000944
855	-0.0000822
856	-0.0000934
857	-0.0000998
858	-0.0000838
859	-0.0000631
860	-0.0000269
861	-0.0000023
862	-0.0000000
863	0.0000000
864	0.0000000
865	0.0000000
866	0.0000000
867	0.0000000
868	0.0000000
869	-0.0000000
870	-0.0000000
871	-0.0000005
872	-0.0000027
873	-0.0000309
874	-0.0000736
875	-0.0001045
876	-0.0001317
877	-0.0001387
878	-0.0001421
879	-0.0001398
880	-0.0001319
881	-0.0001040
882	-0.0000590
883	-0.0000476
884	-0.0000069
885	-0.0000007
886	-0.0000001
887	-0.0000001
888	0.0000000
889	0.0000000
890	0.0000000
891	0.0000000
892	0.0000000
893	0.0000000
894	0.0000000
895	0.0000000
896	-0.0000054
897	-0.0000413
898	-0.0000915
899	-0.0001137
900	-0.0001361
901	-0.0001463
902	-0.0001544
903	-0.0001497
904	-0.0001003
905	-0.0000599
906	-0.0000516
907	-0.0000327
908	-0.0000034
909	-0.0000021
910	-0.0000006
911	-0.0000006
912	-0.0000000
913	0.0000000
914	0.0000000
915	0.0000000
916	0.0000000
917	0.0000000
918	0.0000000
919	-0.0000001
920	-0.0000022
921	-0.0000009
922	-0.0000057
923	-0.0000246
924	-0.0000014
925	-0.0000011
926	-0.0000142
927	-0.0000487
928	-0.0000718
929	-0.0000923
930	-0.0000786
931	-0.0000498
932	-0.0000143
933	-0.0000012
934	-0.0000002
935	-0.0000002
936	0.0000000
937	0.0000000
938	0.0000000
939	0.0000000
940	0.0000000
941	0.0000000
942	-0.0000000
943	-0.0000004
944	-0.0000103
945	-0.0000611
946	-0.0000859
947	-0.0001094
948	-0.0001273
949	-0.0001296
950	-0.0001337
951	-0.0001349
952	-0.0001271
953	-0.0001106
954	-0.0000884
955	-0.0000471
956	-0.0000177
957	-0.0000014
958	-0.0000003
959	-0.0000002
960	-0.0000000
961	0.0000000
962	0.0000000
963	0.0000000
964	0.0000000
965	0.0000000
966	-0.0000000
967	-0.0000004
968	-0.0000133
969	-0.0000650
970	-0.0000906
971	-0.0001081
972	-0.0001095
973	-0.0000927
974	-0.0001035
975	-0.0001121
976	-0.0001017
977	-0.0000933
978	-0.0000700
979	-0.0000442
980	-0.0000074
981	-0.0000007
982	-0.0000001
983	-0.0000000
984	0.0000000
985	0.0000000
986	0.0000000
987	0.0000000
988	0.0000000
989	0.0000000
990	0.0000000
991	0.0000000
992	-0.0000000
993	-0.0000036
994	-0.0000098
995	-0.0000061
996	-0.0000037
997	-0.0000056
998	-0.0000289
999	-0.0000307
1000	-0.0000128
1001	-0.0000028
1002	-0.0000005
1003	-0.0000002
1004	-0.0000000
1005	0.0000000
1006	0.0000000
1007	0.0000000
1008	0.0000000
1009	0.0000000
1010	0.0000000
1011	0.0000000
1012	0.0000000
1013	0.0000000
1014	0.0000000
1015	-0.0000002
1016	-0.0000020
1017	-0.0000139
1018	-0.0000626
1019	-0.0000814
1020	-0.0001051
1021	-0.0001060
1022	-0.0001044
1023	-0.0001091
1024	-0.0000942
1025	-0.0000589
1026	-0.0000295
1027	-0.0000098
1028	-0.0000038
1029	-0.0000002
1030	0.0000000
1031	0.0000000
1032	0.0000000
1033	0.0000000
1034	0.0000000
1035	0.0000000
1036	0.0000000
1037	0.0000000
1038	0.0000000
1039	-0.0000000
1040	-0.0000036
1041	-0.0000236
1042	-0.0000680
1043	-0.0000983
1044	-0.0000330
1045	-0.0000968
1046	-0.0000912
1047	-0.0000839
1048	-0.0000569
1049	-0.0000586
1050	-0.0000453
1051	-0.0000170
1052	-0.0000037
1053	-0.0000000
1054	-0.0000000
1055	-0.0000000
1056	0.0000000
1057	0.0000000
1058	0.0000000
1059	0.0000000
1060	0.0000000
1061	0.0000000
1062	-0.0000000
1063	-0.0000008
1064	-0.0000068
1065	-0.0000267
1066	-0.0000785
1067	-0.0001027
1068	-0.0001094
1069	-0.0001253
1070	-0.0001296
1071	-0.0001281
1072	-0.0001223
1073	-0.0001043
1074	-0.0000813
1075	-0.0000447
1076	-0.0000139
1077	-0.0000009
1078	-0.0000000
1079	0.0000000
1080	0.0000000
1081	0.0000000
1082	0.0000000
1083	0.0000000
1084	0.0000000
1085	0.0000000
1086	0.0000000
1087	-0.0000001
1088	-0.0000050
1089	-0.0000123
1090	-0.0000199
1091	-0.0000316
1092	-0.0000249
1093	-0.0000474
1094	-0.0000555
1095	-0.0000422
1096	-0.0000388
1097	-0.0000175
1098	-0.0000010
1099	-0.0000001
1100	0.0000000
1101	0.0000000
1102	0.0000000
1103	0.0000000
1104	0.0000000
1105	0.0000000
1106	0.0000000
1107	0.0000000
1108	0.0000000
1109	0.0000000
1110	-0.0000000
1111	-0.0000003
1112	-0.0000028
1113	-0.0000085
1114	-0.0000134
1115	-0.0000298
1116	-0.0000393
1117	-0.0000281
1118	-0.0000459
1119	-0.0000895
1120	-0.0000936
1121	-0.0000714
1122	-0.0000378
1123	-0.0000246
1124	-0.0000011
1125	-0.0000006
1126	-0.0000000
1127	0.0000000
1128	0.0000000
1129	0.0000000
1130	0.0000000
1131	0.0000000
1132	0.0000000
1133	0.0000000
1134	0.0000000
1135	-0.0000001
1136	-0.0000008
1137	-0.0000177
1138	-0.0000436
1139	-0.0000426
1140	-0.0000211
1141	-0.0000426
1142	-0.0000478
1143	-0.0000382
1144	-0.0000438
1145	-0.0000009
1146	-0.0000013
1147	-0.0000012
1148	-0.0000001
1149	0.0000000
1150	0.0000000
1151	-0.0000000
1152	0.0000000
1153	0.0000000
1154	0.0000000
1155	0.0000000
1156	0.0000000
1157	0.0000000
1158	0.0000000
1159	-0.0000004
1160	-0.0000042
1161	-0.0000212
1162	-0.0000593
1163	-0.0000967
1164	-0.0001151
1165	-0.0001283
1166	-0.0001313
1167	-0.0001250
1168	-0.0001193
1169	-0.0001025
1170	-0.0000770
1171	-0.0000461
1172	-0.0000130
1173	-0.0000001
1174	0.0000000
1175	0.0000000
1176	0.0000000
1177	0.0000000
1178	0.0000000
1179	0.0000000
1180	0.0000000
1181	0.0000000
1182	0.0000000
1183	-0.0000000
1184	-0.0000042
1185	-0.0000335
1186	-0.0000840
1187	-0.0001101
1188	-0.0001322
1189	-0.0001410
1190	-0.0001521
1191	-0.0001490
1192	-0.0001344
1193	-0.0001111
1194	-0.0000717
1195	-0.0000369
1196	-0.0000114
1197	-0.0000008
1198	-0.0000001
1199	-0.0000000
1200	0.0000000
1201	0.0000000
1202	0.0000000
1203	0.0000000
1204	0.0000000
1205	-0.0000000
1206	-0.0000000
1207	-0.0000010
1208	-0.0000160
1209	-0.0000591
1210	-0.0000873
1211	-0.0001132
1212	-0.0001318
1213	-0.0001470
1214	-0.0001539
1215	-0.0001399
1216	-0.0001312
1217	-0.0000818
1218	-0.0000518
1219	-0.0000395
1220	-0.0000145
1221	-0.0000007
1222	-0.0000006
1223	-0.0000006
1224	-0.0000000
1225	0.0000000
1226	0.0000000
1227	0.0000000
1228	0.0000000
1229	0.0000000
1230	-0.0000000
1231	-0.0000007
1232	-0.0000025
1233	-0.0000116
1234	-0.0000155
1235	-0.0000699
1236	-0.0001011
1237	-0.0000925
1238	-0.0001290
1239	-0.0001246
1240	-0.0001181
1241	-0.0000966
1242	-0.0000784
1243	-0.0000516
1244	-0.0000160
1245	-0.0000011
1246	-0.0000003
1247	0.0000000
1248	0.0000000
1249	0.0000000
1250	0.0000000
1251	0.0000000
1252	0.0000000
1253	0.0000000
1254	0.0000000
1255	-0.0000000
1256	-0.0000056
1257	-0.0000382
1258	-0.0000782
1259	-0.0000995
1260	-0.0001160
1261	-0.0001225
1262	-0.0001149
1263	-0.0001178
1264	-0.0001142
1265	-0.0001005
1266	-0.0000769
1267	-0.0000404
1268	-0.0000075
1269	-0.0000003
1270	-0.0000003
1271	-0.0000003
1272	0.0000000
1273	0.0000000
1274	0.0000000
1275	0.0000000
1276	0.0000000
1277	0.0000000
1278	0.0000000
1279	-0.0000000
1280	-0.0000067
1281	-0.0000310
1282	-0.0000680
1283	-0.0000893
1284	-0.0001003
1285	-0.0000962
1286	-0.0000970
1287	-0.0000831
1288	-0.0000957
1289	-0.0000785
1290	-0.0000673
1291	-0.0000337
1292	-0.0000078
1293	-0.0000003
1294	-0.0000002
1295	-0.0000001
1296	0.0000000
1297	0.0000000
1298	0.0000000
1299	0.0000000
1300	0.0000000
1301	0.0000000
1302	-0.0000000
1303	-0.0000000
1304	-0.0000000
1305	-0.0000047
1306	-0.0000142
1307	-0.0000240
1308	-0.0000454
1309	-0.0000251
1310	-0.0000122
1311	-0.0000183
1312	-0.0000175
1313	-0.0000177
1314	-0.0000177
1315	-0.0000053
1316	-0.0000021
1317	-0.0000000
1318	0.0000000
1319	0.0000000
1320	0.0000000
1321	0.0000000
1322	0.0000000
1323	0.0000000
1324	0.0000000
1325	0.0000000
1326	-0.0000000
1327	-0.0000001
1328	-0.0000018
1329	-0.0000191
1330	-0.0000371
1331	-0.0000718
1332	-0.0000693
1333	-0.0000861
1334	-0.0000656
1335	-0.0000123
1336	-0.0000297
1337	-0.0000717
1338	-0.0000456
1339	-0.0000224
1340	-0.0000034
1341	-0.0000000
1342	0.0000000
1343	0.0000000
1344	0.0000000
1345	0.0000000
1346	0.0000000
1347	0.0000000
1348	0.0000000
1349	0.0000000
1350	-0.0000000
1351	-0.0000007
1352	-0.0000001
1353	-0.0000005
1354	-0.0000031
1355	-0.0000109
1356	-0.0000067
1357	-0.0000003
1358	0.0000000
1359	0.0000000
1360	-0.0000015
1361	-0.0000105
1362	-0.0000268
1363	-0.0000143
1364	-0.0000008
1365	-0.0000001
1366	-0.0000001
1367	0.0000000
1368	0.0000000
1369	0.0000000
1370	0.0000000
1371	0.0000000
1372	0.0000000
1373	-0.0000000
1374	-0.0000000
1375	-0.0000008
1376	-0.0000023
1377	-0.0000104
1378	-0.0000414
1379	-0.0000742
1380	-0.0000543
1381	-0.0000803
1382	-0.0000337
1383	-0.0000835
1384	-0.0000985
1385	-0.0000925
1386	-0.0000660
1387	-0.0000319
1388	-0.0000007
1389	0.0000000
1390	0.0000000
1391	0.0000000
1392	0.0000000
1393	0.0000000
1394	0.0000000
1395	0.0000000
1396	0.0000000
1397	-0.0000000
1398	-0.0000000
1399	-0.0000009
1400	-0.0000072
1401	-0.0000475
1402	-0.0000849
1403	-0.0001156
1404	-0.0001215
1405	-0.0001219
1406	-0.0000924
1407	-0.0001056
1408	-0.0001071
1409	-0.0000984
1410	-0.0000716
1411	-0.0000387
1412	-0.0000078
1413	-0.0000003
1414	-0.0000001
1415	0.0000000
1416	0.0000000
1417	0.0000000
1418	0.0000000
1419	0.0000000
1420	0.0000000
1421	0.0000000
1422	-0.0000000
1423	-0.0000003
1424	-0.0000111
1425	-0.0000534
1426	-0.0000795
1427	-0.0000944
1428	-0.0000989
1429	-0.0000977
1430	-0.0001007
1431	-0.0000001
1432	0.0000000
1433	-0.0000106
1434	-0.0000641
1435	-0.0000447
1436	-0.0000117
1437	-0.0000004
1438	-0.0000003
1439	-0.0000003
1440	0.0000000
1441	0.0000000
1442	0.0000000
1443	0.0000000
1444	0.0000000
1445	0.0000000
1446	-0.0000000
1447	-0.0000001
1448	-0.0000035
1449	-0.0000264
1450	-0.0000746
1451	-0.0000886
1452	-0.0000989
1453	-0.0000953
1454	-0.0001067
1455	-0.0001027
1456	-0.0000930
1457	-0.0000820
1458	-0.0000655
1459	-0.0000408
1460	-0.0000079
1461	-0.0000003
1462	-0.0000002
1463	-0.0000002
1464	0.0000000
1465	0.0000000
1466	0.0000000
1467	0.0000000
1468	0.0000000
1469	0.0000000
1470	-0.0000000
1471	-0.0000001
1472	-0.0000039
1473	-0.0000249
1474	-0.0000644
1475	-0.0000822
1476	-0.0001012
1477	-0.0001149
1478	-0.0001187
1479	-0.0001226
1480	-0.0001005
1481	-0.0000670
1482	-0.0000564
1483	-0.0000190
1484	-0.0000026
1485	-0.0000002
1486	-0.0000002
1487	-0.0000000
1488	0.0000000
1489	0.0000000
1490	0.0000000
1491	0.0000000
1492	0.0000000
1493	0.0000000
1494	0.0000000
1495	0.0000000
1496	0.0000000
1497	-0.0000007
1498	-0.0000169
1499	-0.0000602
1500	-0.0000631
1501	-0.0001004
1502	-0.0001218
1503	-0.0001144
1504	-0.0001051
1505	-0.0000881
1506	-0.0000620
1507	-0.0000252
1508	-0.0000028
1509	-0.0000000
1510	0.0000000
1511	0.0000000
1512	0.0000000
1513	0.0000000
1514	0.0000000
1515	0.0000000
1516	0.0000000
1517	0.0000000
1518	0.0000000
1519	-0.0000000
1520	-0.0000000
1521	0.0000000
1522	0.0000000
1523	0.0000000
1524	-0.0000008
1525	-0.0000326
1526	-0.0000942
1527	-0.0001014
1528	-0.0000796
1529	-0.0000716
1530	-0.0000513
1531	-0.0000236
1532	-0.0000026
1533	-0.0000000
1534	0.0000000
1535	0.0000000
1536	0.0000000
1537	0.0000000
1538	0.0000000
1539	0.0000000
1540	0.0000000
1541	0.0000000
1542	-0.0000000
1543	-0.0000003
1544	-0.0000043
1545	-0.0000219
1546	-0.0000656
1547	-0.0000961
1548	-0.0001171
1549	-0.0001294
1550	-0.0001289
1551	-0.0001230
1552	-0.0001062
1553	-0.0000721
1554	-0.0000350
1555	-0.0000122
1556	-0.0000004
1557	-0.0000001
1558	0.0000000
1559	0.0000000
1560	0.0000000
1561	0.0000000
1562	0.0000000
1563	0.0000000
1564	0.0000000
1565	0.0000000
1566	0.0000000
1567	-0.0000003
1568	-0.0000055
1569	-0.0000253
1570	-0.0000635
1571	-0.0000970
1572	-0.0000709
1573	-0.0000394
1574	-0.0000396
1575	-0.0000353
1576	-0.0000258
1577	-0.0000143
1578	-0.0000072
1579	-0.0000029
1580	-0.0000000
1581	-0.0000000
1582	-0.0000000
1583	0.0000000
1584	0.0000000
1585	0.0000000
1586	0.0000000
1587	0.0000000
1588	0.0000000
1589	0.0000000
1590	-0.0000000
1591	-0.0000004
1592	-0.0000024
1593	-0.0000114
1594	-0.0000460
1595	-0.0000895
1596	-0.0001130
1597	-0.0001249
1598	-0.0001286
1599	-0.0001197
1600	-0.0001012
1601	-0.0000967
1602	-0.0000558
1603	-0.0000216
1604	-0.0000037
1605	-0.0000001
1606	-0.0000000
1607	0.0000000
1608	0.0000000
1609	0.0000000
1610	0.0000000
1611	0.0000000
1612	0.0000000
1613	0.0000000
1614	-0.0000000
1615	-0.0000001
1616	-0.0000078
1617	-0.0000383
1618	-0.0000729
1619	-0.0000977
1620	-0.0001166
1621	-0.0001263
1622	-0.0000821
1623	-0.0000711
1624	-0.0000955
1625	-0.0000804
1626	-0.0000531
1627	-0.0000265
1628	-0.0000024
1629	-0.0000003
1630	-0.0000003
1631	-0.0000002
1632	-0.0000000
1633	0.0000000
1634	0.0000000
1635	0.0000000
1636	0.0000000
1637	0.0000000
1638	0.0000000
1639	0.0000000
1640	-0.0000002
1641	-0.0000000
1642	0.0000000
1643	-0.0000066
1644	-0.0000662
1645	-0.0001084
1646	-0.0001141
1647	-0.0001034
1648	-0.0001090
1649	-0.0000949
1650	-0.0000672
1651	-0.0000282
1652	-0.0000053
1653	-0.0000001
1654	-0.0000001
1655	-0.0000000
1656	0.0000000
1657	0.0000000
1658	0.0000000
1659	0.0000000
1660	0.0000000
1661	0.0000000
1662	0.0000000
1663	-0.0000000
1664	-0.0000024
1665	-0.0000348
1666	-0.0000779
1667	-0.0000923
1668	-0.0001160
1669	-0.0001185
1670	-0.0001185
1671	-0.0000814
1672	-0.0000659
1673	-0.0000531
1674	-0.0000417
1675	-0.0000218
1676	-0.0000026
1677	-0.0000003
1678	-0.0000000
1679	0.0000000
1680	0.0000000
1681	0.0000000
1682	0.0000000
1683	0.0000000
1684	0.0000000
1685	0.0000000
1686	-0.0000000
1687	-0.0000010
1688	-0.0000236
1689	-0.0000477
1690	-0.0000622
1691	-0.0000631
1692	-0.0000765
1693	-0.0000702
1694	-0.0000807
1695	-0.0000911
1696	-0.0000763
1697	-0.0000834
1698	-0.0000649
1699	-0.0000005
1700	0.0000000
1701	0.0000000
1702	0.0000000
1703	0.0000000
1704	0.0000000
1705	0.0000000
1706	0.0000000
1707	0.0000000
1708	0.0000000
1709	-0.0000000
1710	-0.0000000
1711	-0.0000005
1712	-0.0000108
1713	-0.0000516
1714	-0.0000721
1715	-0.0000802
1716	-0.0000825
1717	-0.0000765
1718	-0.0000825
1719	-0.0000769
1720	-0.0000650
1721	-0.0000638
1722	-0.0000505
1723	-0.0000161
1724	-0.0000031
1725	-0.0000002
1726	-0.0000002
1727	-0.0000002
1728	-0.0000000
1729	0.0000000
1730	0.0000000
1731	0.0000000
1732	0.0000000
1733	0.0000000
1734	-0.0000000
1735	-0.0000001
1736	-0.0000032
1737	-0.0000328
1738	-0.0000651
1739	-0.0000838
1740	-0.0000997
1741	-0.0001079
1742	-0.0001143
1743	-0.0001024
1744	-0.0000820
1745	-0.0000694
1746	-0.0000481
1747	-0.0000113
1748	-0.0000008
1749	-0.0000001
1750	-0.0000001
1751	-0.0000001
1752	0.0000000
1753	0.0000000
1754	0.0000000
1755	0.0000000
1756	0.0000000
1757	0.0000000
1758	0.0000000
1759	0.0000000
1760	-0.0000000
1761	-0.0000007
1762	-0.0000057
1763	-0.0000419
1764	-0.0000793
1765	-0.0000945
1766	-0.0001010
1767	-0.0000992
1768	-0.0000890
1769	-0.0000737
1770	-0.0000392
1771	-0.0000091
1772	-0.0000023
1773	-0.0000001
1774	-0.0000000
1775	-0.0000000
1776	0.0000000
1777	0.0000000
1778	0.0000000
1779	0.0000000
1780	0.0000000
1781	0.0000000
1782	0.0000000
1783	-0.0000000
1784	-0.0000008
1785	-0.0000032
1786	-0.0000000
1787	-0.0000001
1788	-0.0000117
1789	-0.0000533
1790	-0.0000685
1791	-0.0000659
1792	-0.0000403
1793	-0.0000510
1794	-0.0000318
1795	-0.0000055
1796	-0.0000002
1797	-0.0000000
1798	0.0000000
1799	0.0000000
1800	0.0000000
1801	0.0000000
1802	0.0000000
1803	0.0000000
1804	0.0000000
1805	0.0000000
1806	0.0000000
1807	-0.0000000
1808	-0.0000003
1809	-0.0000041
1810	-0.0000110
1811	-0.0000208
1812	-0.0000256
1813	-0.0000084
1814	-0.0000085
1815	-0.0000228
1816	-0.0000391
1817	-0.0000482
1818	-0.0000300
1819	-0.0000070
1820	-0.0000006
1821	-0.0000001
1822	-0.0000001
1823	0.0000000
1824	0.0000000
1825	0.0000000
1826	0.0000000
1827	0.0000000
1828	0.0000000
1829	-0.0000000
1830	-0.0000000
1831	-0.0000001
1832	-0.0000016
1833	-0.0000095
1834	-0.0000243
1835	-0.0000536
1836	-0.0000757
1837	-0.0000899
1838	-0.0000968
1839	-0.0000990
1840	-0.0000873
1841	-0.0000625
1842	-0.0000250
1843	-0.0000064
1844	-0.0000008
1845	-0.0000002
1846	-0.0000002
1847	-0.0000001
1848	0.0000000
1849	0.0000000
1850	0.0000000
1851	0.0000000
1852	0.0000000
1853	0.0000000
1854	0.0000000
1855	-0.0000000
1856	-0.0000014
1857	-0.0000055
1858	-0.0000148
1859	-0.0000311
1860	-0.0000311
1861	-0.0000313
1862	-0.0000340
1863	-0.0000323
1864	-0.0000321
1865	-0.0000274
1866	-0.0000150
1867	-0.0000051
1868	-0.0000005
1869	-0.0000001
1870	-0.0000002
1871	-0.0000002
1872	0.0000000
1873	0.0000000
1874	0.0000000
1875	0.0000000
1876	0.0000000
1877	0.0000000
1878	0.0000000
1879	-0.0000000
1880	-0.0000004
1881	-0.0000056
1882	-0.0000258
1883	-0.0000581
1884	-0.0000599
1885	-0.0000736
1886	-0.0000923
1887	-0.0000987
1888	-0.0000752
1889	-0.0000733
1890	-0.0000423
1891	-0.0000085
1892	-0.0000004
1893	-0.0000000
1894	-0.0000002
1895	-0.0000000
1896	0.0000000
1897	0.0000000
1898	0.0000000
1899	0.0000000
1900	0.0000000
1901	-0.0000000
1902	-0.0000000
1903	-0.0000005
1904	-0.0000086
1905	-0.0000320
1906	-0.0000509
1907	-0.0000594
1908	-0.0000623
1909	-0.0000643
1910	-0.0000724
1911	-0.0000507
1912	-0.0000459
1913	-0.0000399
1914	-0.0000332
1915	-0.0000106
1916	-0.0000011
1917	-0.0000003
1918	-0.0000002
1919	-0.0000001
1920	0.0000000
1921	0.0000000
1922	0.0000000
1923	0.0000000
1924	0.0000000
1925	0.0000000
1926	0.0000000
1927	-0.0000000
1928	-0.0000004
1929	-0.0000146
1930	-0.0000507
1931	-0.0000646
1932	-0.0000647
1933	-0.0000876
1934	-0.0000971
1935	-0.0000955
1936	-0.0000849
1937	-0.0000718
1938	-0.0000429
1939	-0.0000142
1940	-0.0000026
1941	-0.0000002
1942	-0.0000002
1943	-0.0000001
1944	0.0000000
1945	0.0000000
1946	0.0000000
1947	0.0000000
1948	0.0000000
1949	0.0000000
1950	-0.0000000
1951	-0.0000001
1952	-0.0000021
1953	-0.0000298
1954	-0.0000621
1955	-0.0000819
1956	-0.0000933
1957	-0.0001088
1958	-0.0001162
1959	-0.0001140
1960	-0.0001043
1961	-0.0000849
1962	-0.0000528
1963	-0.0000155
1964	-0.0000015
1965	-0.0000002
1966	-0.0000002
1967	-0.0000000
1968	0.0000000
1969	0.0000000
1970	0.0000000
1971	0.0000000
1972	0.0000000
1973	-0.0000000
1974	-0.0000000
1975	-0.0000003
1976	-0.0000075
1977	-0.0000474
1978	-0.0000792
1979	-0.0001064
1980	-0.0001284
1981	-0.0001343
1982	-0.0001361
1983	-0.0001314
1984	-0.0001213
1985	-0.0000941
1986	-0.0000577
1987	-0.0000211
1988	-0.0000013
1989	-0.0000002
1990	-0.0000000
