TIME_UNITS h
DATA_UNITS kg/s
0	-0.0000012
1	-0.0000032
2	-0.0000038
3	-0.0000018
4	-0.0000012
5	-0.0000005
6	-0.0000057
7	-0.0000763
8	-0.0004665
9	-0.0009665
10	-0.0015408
11	-0.0021322
12	-0.0023545
13	-0.0025263
14	-0.0026949
15	-0.0027550
16	-0.0026932
17	-0.0024356
18	-0.0019892
19	-0.0012576
20	-0.0004349
21	-0.0000489
22	-0.0000048
23	-0.0000022
24	-0.0000025
25	-0.0000018
26	-0.0000008
27	-0.0000008
28	0.0000000
29	0.0000000
30	0.0000000
31	0.0000000
32	-0.0003479
33	-0.0011261
34	-0.0019779
35	-0.0026098
36	-0.0028790
37	-0.0030167
38	-0.0027342
39	-0.0021727
40	-0.0018616
41	-0.0007833
42	-0.0003758
43	-0.0002751
44	-0.0000714
45	-0.0000003
46	0.0000000
47	0.0000000
48	0.0000000
49	0.0000000
50	0.0000000
51	0.0000000
52	0.0000000
53	0.0000000
54	0.0000000
55	0.0000000
56	0.0000000
57	-0.0000001
58	-0.0000188
59	-0.0002590
60	-0.0017215
61	-0.0018483
62	-0.0026764
63	-0.0026629
64	-0.0000023
65	0.0000000
66	-0.0000467
67	-0.0002105
68	-0.0000682
69	-0.0000024
70	-0.0000000
71	-0.0000018
72	-0.0000011
73	-0.0000014
74	-0.0000004
75	-0.0000001
76	-0.0000012
77	-0.0000011
78	-0.0000330
79	-0.0002602
80	-0.0002773
81	-0.0005234
82	-0.0008946
83	-0.0011386
84	-0.0012167
85	-0.0017165
86	-0.0021321
87	-0.0022424
88	-0.0018029
89	-0.0017364
90	-0.0012583
91	-0.0005590
92	-0.0001849
93	-0.0000157
94	-0.0000030
95	0.0000000
96	0.0000000
97	0.0000000
98	0.0000000
99	0.0000000
100	0.0000000
101	0.0000000
102	0.0000000
103	-0.0000491
104	-0.0004551
105	-0.0014272
106	-0.0020859
107	-0.0027626
108	-0.0026320
109	-0.0023385
110	-0.0016690
111	-0.0000068
112	0.0000000
113	-0.0000139
114	-0.0000937
115	-0.0000002
116	-0.0000000
117	0.0000000
118	0.0000000
119	0.0000000
120	0.0000000
121	-0.0000000
122	0.0000000
123	-0.0000001
124	-0.0000003
125	-0.0000002
126	-0.0000015
127	0.0000000
128	-0.0000190
129	-0.0001359
130	-0.0002846
131	-0.0004012
132	-0.0005581
133	-0.0005545
134	-0.0004930
135	-0.0004601
136	-0.0007735
137	-0.0009627
138	-0.0008670
139	-0.0006381
140	-0.0001148
141	-0.0000032
142	0.0000000
143	0.0000000
144	0.0000000
145	0.0000000
146	-0.0000000
147	-0.0000000
148	-0.0000001
149	0.0000000
150	-0.0000004
151	-0.0000658
152	-0.0002861
153	-0.0013390
154	-0.0023435
155	-0.0025923
156	-0.0034334
157	-0.0022734
158	-0.0024348
159	-0.0020282
160	-0.0013026
161	-0.0011716
162	-0.0010718
163	-0.0004962
164	-0.0001928
165	-0.0000335
166	-0.0000072
167	-0.0000055
168	0.0000000
169	0.0000000
170	0.0000000
171	0.0000000
172	-0.0000000
173	-0.0000000
174	-0.0000084
175	-0.0000604
176	-0.0002222
177	-0.0004262
178	-0.0004631
179	-0.0009055
180	-0.0016925
181	-0.0018760
182	-0.0018269
183	-0.0015513
184	-0.0006094
185	-0.0007301
186	-0.0009241
187	-0.0006645
188	-0.0001335
189	-0.0000004
190	0.0000000
191	0.0000000
192	0.0000000
193	0.0000000
194	0.0000000
195	0.0000000
196	0.0000000
197	-0.0000000
198	-0.0000001
199	-0.0000308
200	-0.0001718
201	-0.0004790
202	-0.0007593
203	-0.0012871
204	-0.0015657
205	-0.0013528
206	-0.0012845
207	-0.0013367
208	-0.0004940
209	-0.0008181
210	-0.0006824
211	-0.0000099
212	-0.0000006
213	-0.0000000
214	-0.0000000
215	0.0000000
216	0.0000000
217	0.0000000
218	0.0000000
219	0.0000000
220	0.0000000
221	0.0000000
222	0.0000000
223	-0.0000001
224	-0.0000007
225	-0.0000041
226	-0.0000004
227	-0.0000013
228	-0.0000057
229	-0.0000736
230	-0.0002322
231	-0.0003764
232	-0.0006525
233	-0.0007872
234	-0.0005737
235	-0.0003158
236	-0.0000654
237	0.0000000
238	0.0000000
239	0.0000000
240	0.0000000
241	0.0000000
242	0.0000000
243	0.0000000
244	0.0000000
245	0.0000000
246	0.0000000
247	-0.0000009
248	-0.0002739
249	-0.0011177
250	-0.0021515
251	-0.0027049
252	-0.0031932
253	-0.0035605
254	-0.0036602
255	-0.0035667
256	-0.0031049
257	-0.0028020
258	-0.0022114
259	-0.0013846
260	-0.0003451
261	-0.0000165
262	-0.0000019
263	0.0000000
264	0.0000000
265	0.0000000
266	0.0000000
267	0.0000000
268	0.0000000
269	-0.0000000
270	-0.0000002
271	-0.0000371
272	-0.0004801
273	-0.0008783
274	-0.0013339
275	-0.0023522
276	-0.0036142
277	-0.0037675
278	-0.0037956
279	-0.0039150
280	-0.0034218
281	-0.0031592
282	-0.0023437
283	-0.0011115
284	-0.0003158
285	-0.0000658
286	-0.0000205
287	-0.0000000
288	0.0000000
289	0.0000000
290	0.0000000
291	0.0000000
292	0.0000000
293	-0.0000000
294	-0.0000023
295	-0.0001207
296	-0.0011031
297	-0.0018283
298	-0.0027405
299	-0.0032575
300	-0.0035371
301	-0.0035341
302	-0.0030207
303	-0.0028382
304	-0.0030260
305	-0.0014857
306	-0.0017313
307	-0.0008968
308	-0.0002604
309	-0.0000070
310	0.0000000
311	0.0000000
312	0.0000000
313	0.0000000
314	0.0000000
315	0.0000000
316	0.0000000
317	0.0000000
318	0.0000000
319	-0.0000270
320	-0.0002689
321	-0.0009847
322	-0.0020800
323	-0.0027956
324	-0.0032097
325	-0.0034905
326	-0.0034906
327	-0.0034653
328	-0.0032808
329	-0.0027233
330	-0.0020357
331	-0.0010906
332	-0.0003359
333	-0.0000288
334	0.0000000
335	0.0000000
336	0.0000000
337	0.0000000
338	0.0000000
339	0.0000000
340	0.0000000
341	0.0000000
342	0.0000000
343	-0.0000476
344	-0.0003878
345	-0.0010122
346	-0.0018668
347	-0.0027670
348	-0.0033691
349	-0.0036897
350	-0.0038086
351	-0.0037727
352	-0.0035058
353	-0.0027714
354	-0.0015404
355	-0.0010476
356	-0.0003007
357	-0.0000327
358	-0.0000080
359	-0.0000000
360	0.0000000
361	0.0000000
362	0.0000000
363	0.0000000
364	0.0000000
365	0.0000000
366	0.0000000
367	0.0000000
368	0.0000000
369	-0.0000103
370	-0.0001651
371	-0.0010414
372	-0.0011974
373	-0.0011795
374	-0.0008513
375	-0.0015015
376	-0.0017859
377	-0.0019514
378	-0.0016678
379	-0.0009494
380	-0.0002170
381	-0.0000124
382	-0.0000020
383	-0.0000000
384	0.0000000
385	0.0000000
386	0.0000000
387	0.0000000
388	0.0000000
389	0.0000000
390	0.0000000
391	-0.0000188
392	-0.0001351
393	-0.0000646
394	-0.0000844
395	-0.0001848
396	-0.0004353
397	-0.0004317
398	-0.0001412
399	-0.0001746
400	-0.0007298
401	-0.0020725
402	-0.0018105
403	-0.0011903
404	-0.0002793
405	-0.0000108
406	-0.0000058
407	-0.0000004
408	0.0000000
409	0.0000000
410	0.0000000
411	0.0000000
412	0.0000000
413	0.0000000
414	0.0000000
415	-0.0000094
416	-0.0001642
417	-0.0005277
418	-0.0008013
419	-0.0010415
420	-0.0011765
421	-0.0013923
422	-0.0015434
423	-0.0019568
424	-0.0022622
425	-0.0020262
426	-0.0015618
427	-0.0011472
428	-0.0004378
429	-0.0000130
430	-0.0000015
431	-0.0000006
432	0.0000000
433	0.0000000
434	0.0000000
435	0.0000000
436	0.0000000
437	0.0000000
438	0.0000000
439	-0.0000005
440	-0.0000019
441	-0.0000156
442	-0.0000124
443	-0.0000000
444	0.0000000
445	0.0000000
446	-0.0003424
447	-0.0020485
448	-0.0008749
449	-0.0000019
450	0.0000000
451	0.0000000
452	0.0000000
453	-0.0000000
454	-0.0000000
455	-0.0000004
456	-0.0000009
457	0.0000000
458	0.0000000
459	0.0000000
460	0.0000000
461	0.0000000
462	-0.0000005
463	-0.0000198
464	-0.0000934
465	-0.0002383
466	-0.0005398
467	-0.0008521
468	-0.0007660
469	-0.0007331
470	-0.0010730
471	-0.0005572
472	-0.0013754
473	-0.0014389
474	-0.0012562
475	-0.0007923
476	-0.0001146
477	-0.0000001
478	0.0000000
479	-0.0000020
480	0.0000000
481	0.0000000
482	0.0000000
483	0.0000000
484	0.0000000
485	0.0000000
486	-0.0000006
487	-0.0000070
488	-0.0000112
489	-0.0000013
490	-0.0000103
491	-0.0001867
492	-0.0003327
493	-0.0008435
494	-0.0011472
495	-0.0011642
496	-0.0014655
497	-0.0015043
498	-0.0014006
499	-0.0009856
500	-0.0004946
501	-0.0000437
502	-0.0000007
503	-0.0000016
504	-0.0000047
505	-0.0000019
506	-0.0000047
507	-0.0000086
508	-0.0000108
509	-0.0000093
510	-0.0001609
511	-0.0003007
512	-0.0005616
513	-0.0000059
514	0.0000000
515	-0.0001127
516	-0.0006431
517	-0.0014275
518	-0.0018379
519	-0.0018266
520	-0.0016692
521	-0.0016280
522	-0.0016609
523	-0.0013021
524	-0.0006704
525	-0.0000679
526	-0.0000049
527	-0.0000000
528	0.0000000
529	0.0000000
530	0.0000000
531	0.0000000
532	0.0000000
533	0.0000000
534	-0.0000002
535	-0.0000048
536	-0.0002141
537	-0.0010484
538	-0.0013481
539	-0.0015035
540	-0.0012948
541	-0.0018271
542	-0.0021553
543	-0.0021223
544	-0.0018608
545	-0.0016344
546	-0.0014639
547	-0.0011199
548	-0.0005511
549	-0.0000726
550	-0.0000066
551	-0.0000000
552	0.0000000
553	0.0000000
554	0.0000000
555	0.0000000
556	0.0000000
557	0.0000000
558	-0.0000000
559	-0.0000062
560	-0.0002794
561	-0.0011959
562	-0.0016866
563	-0.0016605
564	-0.0019041
565	-0.0023929
566	-0.0025803
567	-0.0027071
568	-0.0026561
569	-0.0023975
570	-0.0020014
571	-0.0014420
572	-0.0005253
573	-0.0001066
574	-0.0000000
575	0.0000000
576	0.0000000
577	0.0000000
578	0.0000000
579	0.0000000
580	-0.0000000
581	-0.0000000
582	-0.0000003
583	-0.0000169
584	-0.0003090
585	-0.0013935
586	-0.0021351
587	-0.0027252
588	-0.0032336
589	-0.0034285
590	-0.0034321
591	-0.0033828
592	-0.0029077
593	-0.0026295
594	-0.0020681
595	-0.0015127
596	-0.0003721
597	-0.0000361
598	-0.0000070
599	0.0000000
600	0.0000000
601	0.0000000
602	0.0000000
603	0.0000000
604	0.0000000
605	-0.0000000
606	-0.0000026
607	-0.0000731
608	-0.0007712
609	-0.0020868
610	-0.0027858
611	-0.0033215
612	-0.0037272
613	-0.0040092
614	-0.0041888
615	-0.0041692
616	-0.0039877
617	-0.0033674
618	-0.0023217
619	-0.0012532
620	-0.0003886
621	-0.0000806
622	-0.0000129
623	-0.0000179
624	-0.0000000
625	0.0000000
626	0.0000000
627	0.0000000
628	0.0000000
629	0.0000000
630	-0.0000007
631	-0.0000389
632	-0.0010440
633	-0.0024193
634	-0.0030916
635	-0.0037287
636	-0.0040731
637	-0.0042657
638	-0.0042971
639	-0.0043886
640	-0.0043153
641	-0.0037046
642	-0.0023586
643	-0.0014012
644	-0.0005029
645	-0.0001069
646	-0.0000230
647	-0.0000262
648	-0.0000000
649	0.0000000
650	0.0000000
651	0.0000000
652	0.0000000
653	-0.0000000
654	-0.0000022
655	-0.0001069
656	-0.0011303
657	-0.0025428
658	-0.0033564
659	-0.0036656
660	-0.0041841
661	-0.0046978
662	-0.0047306
663	-0.0045693
664	-0.0047101
665	-0.0040465
666	-0.0028967
667	-0.0019711
668	-0.0005958
669	-0.0000725
670	-0.0000236
671	-0.0000168
672	-0.0000000
673	0.0000000
674	0.0000000
675	0.0000000
676	0.0000000
677	0.0000000
678	0.0000000
679	-0.0000010
680	-0.0000008
681	-0.0000015
682	-0.0000714
683	-0.0005924
684	-0.0000668
685	-0.0001826
686	-0.0006589
687	-0.0011554
688	-0.0016805
689	-0.0012513
690	-0.0007639
691	-0.0003141
692	-0.0000330
693	-0.0000193
694	-0.0000000
695	0.0000000
696	0.0000000
697	0.0000000
698	0.0000000
699	0.0000000
700	-0.0000001
701	-0.0000001
702	-0.0000002
703	-0.0000011
704	-0.0002408
705	-0.0007622
706	-0.0008038
707	-0.0018039
708	-0.0020667
709	-0.0023576
710	-0.0017896
711	-0.0020419
712	-0.0026516
713	-0.0023096
714	-0.0017520
715	-0.0006002
716	-0.0000783
717	-0.0000096
718	-0.0000041
719	0.0000000
720	0.0000000
721	0.0000000
722	0.0000000
723	0.0000000
724	0.0000000
725	0.0000000
726	-0.0000006
727	-0.0000242
728	-0.0003281
729	-0.0007022
730	-0.0012639
731	-0.0027212
732	-0.0034006
733	-0.0034871
734	-0.0025452
735	-0.0026114
736	-0.0035432
737	-0.0028085
738	-0.0020680
739	-0.0010255
740	-0.0001334
741	-0.0000218
742	-0.0000055
743	0.0000000
744	0.0000000
745	0.0000000
746	0.0000000
747	0.0000000
748	0.0000000
749	-0.0000000
750	-0.0000004
751	-0.0000062
752	-0.0000251
753	-0.0000022
754	-0.0000025
755	-0.0004083
756	-0.0011469
757	-0.0018322
758	-0.0021017
759	-0.0025490
760	-0.0026152
761	-0.0028392
762	-0.0021440
763	-0.0013350
764	-0.0004559
765	-0.0000140
766	-0.0000066
767	0.0000000
768	0.0000000
769	0.0000000
770	0.0000000
771	0.0000000
772	0.0000000
773	0.0000000
774	0.0000000
775	-0.0000044
776	-0.0002042
777	-0.0007049
778	-0.0017527
779	-0.0026575
780	-0.0033946
781	-0.0033454
782	-0.0034097
783	-0.0035182
784	-0.0033580
785	-0.0032643
786	-0.0024766
787	-0.0014806
788	-0.0003437
789	-0.0000732
790	-0.0000093
791	0.0000000
792	0.0000000
793	0.0000000
794	0.0000000
795	0.0000000
796	0.0000000
797	0.0000000
798	0.0000000
799	-0.0000001
800	-0.0002922
801	-0.0013600
802	-0.0025746
803	-0.0033583
804	-0.0039555
805	-0.0041487
806	-0.0042797
807	-0.0041913
808	-0.0039059
809	-0.0032961
810	-0.0023213
811	-0.0008763
812	-0.0000210
813	-0.0000091
814	-0.0000089
815	-0.0000085
816	0.0000000
817	0.0000000
818	0.0000000
819	0.0000000
820	0.0000000
821	0.0000000
822	-0.0000002
823	-0.0000268
824	-0.0004593
825	-0.0021129
826	-0.0028726
827	-0.0034690
828	-0.0040290
829	-0.0044319
830	-0.0045476
831	-0.0044044
832	-0.0037438
833	-0.0026776
834	-0.0014936
835	-0.0005988
836	-0.0003002
837	-0.0000159
838	-0.0000038
839	-0.0000001
840	0.0000000
841	0.0000000
842	0.0000000
843	0.0000000
844	0.0000000
845	0.0000000
846	0.0000000
847	-0.0000373
848	-0.0001922
849	-0.0006244
850	-0.0017869
851	-0.0026736
852	-0.0031703
853	-0.0029475
854	-0.0027220
855	-0.0023685
856	-0.0026920
857	-0.0028775
858	-0.0024164
859	-0.0018195
860	-0.0007760
861	-0.0000661
862	-0.0000000
863	0.0000000
864	0.0000000
865	0.0000000
866	0.0000000
867	0.0000000
868	0.0000000
869	-0.0000000
870	-0.0000014
871	-0.0000134
872	-0.0000791
873	-0.0008912
874	-0.0021226
875	-0.0030127
876	-0.0037968
877	-0.0039984
878	-0.0040972
879	-0.0040296
880	-0.0038029
881	-0.0029965
882	-0.0016998
883	-0.0013731
884	-0.0001993
885	-0.0000193
886	-0.0000031
887	-0.0000023
888	0.0000000
889	0.0000000
890	0.0000000
891	0.0000000
892	0.0000000
893	0.0000000
894	0.0000000
895	0.0000000
896	-0.0001549
897	-0.0011895
898	-0.0026381
899	-0.0032780
900	-0.0039224
901	-0.0042164
902	-0.0044497
903	-0.0043158
904	-0.0028910
905	-0.0017264
906	-0.0014861
907	-0.0009434
908	-0.0000990
909	-0.0000612
910	-0.0000184
911	-0.0000165
912	-0.0000000
913	0.0000000
914	0.0000000
915	0.0000000
916	0.0000000
917	0.0000000
918	0.0000000
919	-0.0000018
920	-0.0000642
921	-0.0000263
922	-0.0001642
923	-0.0007087
924	-0.0000401
925	-0.0000329
926	-0.0004099
927	-0.0014025
928	-0.0020686
929	-0.0026608
930	-0.0022654
931	-0.0014342
932	-0.0004108
933	-0.0000353
934	-0.0000069
935	-0.0000044
936	0.0000000
937	0.0000000
938	0.0000000
939	0.0000000
940	0.0000000
941	0.0000000
942	-0.0000001
943	-0.0000111
944	-0.0002975
945	-0.0017616
946	-0.0024758
947	-0.0031536
948	-0.0036698
949	-0.0037366
950	-0.0038546
951	-0.0038889
952	-0.0036624
953	-0.0031871
954	-0.0025484
955	-0.0013567
956	-0.0005108
957	-0.0000405
958	-0.0000100
959	-0.0000060
960	-0.0000000
961	0.0000000
962	0.0000000
963	0.0000000
964	0.0000000
965	0.0000000
966	-0.0000000
967	-0.0000110
968	-0.0003839
969	-0.0018721
970	-0.0026111
971	-0.0031150
972	-0.0031556
973	-0.0026728
974	-0.0029843
975	-0.0032311
976	-0.0029312
977	-0.0026879
978	-0.0020163
979	-0.0012731
980	-0.0002132
981	-0.0000194
982	-0.0000025
983	-0.0000007
984	0.0000000
985	0.0000000
986	0.0000000
987	0.0000000
988	0.0000000
989	0.0000000
990	0.0000000
991	0.0000000
992	-0.0000001
993	-0.0001048
994	-0.0002830
995	-0.0001773
996	-0.0001072
997	-0.0001604
998	-0.0008336
999	-0.0008857
1000	-0.0003699
1001	-0.0000821
1002	-0.0000147
1003	-0.0000071
1004	-0.0000006
1005	0.0000000
1006	0.0000000
1007	0.0000000
1008	0.0000000
1009	0.0000000
1010	0.0000000
1011	0.0000000
1012	0.0000000
1013	0.0000000
1014	0.0000000
1015	-0.0000046
1016	-0.0000571
1017	-0.0004010
1018	-0.0018037
1019	-0.0023457
1020	-0.0030295
1021	-0.0030544
1022	-0.0030080
1023	-0.0031456
1024	-0.0027145
1025	-0.0016971
1026	-0.0008503
1027	-0.0002812
1028	-0.0001100
1029	-0.0000048
1030	0.0000000
1031	0.0000000
1032	0.0000000
1033	0.0000000
1034	0.0000000
1035	0.0000000
1036	0.0000000
1037	0.0000000
1038	0.0000000
1039	-0.0000010
1040	-0.0001034
1041	-0.0006812
1042	-0.0019587
1043	-0.0028341
1044	-0.0009501
1045	-0.0027892
1046	-0.0026287
1047	-0.0024183
1048	-0.0016387
1049	-0.0016905
1050	-0.0013056
1051	-0.0004901
1052	-0.0001063
1053	-0.0000006
1054	-0.0000000
1055	-0.0000001
1056	0.0000000
1057	0.0000000
1058	0.0000000
1059	0.0000000
1060	0.0000000
1061	0.0000000
1062	-0.0000001
1063	-0.0000222
1064	-0.0001946
1065	-0.0007695
1066	-0.0022637
1067	-0.0029615
1068	-0.0031546
1069	-0.0036101
1070	-0.0037355
1071	-0.0036918
1072	-0.0035248
1073	-0.0030065
1074	-0.0023420
1075	-0.0012885
1076	-0.0004018
1077	-0.0000271
1078	-0.0000012
1079	0.0000000
1080	0.0000000
1081	0.0000000
1082	0.0000000
1083	0.0000000
1084	0.0000000
1085	0.0000000
1086	0.0000000
1087	-0.0000035
1088	-0.0001440
1089	-0.0003542
1090	-0.0005740
1091	-0.0009106
1092	-0.0007168
1093	-0.0013665
1094	-0.0016004
1095	-0.0012175
1096	-0.0011178
1097	-0.0005039
1098	-0.0000279
1099	-0.0000028
1100	0.0000000
1101	0.0000000
1102	0.0000000
1103	0.0000000
1104	0.0000000
1105	0.0000000
1106	0.0000000
1107	0.0000000
1108	0.0000000
1109	0.0000000
1110	-0.0000000
1111	-0.0000078
1112	-0.0000793
1113	-0.0002464
1114	-0.0003872
1115	-0.0008591
1116	-0.0011315
1117	-0.0008091
1118	-0.0013235
1119	-0.0025804
1120	-0.0026968
1121	-0.0020592
1122	-0.0010887
1123	-0.0007100
1124	-0.0000330
1125	-0.0000173
1126	-0.0000000
1127	0.0000000
1128	0.0000000
1129	0.0000000
1130	0.0000000
1131	0.0000000
1132	0.0000000
1133	0.0000000
1134	0.0000000
1135	-0.0000017
1136	-0.0000217
1137	-0.0005114
1138	-0.0012559
1139	-0.0012285
1140	-0.0006080
1141	-0.0012267
1142	-0.0013770
1143	-0.0011006
1144	-0.0012628
1145	-0.0000246
1146	-0.0000369
1147	-0.0000347
1148	-0.0000022
1149	0.0000000
1150	0.0000000
1151	-0.0000005
1152	0.0000000
1153	0.0000000
1154	0.0000000
1155	0.0000000
1156	0.0000000
1157	0.0000000
1158	0.0000000
1159	-0.0000102
1160	-0.0001220
1161	-0.0006121
1162	-0.0017079
1163	-0.0027865
1164	-0.0033182
1165	-0.0036992
1166	-0.0037835
1167	-0.0036036
1168	-0.0034394
1169	-0.0029555
1170	-0.0022189
1171	-0.0013285
1172	-0.0003735
1173	-0.0000031
1174	0.0000000
1175	0.0000000
1176	0.0000000
1177	0.0000000
1178	0.0000000
1179	0.0000000
1180	0.0000000
1181	0.0000000
1182	0.0000000
1183	-0.0000006
1184	-0.0001203
1185	-0.0009650
1186	-0.0024203
1187	-0.0031731
1188	-0.0038101
1189	-0.0040655
1190	-0.0043835
1191	-0.0042937
1192	-0.0038730
1193	-0.0032023
1194	-0.0020675
1195	-0.0010643
1196	-0.0003279
1197	-0.0000239
1198	-0.0000041
1199	-0.0000000
1200	0.0000000
1201	0.0000000
1202	0.0000000
1203	0.0000000
1204	0.0000000
1205	-0.0000000
1206	-0.0000005
1207	-0.0000282
1208	-0.0004620
1209	-0.0017042
1210	-0.0025171
1211	-0.0032637
1212	-0.0037993
1213	-0.0042360
1214	-0.0044347
1215	-0.0040316
1216	-0.0037822
1217	-0.0023572
1218	-0.0014927
1219	-0.0011378
1220	-0.0004192
1221	-0.0000193
1222	-0.0000181
1223	-0.0000170
1224	-0.0000000
1225	0.0000000
1226	0.0000000
1227	0.0000000
1228	0.0000000
1229	0.0000000
1230	-0.0000002
1231	-0.0000199
1232	-0.0000724
1233	-0.0003332
1234	-0.0004470
1235	-0.0020157
1236	-0.0029128
1237	-0.0026668
1238	-0.0037184
1239	-0.0035908
1240	-0.0034036
1241	-0.0027838
1242	-0.0022608
1243	-0.0014869
1244	-0.0004604
1245	-0.0000305
1246	-0.0000076
1247	0.0000000
1248	0.0000000
1249	0.0000000
1250	0.0000000
1251	0.0000000
1252	0.0000000
1253	0.0000000
1254	0.0000000
1255	-0.0000009
1256	-0.0001621
1257	-0.0011021
1258	-0.0022543
1259	-0.0028666
1260	-0.0033431
1261	-0.0035294
1262	-0.0033117
1263	-0.0033949
1264	-0.0032922
1265	-0.0028953
1266	-0.0022161
1267	-0.0011654
1268	-0.0002158
1269	-0.0000088
1270	-0.0000087
1271	-0.0000085
1272	0.0000000
1273	0.0000000
1274	0.0000000
1275	0.0000000
1276	0.0000000
1277	0.0000000
1278	0.0000000
1279	-0.0000002
1280	-0.0001936
1281	-0.0008943
1282	-0.0019601
1283	-0.0025731
1284	-0.0028902
1285	-0.0027731
1286	-0.0027956
1287	-0.0023938
1288	-0.0027587
1289	-0.0022634
1290	-0.0019396
1291	-0.0009711
1292	-0.0002248
1293	-0.0000076
1294	-0.0000046
1295	-0.0000039
1296	0.0000000
1297	0.0000000
1298	0.0000000
1299	0.0000000
1300	0.0000000
1301	0.0000000
1302	-0.0000000
1303	-0.0000000
1304	-0.0000003
1305	-0.0001366
1306	-0.0004085
1307	-0.0006932
1308	-0.0013076
1309	-0.0007237
1310	-0.0003526
1311	-0.0005285
1312	-0.0005054
1313	-0.0005105
1314	-0.0005105
1315	-0.0001526
1316	-0.0000610
1317	-0.0000000
1318	0.0000000
1319	0.0000000
1320	0.0000000
1321	0.0000000
1322	0.0000000
1323	0.0000000
1324	0.0000000
1325	0.0000000
1326	-0.0000000
1327	-0.0000030
1328	-0.0000520
1329	-0.0005519
1330	-0.0010689
1331	-0.0020684
1332	-0.0019976
1333	-0.0024807
1334	-0.0018897
1335	-0.0003533
1336	-0.0008556
1337	-0.0020665
1338	-0.0013139
1339	-0.0006454
1340	-0.0000981
1341	-0.0000013
1342	0.0000000
1343	0.0000000
1344	0.0000000
1345	0.0000000
1346	0.0000000
1347	0.0000000
1348	0.0000000
1349	0.0000000
1350	-0.0000010
1351	-0.0000193
1352	-0.0000037
1353	-0.0000131
1354	-0.0000898
1355	-0.0003154
1356	-0.0001936
1357	-0.0000088
1358	0.0000000
1359	0.0000000
1360	-0.0000446
1361	-0.0003032
1362	-0.0007716
1363	-0.0004113
1364	-0.0000235
1365	-0.0000019
1366	-0.0000022
1367	0.0000000
1368	0.0000000
1369	0.0000000
1370	0.0000000
1371	0.0000000
1372	0.0000000
1373	-0.0000000
1374	-0.0000007
1375	-0.0000231
1376	-0.0000663
1377	-0.0002996
1378	-0.0011943
1379	-0.0021376
1380	-0.0015664
1381	-0.0023152
1382	-0.0009703
1383	-0.0024055
1384	-0.0028395
1385	-0.0026656
1386	-0.0019018
1387	-0.0009182
1388	-0.0000192
1389	0.0000000
1390	0.0000000
1391	0.0000000
1392	0.0000000
1393	0.0000000
1394	0.0000000
1395	0.0000000
1396	0.0000000
1397	-0.0000000
1398	-0.0000002
1399	-0.0000267
1400	-0.0002072
1401	-0.0013691
1402	-0.0024481
1403	-0.0033330
1404	-0.0035032
1405	-0.0035127
1406	-0.0026645
1407	-0.0030427
1408	-0.0030881
1409	-0.0028351
1410	-0.0020627
1411	-0.0011141
1412	-0.0002238
1413	-0.0000074
1414	-0.0000027
1415	0.0000000
1416	0.0000000
1417	0.0000000
1418	0.0000000
1419	0.0000000
1420	0.0000000
1421	0.0000000
1422	-0.0000000
1423	-0.0000086
1424	-0.0003207
1425	-0.0015393
1426	-0.0022916
1427	-0.0027221
1428	-0.0028499
1429	-0.0028154
1430	-0.0029037
1431	-0.0000022
1432	0.0000000
1433	-0.0003049
1434	-0.0018485
1435	-0.0012874
1436	-0.0003381
1437	-0.0000103
1438	-0.0000080
1439	-0.0000074
1440	0.0000000
1441	0.0000000
1442	0.0000000
1443	0.0000000
1444	0.0000000
1445	0.0000000
1446	-0.0000000
1447	-0.0000026
1448	-0.0001010
1449	-0.0007608
1450	-0.0021501
1451	-0.0025535
1452	-0.0028500
1453	-0.0027464
1454	-0.0030756
1455	-0.0029612
1456	-0.0026820
1457	-0.0023639
1458	-0.0018883
1459	-0.0011754
1460	-0.0002269
1461	-0.0000092
1462	-0.0000062
1463	-0.0000051
1464	0.0000000
1465	0.0000000
1466	0.0000000
1467	0.0000000
1468	0.0000000
1469	0.0000000
1470	-0.0000000
1471	-0.0000025
1472	-0.0001126
1473	-0.0007181
1474	-0.0018569
1475	-0.0023692
1476	-0.0029158
1477	-0.0033104
1478	-0.0034202
1479	-0.0035350
1480	-0.0028965
1481	-0.0019319
1482	-0.0016260
1483	-0.0005481
1484	-0.0000743
1485	-0.0000046
1486	-0.0000069
1487	-0.0000000
1488	0.0000000
1489	0.0000000
1490	0.0000000
1491	0.0000000
1492	0.0000000
1493	0.0000000
1494	0.0000000
1495	0.0000000
1496	0.0000000
1497	-0.0000214
1498	-0.0004865
1499	-0.0017357
1500	-0.0018199
1501	-0.0028944
1502	-0.0035106
1503	-0.0032960
1504	-0.0030294
1505	-0.0025379
1506	-0.0017882
1507	-0.0007262
1508	-0.0000796
1509	-0.0000006
1510	0.0000000
1511	0.0000000
1512	0.0000000
1513	0.0000000
1514	0.0000000
1515	0.0000000
1516	0.0000000
1517	0.0000000
1518	0.0000000
1519	-0.0000001
1520	-0.0000004
1521	0.0000000
1522	0.0000000
1523	0.0000000
1524	-0.0000231
1525	-0.0009389
1526	-0.0027150
1527	-0.0029216
1528	-0.0022934
1529	-0.0020646
1530	-0.0014798
1531	-0.0006793
1532	-0.0000758
1533	-0.0000011
1534	0.0000000
1535	0.0000000
1536	0.0000000
1537	0.0000000
1538	0.0000000
1539	0.0000000
1540	0.0000000
1541	0.0000000
1542	-0.0000000
1543	-0.0000092
1544	-0.0001242
1545	-0.0006306
1546	-0.0018912
1547	-0.0027713
1548	-0.0033751
1549	-0.0037287
1550	-0.0037139
1551	-0.0035442
1552	-0.0030597
1553	-0.0020770
1554	-0.0010101
1555	-0.0003513
1556	-0.0000103
1557	-0.0000024
1558	0.0000000
1559	0.0000000
1560	0.0000000
1561	0.0000000
1562	0.0000000
1563	0.0000000
1564	0.0000000
1565	0.0000000
1566	0.0000000
1567	-0.0000085
1568	-0.0001587
1569	-0.0007285
1570	-0.0018303
1571	-0.0027955
1572	-0.0020449
1573	-0.0011348
1574	-0.0011410
1575	-0.0010169
1576	-0.0007436
1577	-0.0004112
1578	-0.0002068
1579	-0.0000846
1580	-0.0000014
1581	-0.0000000
1582	-0.0000001
1583	0.0000000
1584	0.0000000
1585	0.0000000
1586	0.0000000
1587	0.0000000
1588	0.0000000
1589	0.0000000
1590	-0.0000000
1591	-0.0000106
1592	-0.0000701
1593	-0.0003285
1594	-0.0013260
1595	-0.0025801
1596	-0.0032577
1597	-0.0036009
1598	-0.0037076
1599	-0.0034514
1600	-0.0029172
1601	-0.0027867
1602	-0.0016079
1603	-0.0006231
1604	-0.0001063
1605	-0.0000021
1606	-0.0000000
1607	0.0000000
1608	0.0000000
1609	0.0000000
1610	0.0000000
1611	0.0000000
1612	0.0000000
1613	0.0000000
1614	-0.0000000
1615	-0.0000022
1616	-0.0002241
1617	-0.0011032
1618	-0.0021014
1619	-0.0028165
1620	-0.0033614
1621	-0.0036401
1622	-0.0023662
1623	-0.0020499
1624	-0.0027520
1625	-0.0023173
1626	-0.0015309
1627	-0.0007629
1628	-0.0000688
1629	-0.0000101
1630	-0.0000077
1631	-0.0000049
1632	-0.0000000
1633	0.0000000
1634	0.0000000
1635	0.0000000
1636	0.0000000
1637	0.0000000
1638	0.0000000
1639	0.0000000
1640	-0.0000046
1641	-0.0000003
1642	0.0000000
1643	-0.0001893
1644	-0.0019070
1645	-0.0031240
1646	-0.0032884
1647	-0.0029813
1648	-0.0031405
1649	-0.0027366
1650	-0.0019369
1651	-0.0008121
1652	-0.0001539
1653	-0.0000030
1654	-0.0000018
1655	-0.0000003
1656	0.0000000
1657	0.0000000
1658	0.0000000
1659	0.0000000
1660	0.0000000
1661	0.0000000
1662	0.0000000
1663	-0.0000002
1664	-0.0000683
1665	-0.0010017
1666	-0.0022462
1667	-0.0026594
1668	-0.0033424
1669	-0.0034159
1670	-0.0034149
1671	-0.0023465
1672	-0.0018998
1673	-0.0015304
1674	-0.0012021
1675	-0.0006279
1676	-0.0000762
1677	-0.0000100
1678	-0.0000007
1679	0.0000000
1680	0.0000000
1681	0.0000000
1682	0.0000000
1683	0.0000000
1684	0.0000000
1685	0.0000000
1686	-0.0000000
1687	-0.0000293
1688	-0.0006803
1689	-0.0013741
1690	-0.0017915
1691	-0.0018192
1692	-0.0022063
1693	-0.0020242
1694	-0.0023261
1695	-0.0026255
1696	-0.0021979
1697	-0.0024030
1698	-0.0018698
1699	-0.0000156
1700	0.0000000
1701	0.0000000
1702	0.0000000
1703	0.0000000
1704	0.0000000
1705	0.0000000
1706	0.0000000
1707	0.0000000
1708	0.0000000
1709	-0.0000000
1710	-0.0000001
1711	-0.0000134
1712	-0.0003100
1713	-0.0014871
1714	-0.0020774
1715	-0.0023126
1716	-0.0023784
1717	-0.0022046
1718	-0.0023790
1719	-0.0022178
1720	-0.0018731
1721	-0.0018389
1722	-0.0014570
1723	-0.0004631
1724	-0.0000880
1725	-0.0000050
1726	-0.0000046
1727	-0.0000051
1728	-0.0000000
1729	0.0000000
1730	0.0000000
1731	0.0000000
1732	0.0000000
1733	0.0000000
1734	-0.0000000
1735	-0.0000033
1736	-0.0000921
1737	-0.0009462
1738	-0.0018756
1739	-0.0024143
1740	-0.0028728
1741	-0.0031106
1742	-0.0032956
1743	-0.0029522
1744	-0.0023649
1745	-0.0020015
1746	-0.0013854
1747	-0.0003251
1748	-0.0000229
1749	-0.0000017
1750	-0.0000017
1751	-0.0000015
1752	0.0000000
1753	0.0000000
1754	0.0000000
1755	0.0000000
1756	0.0000000
1757	0.0000000
1758	0.0000000
1759	0.0000000
1760	-0.0000009
1761	-0.0000198
1762	-0.0001640
1763	-0.0012085
1764	-0.0022867
1765	-0.0027238
1766	-0.0029117
1767	-0.0028580
1768	-0.0025660
1769	-0.0021237
1770	-0.0011303
1771	-0.0002635
1772	-0.0000656
1773	-0.0000018
1774	-0.0000000
1775	-0.0000011
1776	0.0000000
1777	0.0000000
1778	0.0000000
1779	0.0000000
1780	0.0000000
1781	0.0000000
1782	0.0000000
1783	-0.0000013
1784	-0.0000236
1785	-0.0000930
1786	-0.0000009
1787	-0.0000017
1788	-0.0003373
1789	-0.0015372
1790	-0.0019733
1791	-0.0018990
1792	-0.0011620
1793	-0.0014703
1794	-0.0009165
1795	-0.0001597
1796	-0.0000047
1797	-0.0000000
1798	0.0000000
1799	0.0000000
1800	0.0000000
1801	0.0000000
1802	0.0000000
1803	0.0000000
1804	0.0000000
1805	0.0000000
1806	0.0000000
1807	-0.0000002
1808	-0.0000087
1809	-0.0001169
1810	-0.0003170
1811	-0.0005990
1812	-0.0007386
1813	-0.0002420
1814	-0.0002447
1815	-0.0006584
1816	-0.0011263
1817	-0.0013887
1818	-0.0008658
1819	-0.0002029
1820	-0.0000177
1821	-0.0000042
1822	-0.0000030
1823	0.0000000
1824	0.0000000
1825	0.0000000
1826	0.0000000
1827	0.0000000
1828	0.0000000
1829	-0.0000000
1830	-0.0000000
1831	-0.0000031
1832	-0.0000453
1833	-0.0002742
1834	-0.0006995
1835	-0.0015445
1836	-0.0021812
1837	-0.0025899
1838	-0.0027903
1839	-0.0028532
1840	-0.0025174
1841	-0.0018002
1842	-0.0007197
1843	-0.0001848
1844	-0.0000240
1845	-0.0000043
1846	-0.0000048
1847	-0.0000032
1848	0.0000000
1849	0.0000000
1850	0.0000000
1851	0.0000000
1852	0.0000000
1853	0.0000000
1854	0.0000000
1855	-0.0000005
1856	-0.0000415
1857	-0.0001571
1858	-0.0004264
1859	-0.0008975
1860	-0.0008950
1861	-0.0009030
1862	-0.0009806
1863	-0.0009305
1864	-0.0009262
1865	-0.0007908
1866	-0.0004316
1867	-0.0001472
1868	-0.0000147
1869	-0.0000040
1870	-0.0000050
1871	-0.0000052
1872	0.0000000
1873	0.0000000
1874	0.0000000
1875	0.0000000
1876	0.0000000
1877	0.0000000
1878	0.0000000
1879	-0.0000005
1880	-0.0000114
1881	-0.0001602
1882	-0.0007449
1883	-0.0016745
1884	-0.0017256
1885	-0.0021206
1886	-0.0026609
1887	-0.0028450
1888	-0.0021677
1889	-0.0021115
1890	-0.0012187
1891	-0.0002446
1892	-0.0000116
1893	-0.0000010
1894	-0.0000069
1895	-0.0000000
1896	0.0000000
1897	0.0000000
1898	0.0000000
1899	0.0000000
1900	0.0000000
1901	-0.0000000
1902	-0.0000000
1903	-0.0000149
1904	-0.0002486
1905	-0.0009236
1906	-0.0014672
1907	-0.0017113
1908	-0.0017951
1909	-0.0018533
1910	-0.0020871
1911	-0.0014614
1912	-0.0013219
1913	-0.0011514
1914	-0.0009559
1915	-0.0003067
1916	-0.0000328
1917	-0.0000077
1918	-0.0000054
1919	-0.0000037
1920	0.0000000
1921	0.0000000
1922	0.0000000
1923	0.0000000
1924	0.0000000
1925	0.0000000
1926	0.0000000
1927	-0.0000000
1928	-0.0000119
1929	-0.0004221
1930	-0.0014602
1931	-0.0018609
1932	-0.0018647
1933	-0.0025260
1934	-0.0028000
1935	-0.0027538
1936	-0.0024475
1937	-0.0020690
1938	-0.0012362
1939	-0.0004092
1940	-0.0000755
1941	-0.0000060
1942	-0.0000051
1943	-0.0000021
1944	0.0000000
1945	0.0000000
1946	0.0000000
1947	0.0000000
1948	0.0000000
1949	0.0000000
1950	-0.0000000
1951	-0.0000024
1952	-0.0000596
1953	-0.0008602
1954	-0.0017904
1955	-0.0023601
1956	-0.0026895
1957	-0.0031359
1958	-0.0033485
1959	-0.0032859
1960	-0.0030058
1961	-0.0024479
1962	-0.0015231
1963	-0.0004472
1964	-0.0000444
1965	-0.0000050
1966	-0.0000070
1967	-0.0000000
1968	0.0000000
1969	0.0000000
1970	0.0000000
1971	0.0000000
1972	0.0000000
1973	-0.0000000
1974	-0.0000001
1975	-0.0000088
1976	-0.0002168
1977	-0.0013673
1978	-0.0022815
1979	-0.0030660
1980	-0.0037009
1981	-0.0038715
1982	-0.0039221
1983	-0.0037884
1984	-0.0034957
1985	-0.0027128
1986	-0.0016628
1987	-0.0006094
1988	-0.0000374
1989	-0.0000046
1990	-0.0000001
