TIME_UNITS h
DATA_UNITS kg/s
0	-0.0000015
1	-0.0000039
2	-0.0000047
3	-0.0000023
4	-0.0000014
5	-0.0000006
6	-0.0000070
7	-0.0000946
8	-0.0005785
9	-0.0011984
10	-0.0019106
11	-0.0026440
12	-0.0029196
13	-0.0031327
14	-0.0033416
15	-0.0034163
16	-0.0033396
17	-0.0030201
18	-0.0024666
19	-0.0015595
20	-0.0005393
21	-0.0000607
22	-0.0000059
23	-0.0000028
24	-0.0000031
25	-0.0000022
26	-0.0000009
27	-0.0000009
28	0.0000000
29	0.0000000
30	0.0000000
31	0.0000000
32	-0.0004314
33	-0.0013964
34	-0.0024526
35	-0.0032362
36	-0.0035700
37	-0.0037407
38	-0.0033904
39	-0.0026942
40	-0.0023084
41	-0.0009713
42	-0.0004660
43	-0.0003411
44	-0.0000885
45	-0.0000003
46	0.0000000
47	0.0000000
48	0.0000000
49	0.0000000
50	0.0000000
51	0.0000000
52	0.0000000
53	0.0000000
54	0.0000000
55	0.0000000
56	0.0000000
57	-0.0000001
58	-0.0000233
59	-0.0003211
60	-0.0021347
61	-0.0022919
62	-0.0033187
63	-0.0033020
64	-0.0000028
65	0.0000000
66	-0.0000579
67	-0.0002610
68	-0.0000846
69	-0.0000030
70	-0.0000000
71	-0.0000023
72	-0.0000014
73	-0.0000017
74	-0.0000005
75	-0.0000001
76	-0.0000015
77	-0.0000014
78	-0.0000410
79	-0.0003227
80	-0.0003439
81	-0.0006490
82	-0.0011094
83	-0.0014118
84	-0.0015087
85	-0.0021284
86	-0.0026438
87	-0.0027806
88	-0.0022356
89	-0.0021532
90	-0.0015602
91	-0.0006932
92	-0.0002293
93	-0.0000195
94	-0.0000037
95	0.0000000
96	0.0000000
97	0.0000000
98	0.0000000
99	0.0000000
100	0.0000000
101	0.0000000
102	0.0000000
103	-0.0000609
104	-0.0005643
105	-0.0017697
106	-0.0025865
107	-0.0034256
108	-0.0032637
109	-0.0028997
110	-0.0020695
111	-0.0000084
112	0.0000000
113	-0.0000173
114	-0.0001162
115	-0.0000002
116	-0.0000000
117	0.0000000
118	0.0000000
119	0.0000000
120	0.0000000
121	-0.0000000
122	0.0000000
123	-0.0000001
124	-0.0000004
125	-0.0000003
126	-0.0000019
127	0.0000000
128	-0.0000236
129	-0.0001685
130	-0.0003529
131	-0.0004975
132	-0.0006921
133	-0.0006876
134	-0.0006113
135	-0.0005705
136	-0.0009592
137	-0.0011938
138	-0.0010751
139	-0.0007912
140	-0.0001424
141	-0.0000040
142	0.0000000
143	0.0000000
144	0.0000000
145	0.0000000
146	-0.0000000
147	-0.0000001
148	-0.0000002
149	0.0000000
150	-0.0000005
151	-0.0000816
152	-0.0003548
153	-0.0016604
154	-0.0029060
155	-0.0032145
156	-0.0042574
157	-0.0028190
158	-0.0030192
159	-0.0025150
160	-0.0016152
161	-0.0014528
162	-0.0013290
163	-0.0006153
164	-0.0002390
165	-0.0000416
166	-0.0000089
167	-0.0000069
168	0.0000000
169	0.0000000
170	0.0000000
171	0.0000000
172	-0.0000000
173	-0.0000000
174	-0.0000104
175	-0.0000749
176	-0.0002755
177	-0.0005284
178	-0.0005743
179	-0.0011228
180	-0.0020987
181	-0.0023262
182	-0.0022654
183	-0.0019237
184	-0.0007557
185	-0.0009053
186	-0.0011459
187	-0.0008240
188	-0.0001655
189	-0.0000006
190	0.0000000
191	0.0000000
192	0.0000000
193	0.0000000
194	0.0000000
195	0.0000000
196	0.0000000
197	-0.0000000
198	-0.0000002
199	-0.0000382
200	-0.0002130
201	-0.0005939
202	-0.0009415
203	-0.0015960
204	-0.0019415
205	-0.0016775
206	-0.0015928
207	-0.0016575
208	-0.0006126
209	-0.0010144
210	-0.0008462
211	-0.0000122
212	-0.0000008
213	-0.0000000
214	-0.0000000
215	0.0000000
216	0.0000000
217	0.0000000
218	0.0000000
219	0.0000000
220	0.0000000
221	0.0000000
222	0.0000000
223	-0.0000001
224	-0.0000009
225	-0.0000051
226	-0.0000005
227	-0.0000016
228	-0.0000070
229	-0.0000913
230	-0.0002880
231	-0.0004667
232	-0.0008091
233	-0.0009762
234	-0.0007114
235	-0.0003916
236	-0.0000810
237	0.0000000
238	0.0000000
239	0.0000000
240	0.0000000
241	0.0000000
242	0.0000000
243	0.0000000
244	0.0000000
245	0.0000000
246	0.0000000
247	-0.0000012
248	-0.0003396
249	-0.0013860
250	-0.0026679
251	-0.0033541
252	-0.0039596
253	-0.0044150
254	-0.0045386
255	-0.0044228
256	-0.0038501
257	-0.0034745
258	-0.0027421
259	-0.0017169
260	-0.0004279
261	-0.0000205
262	-0.0000024
263	0.0000000
264	0.0000000
265	0.0000000
266	0.0000000
267	0.0000000
268	0.0000000
269	-0.0000000
270	-0.0000003
271	-0.0000460
272	-0.0005954
273	-0.0010891
274	-0.0016541
275	-0.0029167
276	-0.0044816
277	-0.0046717
278	-0.0047065
279	-0.0048546
280	-0.0042430
281	-0.0039175
282	-0.0029062
283	-0.0013783
284	-0.0003916
285	-0.0000815
286	-0.0000254
287	-0.0000000
288	0.0000000
289	0.0000000
290	0.0000000
291	0.0000000
292	0.0000000
293	-0.0000000
294	-0.0000028
295	-0.0001497
296	-0.0013678
297	-0.0022671
298	-0.0033982
299	-0.0040393
300	-0.0043861
301	-0.0043823
302	-0.0037456
303	-0.0035194
304	-0.0037523
305	-0.0018422
306	-0.0021469
307	-0.0011121
308	-0.0003229
309	-0.0000087
310	0.0000000
311	0.0000000
312	0.0000000
313	0.0000000
314	0.0000000
315	0.0000000
316	0.0000000
317	0.0000000
318	0.0000000
319	-0.0000335
320	-0.0003335
321	-0.0012211
322	-0.0025792
323	-0.0034666
324	-0.0039801
325	-0.0043282
326	-0.0043284
327	-0.0042970
328	-0.0040682
329	-0.0033769
330	-0.0025242
331	-0.0013523
332	-0.0004165
333	-0.0000357
334	0.0000000
335	0.0000000
336	0.0000000
337	0.0000000
338	0.0000000
339	0.0000000
340	0.0000000
341	0.0000000
342	0.0000000
343	-0.0000590
344	-0.0004809
345	-0.0012552
346	-0.0023148
347	-0.0034311
348	-0.0041777
349	-0.0045752
350	-0.0047227
351	-0.0046782
352	-0.0043472
353	-0.0034366
354	-0.0019102
355	-0.0012991
356	-0.0003728
357	-0.0000405
358	-0.0000100
359	-0.0000001
360	0.0000000
361	0.0000000
362	0.0000000
363	0.0000000
364	0.0000000
365	0.0000000
366	0.0000000
367	0.0000000
368	0.0000000
369	-0.0000127
370	-0.0002047
371	-0.0012914
372	-0.0014848
373	-0.0014626
374	-0.0010556
375	-0.0018618
376	-0.0022145
377	-0.0024198
378	-0.0020681
379	-0.0011773
380	-0.0002690
381	-0.0000153
382	-0.0000025
383	-0.0000000
384	0.0000000
385	0.0000000
386	0.0000000
387	0.0000000
388	0.0000000
389	0.0000000
390	0.0000000
391	-0.0000234
392	-0.0001675
393	-0.0000801
394	-0.0001046
395	-0.0002291
396	-0.0005397
397	-0.0005353
398	-0.0001751
399	-0.0002166
400	-0.0009049
401	-0.0025700
402	-0.0022450
403	-0.0014759
404	-0.0003464
405	-0.0000134
406	-0.0000071
407	-0.0000006
408	0.0000000
409	0.0000000
410	0.0000000
411	0.0000000
412	0.0000000
413	0.0000000
414	0.0000000
415	-0.0000117
416	-0.0002036
417	-0.0006543
418	-0.0009936
419	-0.0012915
420	-0.0014589
421	-0.0017264
422	-0.0019138
423	-0.0024265
424	-0.0028051
425	-0.0025125
426	-0.0019366
427	-0.0014225
428	-0.0005429
429	-0.0000161
430	-0.0000019
431	-0.0000008
432	0.0000000
433	0.0000000
434	0.0000000
435	0.0000000
436	0.0000000
437	0.0000000
438	0.0000000
439	-0.0000006
440	-0.0000024
441	-0.0000194
442	-0.0000154
443	-0.0000000
444	0.0000000
445	0.0000000
446	-0.0004246
447	-0.0025402
448	-0.0010849
449	-0.0000023
450	0.0000000
451	0.0000000
452	0.0000000
453	-0.0000000
454	-0.0000000
455	-0.0000005
456	-0.0000011
457	0.0000000
458	0.0000000
459	0.0000000
460	0.0000000
461	0.0000000
462	-0.0000007
463	-0.0000246
464	-0.0001158
465	-0.0002955
466	-0.0006693
467	-0.0010566
468	-0.0009498
469	-0.0009091
470	-0.0013305
471	-0.0006910
472	-0.0017055
473	-0.0017842
474	-0.0015578
475	-0.0009825
476	-0.0001421
477	-0.0000001
478	0.0000000
479	-0.0000025
480	0.0000000
481	0.0000000
482	0.0000000
483	0.0000000
484	0.0000000
485	0.0000000
486	-0.0000007
487	-0.0000087
488	-0.0000139
489	-0.0000016
490	-0.0000128
491	-0.0002315
492	-0.0004125
493	-0.0010460
494	-0.0014226
495	-0.0014436
496	-0.0018172
497	-0.0018654
498	-0.0017367
499	-0.0012222
500	-0.0006133
501	-0.0000541
502	-0.0000009
503	-0.0000020
504	-0.0000058
505	-0.0000023
506	-0.0000058
507	-0.0000106
508	-0.0000134
509	-0.0000115
510	-0.0001996
511	-0.0003729
512	-0.0006964
513	-0.0000073
514	0.0000000
515	-0.0001398
516	-0.0007975
517	-0.0017702
518	-0.0022790
519	-0.0022650
520	-0.0020698
521	-0.0020187
522	-0.0020595
523	-0.0016147
524	-0.0008313
525	-0.0000842
526	-0.0000061
527	-0.0000000
528	0.0000000
529	0.0000000
530	0.0000000
531	0.0000000
532	0.0000000
533	0.0000000
534	-0.0000003
535	-0.0000059
536	-0.0002655
537	-0.0013000
538	-0.0016717
539	-0.0018644
540	-0.0016055
541	-0.0022657
542	-0.0026725
543	-0.0026316
544	-0.0023074
545	-0.0020267
546	-0.0018152
547	-0.0013887
548	-0.0006834
549	-0.0000901
550	-0.0000081
551	-0.0000000
552	0.0000000
553	0.0000000
554	0.0000000
555	0.0000000
556	0.0000000
557	0.0000000
558	-0.0000000
559	-0.0000076
560	-0.0003464
561	-0.0014829
562	-0.0020914
563	-0.0020591
564	-0.0023611
565	-0.0029672
566	-0.0031996
567	-0.0033568
568	-0.0032936
569	-0.0029730
570	-0.0024818
571	-0.0017880
572	-0.0006514
573	-0.0001322
574	-0.0000000
575	0.0000000
576	0.0000000
577	0.0000000
578	0.0000000
579	0.0000000
580	-0.0000000
581	-0.0000000
582	-0.0000004
583	-0.0000209
584	-0.0003832
585	-0.0017279
586	-0.0026475
587	-0.0033793
588	-0.0040097
589	-0.0042514
590	-0.0042559
591	-0.0041947
592	-0.0036056
593	-0.0032606
594	-0.0025645
595	-0.0018757
596	-0.0004614
597	-0.0000447
598	-0.0000087
599	0.0000000
600	0.0000000
601	0.0000000
602	0.0000000
603	0.0000000
604	0.0000000
605	-0.0000000
606	-0.0000033
607	-0.0000906
608	-0.0009562
609	-0.0025876
610	-0.0034544
611	-0.0041187
612	-0.0046217
613	-0.0049715
614	-0.0051941
615	-0.0051699
616	-0.0049447
617	-0.0041756
618	-0.0028789
619	-0.0015540
620	-0.0004819
621	-0.0000999
622	-0.0000160
623	-0.0000222
624	-0.0000000
625	0.0000000
626	0.0000000
627	0.0000000
628	0.0000000
629	0.0000000
630	-0.0000009
631	-0.0000482
632	-0.0012946
633	-0.0030000
634	-0.0038336
635	-0.0046236
636	-0.0050507
637	-0.0052896
638	-0.0053284
639	-0.0054419
640	-0.0053510
641	-0.0045937
642	-0.0029247
643	-0.0017375
644	-0.0006236
645	-0.0001325
646	-0.0000286
647	-0.0000325
648	-0.0000000
649	0.0000000
650	0.0000000
651	0.0000000
652	0.0000000
653	-0.0000000
654	-0.0000027
655	-0.0001325
656	-0.0014016
657	-0.0031531
658	-0.0041619
659	-0.0045453
660	-0.0051884
661	-0.0058253
662	-0.0058660
663	-0.0056660
664	-0.0058405
665	-0.0050176
666	-0.0035919
667	-0.0024441
668	-0.0007388
669	-0.0000899
670	-0.0000293
671	-0.0000209
672	-0.0000000
673	0.0000000
674	0.0000000
675	0.0000000
676	0.0000000
677	0.0000000
678	0.0000000
679	-0.0000013
680	-0.0000010
681	-0.0000019
682	-0.0000885
683	-0.0007345
684	-0.0000828
685	-0.0002264
686	-0.0008170
687	-0.0014327
688	-0.0020839
689	-0.0015516
690	-0.0009473
691	-0.0003894
692	-0.0000409
693	-0.0000239
694	-0.0000000
695	0.0000000
696	0.0000000
697	0.0000000
698	0.0000000
699	0.0000000
700	-0.0000001
701	-0.0000001
702	-0.0000003
703	-0.0000013
704	-0.0002986
705	-0.0009451
706	-0.0009967
707	-0.0022368
708	-0.0025628
709	-0.0029234
710	-0.0022192
711	-0.0025320
712	-0.0032880
713	-0.0028639
714	-0.0021725
715	-0.0007443
716	-0.0000971
717	-0.0000119
718	-0.0000051
719	0.0000000
720	0.0000000
721	0.0000000
722	0.0000000
723	0.0000000
724	0.0000000
725	0.0000000
726	-0.0000007
727	-0.0000300
728	-0.0004068
729	-0.0008707
730	-0.0015672
731	-0.0033743
732	-0.0042168
733	-0.0043240
734	-0.0031561
735	-0.0032381
736	-0.0043936
737	-0.0034826
738	-0.0025643
739	-0.0012716
740	-0.0001654
741	-0.0000270
742	-0.0000068
743	0.0000000
744	0.0000000
745	0.0000000
746	0.0000000
747	0.0000000
748	0.0000000
749	-0.0000001
750	-0.0000005
751	-0.0000077
752	-0.0000311
753	-0.0000028
754	-0.0000031
755	-0.0005063
756	-0.0014222
757	-0.0022719
758	-0.0026061
759	-0.0031608
760	-0.0032429
761	-0.0035206
762	-0.0026586
763	-0.0016555
764	-0.0005654
765	-0.0000174
766	-0.0000082
767	0.0000000
768	0.0000000
769	0.0000000
770	0.0000000
771	0.0000000
772	0.0000000
773	0.0000000
774	0.0000000
775	-0.0000055
776	-0.0002533
777	-0.0008741
778	-0.0021733
779	-0.0032954
780	-0.0042094
781	-0.0041483
782	-0.0042280
783	-0.0043626
784	-0.0041639
785	-0.0040478
786	-0.0030710
787	-0.0018360
788	-0.0004261
789	-0.0000908
790	-0.0000115
791	0.0000000
792	0.0000000
793	0.0000000
794	0.0000000
795	0.0000000
796	0.0000000
797	0.0000000
798	0.0000000
799	-0.0000001
800	-0.0003624
801	-0.0016864
802	-0.0031925
803	-0.0041643
804	-0.0049049
805	-0.0051444
806	-0.0053069
807	-0.0051972
808	-0.0048433
809	-0.0040871
810	-0.0028785
811	-0.0010866
812	-0.0000260
813	-0.0000113
814	-0.0000111
815	-0.0000105
816	0.0000000
817	0.0000000
818	0.0000000
819	0.0000000
820	0.0000000
821	0.0000000
822	-0.0000003
823	-0.0000332
824	-0.0005695
825	-0.0026200
826	-0.0035620
827	-0.0043016
828	-0.0049960
829	-0.0054956
830	-0.0056391
831	-0.0054615
832	-0.0046424
833	-0.0033203
834	-0.0018521
835	-0.0007426
836	-0.0003722
837	-0.0000197
838	-0.0000047
839	-0.0000001
840	0.0000000
841	0.0000000
842	0.0000000
843	0.0000000
844	0.0000000
845	0.0000000
846	0.0000000
847	-0.0000462
848	-0.0002383
849	-0.0007743
850	-0.0022158
851	-0.0033153
852	-0.0039312
853	-0.0036549
854	-0.0033753
855	-0.0029369
856	-0.0033381
857	-0.0035682
858	-0.0029963
859	-0.0022562
860	-0.0009622
861	-0.0000819
862	-0.0000000
863	0.0000000
864	0.0000000
865	0.0000000
866	0.0000000
867	0.0000000
868	0.0000000
869	-0.0000000
870	-0.0000017
871	-0.0000166
872	-0.0000981
873	-0.0011051
874	-0.0026320
875	-0.0037357
876	-0.0047080
877	-0.0049581
878	-0.0050806
879	-0.0049967
880	-0.0047156
881	-0.0037157
882	-0.0021078
883	-0.0017027
884	-0.0002472
885	-0.0000239
886	-0.0000039
887	-0.0000029
888	0.0000000
889	0.0000000
890	0.0000000
891	0.0000000
892	0.0000000
893	0.0000000
894	0.0000000
895	0.0000000
896	-0.0001920
897	-0.0014750
898	-0.0032713
899	-0.0040647
900	-0.0048638
901	-0.0052284
902	-0.0055177
903	-0.0053516
904	-0.0035848
905	-0.0021407
906	-0.0018427
907	-0.0011698
908	-0.0001228
909	-0.0000758
910	-0.0000228
911	-0.0000205
912	-0.0000000
913	0.0000000
914	0.0000000
915	0.0000000
916	0.0000000
917	0.0000000
918	0.0000000
919	-0.0000022
920	-0.0000796
921	-0.0000326
922	-0.0002036
923	-0.0008788
924	-0.0000498
925	-0.0000407
926	-0.0005082
927	-0.0017391
928	-0.0025651
929	-0.0032994
930	-0.0028091
931	-0.0017784
932	-0.0005093
933	-0.0000438
934	-0.0000086
935	-0.0000055
936	0.0000000
937	0.0000000
938	0.0000000
939	0.0000000
940	0.0000000
941	0.0000000
942	-0.0000001
943	-0.0000138
944	-0.0003689
945	-0.0021844
946	-0.0030701
947	-0.0039105
948	-0.0045506
949	-0.0046334
950	-0.0047798
951	-0.0048223
952	-0.0045415
953	-0.0039520
954	-0.0031600
955	-0.0016823
956	-0.0006334
957	-0.0000503
958	-0.0000124
959	-0.0000074
960	-0.0000000
961	0.0000000
962	0.0000000
963	0.0000000
964	0.0000000
965	0.0000000
966	-0.0000000
967	-0.0000136
968	-0.0004761
969	-0.0023215
970	-0.0032378
971	-0.0038626
972	-0.0039129
973	-0.0033143
974	-0.0037006
975	-0.0040066
976	-0.0036347
977	-0.0033330
978	-0.0025002
979	-0.0015787
980	-0.0002644
981	-0.0000240
982	-0.0000031
983	-0.0000009
984	0.0000000
985	0.0000000
986	0.0000000
987	0.0000000
988	0.0000000
989	0.0000000
990	0.0000000
991	0.0000000
992	-0.0000001
993	-0.0001300
994	-0.0003510
995	-0.0002198
996	-0.0001330
997	-0.0001988
998	-0.0010337
999	-0.0010982
1000	-0.0004587
1001	-0.0001018
1002	-0.0000182
1003	-0.0000087
1004	-0.0000007
1005	0.0000000
1006	0.0000000
1007	0.0000000
1008	0.0000000
1009	0.0000000
1010	0.0000000
1011	0.0000000
1012	0.0000000
1013	0.0000000
1014	0.0000000
1015	-0.0000057
1016	-0.0000708
1017	-0.0004973
1018	-0.0022366
1019	-0.0029087
1020	-0.0037565
1021	-0.0037874
1022	-0.0037299
1023	-0.0039006
1024	-0.0033660
1025	-0.0021045
1026	-0.0010544
1027	-0.0003487
1028	-0.0001364
1029	-0.0000059
1030	0.0000000
1031	0.0000000
1032	0.0000000
1033	0.0000000
1034	0.0000000
1035	0.0000000
1036	0.0000000
1037	0.0000000
1038	0.0000000
1039	-0.0000012
1040	-0.0001282
1041	-0.0008446
1042	-0.0024288
1043	-0.0035143
1044	-0.0011781
1045	-0.0034587
1046	-0.0032596
1047	-0.0029987
1048	-0.0020320
1049	-0.0020962
1050	-0.0016189
1051	-0.0006077
1052	-0.0001318
1053	-0.0000007
1054	-0.0000000
1055	-0.0000001
1056	0.0000000
1057	0.0000000
1058	0.0000000
1059	0.0000000
1060	0.0000000
1061	0.0000000
1062	-0.0000002
1063	-0.0000275
1064	-0.0002413
1065	-0.0009542
1066	-0.0028069
1067	-0.0036722
1068	-0.0039117
1069	-0.0044766
1070	-0.0046320
1071	-0.0045778
1072	-0.0043707
1073	-0.0037281
1074	-0.0029040
1075	-0.0015977
1076	-0.0004982
1077	-0.0000336
1078	-0.0000014
1079	0.0000000
1080	0.0000000
1081	0.0000000
1082	0.0000000
1083	0.0000000
1084	0.0000000
1085	0.0000000
1086	0.0000000
1087	-0.0000044
1088	-0.0001786
1089	-0.0004392
1090	-0.0007117
1091	-0.0011291
1092	-0.0008888
1093	-0.0016945
1094	-0.0019845
1095	-0.0015097
1096	-0.0013861
1097	-0.0006248
1098	-0.0000346
1099	-0.0000035
1100	0.0000000
1101	0.0000000
1102	0.0000000
1103	0.0000000
1104	0.0000000
1105	0.0000000
1106	0.0000000
1107	0.0000000
1108	0.0000000
1109	0.0000000
1110	-0.0000000
1111	-0.0000097
1112	-0.0000983
1113	-0.0003055
1114	-0.0004802
1115	-0.0010653
1116	-0.0014031
1117	-0.0010033
1118	-0.0016411
1119	-0.0031997
1120	-0.0033440
1121	-0.0025534
1122	-0.0013500
1123	-0.0008804
1124	-0.0000410
1125	-0.0000215
1126	-0.0000000
1127	0.0000000
1128	0.0000000
1129	0.0000000
1130	0.0000000
1131	0.0000000
1132	0.0000000
1133	0.0000000
1134	0.0000000
1135	-0.0000022
1136	-0.0000269
1137	-0.0006341
1138	-0.0015573
1139	-0.0015233
1140	-0.0007539
1141	-0.0015211
1142	-0.0017075
1143	-0.0013648
1144	-0.0015659
1145	-0.0000305
1146	-0.0000457
1147	-0.0000431
1148	-0.0000027
1149	0.0000000
1150	0.0000000
1151	-0.0000006
1152	0.0000000
1153	0.0000000
1154	0.0000000
1155	0.0000000
1156	0.0000000
1157	0.0000000
1158	0.0000000
1159	-0.0000127
1160	-0.0001513
1161	-0.0007590
1162	-0.0021178
1163	-0.0034552
1164	-0.0041146
1165	-0.0045870
1166	-0.0046915
1167	-0.0044685
1168	-0.0042649
1169	-0.0036648
1170	-0.0027515
1171	-0.0016473
1172	-0.0004632
1173	-0.0000038
1174	0.0000000
1175	0.0000000
1176	0.0000000
1177	0.0000000
1178	0.0000000
1179	0.0000000
1180	0.0000000
1181	0.0000000
1182	0.0000000
1183	-0.0000007
1184	-0.0001491
1185	-0.0011966
1186	-0.0030012
1187	-0.0039346
1188	-0.0047246
1189	-0.0050413
1190	-0.0054356
1191	-0.0053243
1192	-0.0048026
1193	-0.0039708
1194	-0.0025637
1195	-0.0013198
1196	-0.0004066
1197	-0.0000296
1198	-0.0000050
1199	-0.0000000
1200	0.0000000
1201	0.0000000
1202	0.0000000
1203	0.0000000
1204	0.0000000
1205	-0.0000000
1206	-0.0000006
1207	-0.0000349
1208	-0.0005729
1209	-0.0021132
1210	-0.0031212
1211	-0.0040470
1212	-0.0047112
1213	-0.0052526
1214	-0.0054991
1215	-0.0049992
1216	-0.0046900
1217	-0.0029229
1218	-0.0018509
1219	-0.0014109
1220	-0.0005198
1221	-0.0000239
1222	-0.0000224
1223	-0.0000211
1224	-0.0000000
1225	0.0000000
1226	0.0000000
1227	0.0000000
1228	0.0000000
1229	0.0000000
1230	-0.0000002
1231	-0.0000246
1232	-0.0000897
1233	-0.0004131
1234	-0.0005543
1235	-0.0024995
1236	-0.0036119
1237	-0.0033069
1238	-0.0046108
1239	-0.0044526
1240	-0.0042205
1241	-0.0034519
1242	-0.0028034
1243	-0.0018437
1244	-0.0005708
1245	-0.0000378
1246	-0.0000095
1247	0.0000000
1248	0.0000000
1249	0.0000000
1250	0.0000000
1251	0.0000000
1252	0.0000000
1253	0.0000000
1254	0.0000000
1255	-0.0000011
1256	-0.0002010
1257	-0.0013666
1258	-0.0027953
1259	-0.0035546
1260	-0.0041455
1261	-0.0043765
1262	-0.0041065
1263	-0.0042097
1264	-0.0040824
1265	-0.0035902
1266	-0.0027480
1267	-0.0014451
1268	-0.0002676
1269	-0.0000109
1270	-0.0000108
1271	-0.0000105
1272	0.0000000
1273	0.0000000
1274	0.0000000
1275	0.0000000
1276	0.0000000
1277	0.0000000
1278	0.0000000
1279	-0.0000002
1280	-0.0002401
1281	-0.0011090
1282	-0.0024305
1283	-0.0031907
1284	-0.0035838
1285	-0.0034387
1286	-0.0034666
1287	-0.0029684
1288	-0.0034208
1289	-0.0028067
1290	-0.0024051
1291	-0.0012042
1292	-0.0002788
1293	-0.0000094
1294	-0.0000057
1295	-0.0000048
1296	0.0000000
1297	0.0000000
1298	0.0000000
1299	0.0000000
1300	0.0000000
1301	0.0000000
1302	-0.0000000
1303	-0.0000000
1304	-0.0000003
1305	-0.0001694
1306	-0.0005065
1307	-0.0008595
1308	-0.0016214
1309	-0.0008974
1310	-0.0004372
1311	-0.0006553
1312	-0.0006267
1313	-0.0006331
1314	-0.0006330
1315	-0.0001892
1316	-0.0000756
1317	-0.0000000
1318	0.0000000
1319	0.0000000
1320	0.0000000
1321	0.0000000
1322	0.0000000
1323	0.0000000
1324	0.0000000
1325	0.0000000
1326	-0.0000000
1327	-0.0000037
1328	-0.0000645
1329	-0.0006843
1330	-0.0013255
1331	-0.0025649
1332	-0.0024770
1333	-0.0030761
1334	-0.0023433
1335	-0.0004381
1336	-0.0010610
1337	-0.0025625
1338	-0.0016292
1339	-0.0008003
1340	-0.0001216
1341	-0.0000016
1342	0.0000000
1343	0.0000000
1344	0.0000000
1345	0.0000000
1346	0.0000000
1347	0.0000000
1348	0.0000000
1349	0.0000000
1350	-0.0000012
1351	-0.0000239
1352	-0.0000045
1353	-0.0000163
1354	-0.0001114
1355	-0.0003911
1356	-0.0002401
1357	-0.0000110
1358	0.0000000
1359	0.0000000
1360	-0.0000553
1361	-0.0003760
1362	-0.0009568
1363	-0.0005100
1364	-0.0000291
1365	-0.0000023
1366	-0.0000027
1367	0.0000000
1368	0.0000000
1369	0.0000000
1370	0.0000000
1371	0.0000000
1372	0.0000000
1373	-0.0000000
1374	-0.0000009
1375	-0.0000286
1376	-0.0000822
1377	-0.0003715
1378	-0.0014810
1379	-0.0026506
1380	-0.0019424
1381	-0.0028709
1382	-0.0012032
1383	-0.0029828
1384	-0.0035210
1385	-0.0033054
1386	-0.0023583
1387	-0.0011385
1388	-0.0000238
1389	0.0000000
1390	0.0000000
1391	0.0000000
1392	0.0000000
1393	0.0000000
1394	0.0000000
1395	0.0000000
1396	0.0000000
1397	-0.0000000
1398	-0.0000002
1399	-0.0000331
1400	-0.0002569
1401	-0.0016977
1402	-0.0030356
1403	-0.0041330
1404	-0.0043440
1405	-0.0043558
1406	-0.0033041
1407	-0.0037730
1408	-0.0038292
1409	-0.0035156
1410	-0.0025577
1411	-0.0013814
1412	-0.0002775
1413	-0.0000092
1414	-0.0000034
1415	0.0000000
1416	0.0000000
1417	0.0000000
1418	0.0000000
1419	0.0000000
1420	0.0000000
1421	0.0000000
1422	-0.0000000
1423	-0.0000107
1424	-0.0003976
1425	-0.0019087
1426	-0.0028416
1427	-0.0033754
1428	-0.0035339
1429	-0.0034911
1430	-0.0036007
1431	-0.0000027
1432	0.0000000
1433	-0.0003781
1434	-0.0022922
1435	-0.0015964
1436	-0.0004192
1437	-0.0000128
1438	-0.0000099
1439	-0.0000092
1440	0.0000000
1441	0.0000000
1442	0.0000000
1443	0.0000000
1444	0.0000000
1445	0.0000000
1446	-0.0000000
1447	-0.0000032
1448	-0.0001252
1449	-0.0009434
1450	-0.0026662
1451	-0.0031663
1452	-0.0035340
1453	-0.0034056
1454	-0.0038137
1455	-0.0036719
1456	-0.0033257
1457	-0.0029312
1458	-0.0023415
1459	-0.0014575
1460	-0.0002814
1461	-0.0000114
1462	-0.0000077
1463	-0.0000064
1464	0.0000000
1465	0.0000000
1466	0.0000000
1467	0.0000000
1468	0.0000000
1469	0.0000000
1470	-0.0000000
1471	-0.0000031
1472	-0.0001396
1473	-0.0008905
1474	-0.0023026
1475	-0.0029378
1476	-0.0036156
1477	-0.0041049
1478	-0.0042410
1479	-0.0043834
1480	-0.0035917
1481	-0.0023955
1482	-0.0020162
1483	-0.0006796
1484	-0.0000921
1485	-0.0000057
1486	-0.0000085
1487	-0.0000000
1488	0.0000000
1489	0.0000000
1490	0.0000000
1491	0.0000000
1492	0.0000000
1493	0.0000000
1494	0.0000000
1495	0.0000000
1496	0.0000000
1497	-0.0000265
1498	-0.0006033
1499	-0.0021523
1500	-0.0022566
1501	-0.0035890
1502	-0.0043531
1503	-0.0040870
1504	-0.0037565
1505	-0.0031471
1506	-0.0022173
1507	-0.0009005
1508	-0.0000986
1509	-0.0000007
1510	0.0000000
1511	0.0000000
1512	0.0000000
1513	0.0000000
1514	0.0000000
1515	0.0000000
1516	0.0000000
1517	0.0000000
1518	0.0000000
1519	-0.0000001
1520	-0.0000004
1521	0.0000000
1522	0.0000000
1523	0.0000000
1524	-0.0000287
1525	-0.0011643
1526	-0.0033666
1527	-0.0036227
1528	-0.0028438
1529	-0.0025601
1530	-0.0018350
1531	-0.0008423
1532	-0.0000940
1533	-0.0000013
1534	0.0000000
1535	0.0000000
1536	0.0000000
1537	0.0000000
1538	0.0000000
1539	0.0000000
1540	0.0000000
1541	0.0000000
1542	-0.0000000
1543	-0.0000115
1544	-0.0001539
1545	-0.0007819
1546	-0.0023451
1547	-0.0034364
1548	-0.0041852
1549	-0.0046236
1550	-0.0046053
1551	-0.0043948
1552	-0.0037940
1553	-0.0025755
1554	-0.0012525
1555	-0.0004357
1556	-0.0000127
1557	-0.0000030
1558	0.0000000
1559	0.0000000
1560	0.0000000
1561	0.0000000
1562	0.0000000
1563	0.0000000
1564	0.0000000
1565	0.0000000
1566	0.0000000
1567	-0.0000106
1568	-0.0001968
1569	-0.0009034
1570	-0.0022696
1571	-0.0034664
1572	-0.0025356
1573	-0.0014071
1574	-0.0014149
1575	-0.0012609
1576	-0.0009221
1577	-0.0005099
1578	-0.0002565
1579	-0.0001049
1580	-0.0000017
1581	-0.0000001
1582	-0.0000001
1583	0.0000000
1584	0.0000000
1585	0.0000000
1586	0.0000000
1587	0.0000000
1588	0.0000000
1589	0.0000000
1590	-0.0000000
1591	-0.0000131
1592	-0.0000870
1593	-0.0004073
1594	-0.0016442
1595	-0.0031993
1596	-0.0040395
1597	-0.0044652
1598	-0.0045974
1599	-0.0042798
1600	-0.0036173
1601	-0.0034556
1602	-0.0019938
1603	-0.0007727
1604	-0.0001318
1605	-0.0000026
1606	-0.0000000
1607	0.0000000
1608	0.0000000
1609	0.0000000
1610	0.0000000
1611	0.0000000
1612	0.0000000
1613	0.0000000
1614	-0.0000000
1615	-0.0000028
1616	-0.0002779
1617	-0.0013680
1618	-0.0026058
1619	-0.0034924
1620	-0.0041682
1621	-0.0045137
1622	-0.0029341
1623	-0.0025419
1624	-0.0034125
1625	-0.0028734
1626	-0.0018983
1627	-0.0009460
1628	-0.0000853
1629	-0.0000125
1630	-0.0000095
1631	-0.0000061
1632	-0.0000000
1633	0.0000000
1634	0.0000000
1635	0.0000000
1636	0.0000000
1637	0.0000000
1638	0.0000000
1639	0.0000000
1640	-0.0000058
1641	-0.0000003
1642	0.0000000
1643	-0.0002347
1644	-0.0023647
1645	-0.0038738
1646	-0.0040776
1647	-0.0036968
1648	-0.0038943
1649	-0.0033934
1650	-0.0024018
1651	-0.0010070
1652	-0.0001909
1653	-0.0000037
1654	-0.0000023
1655	-0.0000004
1656	0.0000000
1657	0.0000000
1658	0.0000000
1659	0.0000000
1660	0.0000000
1661	0.0000000
1662	0.0000000
1663	-0.0000003
1664	-0.0000847
1665	-0.0012421
1666	-0.0027853
1667	-0.0032976
1668	-0.0041446
1669	-0.0042357
1670	-0.0042345
1671	-0.0029097
1672	-0.0023557
1673	-0.0018977
1674	-0.0014906
1675	-0.0007786
1676	-0.0000945
1677	-0.0000125
1678	-0.0000008
1679	0.0000000
1680	0.0000000
1681	0.0000000
1682	0.0000000
1683	0.0000000
1684	0.0000000
1685	0.0000000
1686	-0.0000000
1687	-0.0000363
1688	-0.0008435
1689	-0.0017039
1690	-0.0022214
1691	-0.0022558
1692	-0.0027358
1693	-0.0025100
1694	-0.0028844
1695	-0.0032556
1696	-0.0027255
1697	-0.0029798
1698	-0.0023186
1699	-0.0000194
1700	0.0000000
1701	0.0000000
1702	0.0000000
1703	0.0000000
1704	0.0000000
1705	0.0000000
1706	0.0000000
1707	0.0000000
1708	0.0000000
1709	-0.0000000
1710	-0.0000001
1711	-0.0000166
1712	-0.0003844
1713	-0.0018440
1714	-0.0025759
1715	-0.0028676
1716	-0.0029492
1717	-0.0027338
1718	-0.0029499
1719	-0.0027501
1720	-0.0023226
1721	-0.0022803
1722	-0.0018067
1723	-0.0005743
1724	-0.0001091
1725	-0.0000062
1726	-0.0000057
1727	-0.0000063
1728	-0.0000000
1729	0.0000000
1730	0.0000000
1731	0.0000000
1732	0.0000000
1733	0.0000000
1734	-0.0000000
1735	-0.0000041
1736	-0.0001143
1737	-0.0011733
1738	-0.0023258
1739	-0.0029937
1740	-0.0035623
1741	-0.0038572
1742	-0.0040866
1743	-0.0036607
1744	-0.0029325
1745	-0.0024819
1746	-0.0017179
1747	-0.0004031
1748	-0.0000284
1749	-0.0000021
1750	-0.0000021
1751	-0.0000018
1752	0.0000000
1753	0.0000000
1754	0.0000000
1755	0.0000000
1756	0.0000000
1757	0.0000000
1758	0.0000000
1759	0.0000000
1760	-0.0000012
1761	-0.0000246
1762	-0.0002033
1763	-0.0014986
1764	-0.0028355
1765	-0.0033776
1766	-0.0036105
1767	-0.0035439
1768	-0.0031818
1769	-0.0026334
1770	-0.0014016
1771	-0.0003268
1772	-0.0000813
1773	-0.0000022
1774	-0.0000000
1775	-0.0000014
1776	0.0000000
1777	0.0000000
1778	0.0000000
1779	0.0000000
1780	0.0000000
1781	0.0000000
1782	0.0000000
1783	-0.0000016
1784	-0.0000293
1785	-0.0001153
1786	-0.0000011
1787	-0.0000021
1788	-0.0004183
1789	-0.0019062
1790	-0.0024469
1791	-0.0023548
1792	-0.0014409
1793	-0.0018231
1794	-0.0011365
1795	-0.0001981
1796	-0.0000058
1797	-0.0000000
1798	0.0000000
1799	0.0000000
1800	0.0000000
1801	0.0000000
1802	0.0000000
1803	0.0000000
1804	0.0000000
1805	0.0000000
1806	0.0000000
1807	-0.0000002
1808	-0.0000108
1809	-0.0001450
1810	-0.0003931
1811	-0.0007428
1812	-0.0009158
1813	-0.0003000
1814	-0.0003035
1815	-0.0008164
1816	-0.0013967
1817	-0.0017220
1818	-0.0010736
1819	-0.0002516
1820	-0.0000219
1821	-0.0000052
1822	-0.0000038
1823	0.0000000
1824	0.0000000
1825	0.0000000
1826	0.0000000
1827	0.0000000
1828	0.0000000
1829	-0.0000000
1830	-0.0000000
1831	-0.0000039
1832	-0.0000562
1833	-0.0003400
1834	-0.0008674
1835	-0.0019152
1836	-0.0027047
1837	-0.0032115
1838	-0.0034600
1839	-0.0035379
1840	-0.0031216
1841	-0.0022322
1842	-0.0008925
1843	-0.0002292
1844	-0.0000297
1845	-0.0000054
1846	-0.0000059
1847	-0.0000040
1848	0.0000000
1849	0.0000000
1850	0.0000000
1851	0.0000000
1852	0.0000000
1853	0.0000000
1854	0.0000000
1855	-0.0000006
1856	-0.0000514
1857	-0.0001948
1858	-0.0005287
1859	-0.0011129
1860	-0.0011099
1861	-0.0011197
1862	-0.0012159
1863	-0.0011538
1864	-0.0011485
1865	-0.0009806
1866	-0.0005352
1867	-0.0001825
1868	-0.0000182
1869	-0.0000049
1870	-0.0000062
1871	-0.0000065
1872	0.0000000
1873	0.0000000
1874	0.0000000
1875	0.0000000
1876	0.0000000
1877	0.0000000
1878	0.0000000
1879	-0.0000006
1880	-0.0000141
1881	-0.0001986
1882	-0.0009237
1883	-0.0020763
1884	-0.0021398
1885	-0.0026295
1886	-0.0032996
1887	-0.0035278
1888	-0.0026879
1889	-0.0026182
1890	-0.0015112
1891	-0.0003033
1892	-0.0000143
1893	-0.0000013
1894	-0.0000086
1895	-0.0000000
1896	0.0000000
1897	0.0000000
1898	0.0000000
1899	0.0000000
1900	0.0000000
1901	-0.0000000
1902	-0.0000001
1903	-0.0000184
1904	-0.0003083
1905	-0.0011453
1906	-0.0018193
1907	-0.0021220
1908	-0.0022259
1909	-0.0022981
1910	-0.0025881
1911	-0.0018122
1912	-0.0016392
1913	-0.0014277
1914	-0.0011853
1915	-0.0003803
1916	-0.0000406
1917	-0.0000096
1918	-0.0000067
1919	-0.0000046
1920	0.0000000
1921	0.0000000
1922	0.0000000
1923	0.0000000
1924	0.0000000
1925	0.0000000
1926	0.0000000
1927	-0.0000000
1928	-0.0000148
1929	-0.0005235
1930	-0.0018107
1931	-0.0023075
1932	-0.0023123
1933	-0.0031322
1934	-0.0034720
1935	-0.0034148
1936	-0.0030349
1937	-0.0025656
1938	-0.0015328
1939	-0.0005074
1940	-0.0000936
1941	-0.0000074
1942	-0.0000063
1943	-0.0000026
1944	0.0000000
1945	0.0000000
1946	0.0000000
1947	0.0000000
1948	0.0000000
1949	0.0000000
1950	-0.0000000
1951	-0.0000030
1952	-0.0000739
1953	-0.0010666
1954	-0.0022201
1955	-0.0029265
1956	-0.0033350
1957	-0.0038885
1958	-0.0041521
1959	-0.0040746
1960	-0.0037273
1961	-0.0030354
1962	-0.0018887
1963	-0.0005545
1964	-0.0000551
1965	-0.0000062
1966	-0.0000087
1967	-0.0000000
1968	0.0000000
1969	0.0000000
1970	0.0000000
1971	0.0000000
1972	0.0000000
1973	-0.0000001
1974	-0.0000002
1975	-0.0000109
1976	-0.0002688
1977	-0.0016954
1978	-0.0028291
1979	-0.0038019
1980	-0.0045892
1981	-0.0048006
1982	-0.0048634
1983	-0.0046976
1984	-0.0043346
1985	-0.0033639
1986	-0.0020619
1987	-0.0007557
1988	-0.0000464
1989	-0.0000057
1990	-0.0000001
