TIME_UNITS h
DATA_UNITS kg/s
0	-0.0000010
1	-0.0000025
2	-0.0000030
3	-0.0000015
4	-0.0000009
5	-0.0000004
6	-0.0000045
7	-0.0000602
8	-0.0003682
9	-0.0007628
10	-0.0012161
11	-0.0016829
12	-0.0018583
13	-0.0019939
14	-0.0021269
15	-0.0021744
16	-0.0021256
17	-0.0019223
18	-0.0015700
19	-0.0009926
20	-0.0003433
21	-0.0000386
22	-0.0000038
23	-0.0000018
24	-0.0000020
25	-0.0000014
26	-0.0000006
27	-0.0000006
28	0.0000000
29	0.0000000
30	0.0000000
31	0.0000000
32	-0.0002746
33	-0.0008888
34	-0.0015610
35	-0.0020598
36	-0.0022723
37	-0.0023810
38	-0.0021580
39	-0.0017148
40	-0.0014693
41	-0.0006182
42	-0.0002966
43	-0.0002171
44	-0.0000563
45	-0.0000002
46	0.0000000
47	0.0000000
48	0.0000000
49	0.0000000
50	0.0000000
51	0.0000000
52	0.0000000
53	0.0000000
54	0.0000000
55	0.0000000
56	0.0000000
57	-0.0000001
58	-0.0000148
59	-0.0002044
60	-0.0013587
61	-0.0014587
62	-0.0021123
63	-0.0021017
64	-0.0000018
65	0.0000000
66	-0.0000369
67	-0.0001661
68	-0.0000538
69	-0.0000019
70	-0.0000000
71	-0.0000015
72	-0.0000009
73	-0.0000011
74	-0.0000003
75	-0.0000001
76	-0.0000010
77	-0.0000009
78	-0.0000261
79	-0.0002054
80	-0.0002189
81	-0.0004131
82	-0.0007061
83	-0.0008986
84	-0.0009603
85	-0.0013547
86	-0.0016827
87	-0.0017698
88	-0.0014230
89	-0.0013705
90	-0.0009931
91	-0.0004412
92	-0.0001459
93	-0.0000124
94	-0.0000023
95	0.0000000
96	0.0000000
97	0.0000000
98	0.0000000
99	0.0000000
100	0.0000000
101	0.0000000
102	0.0000000
103	-0.0000387
104	-0.0003592
105	-0.0011264
106	-0.0016463
107	-0.0021804
108	-0.0020774
109	-0.0018457
110	-0.0013172
111	-0.0000054
112	0.0000000
113	-0.0000110
114	-0.0000740
115	-0.0000001
116	-0.0000000
117	0.0000000
118	0.0000000
119	0.0000000
120	0.0000000
121	-0.0000000
122	0.0000000
123	-0.0000001
124	-0.0000002
125	-0.0000002
126	-0.0000012
127	0.0000000
128	-0.0000150
129	-0.0001073
130	-0.0002246
131	-0.0003167
132	-0.0004405
133	-0.0004376
134	-0.0003891
135	-0.0003631
136	-0.0006105
137	-0.0007599
138	-0.0006843
139	-0.0005036
140	-0.0000906
141	-0.0000025
142	0.0000000
143	0.0000000
144	0.0000000
145	0.0000000
146	-0.0000000
147	-0.0000000
148	-0.0000001
149	0.0000000
150	-0.0000003
151	-0.0000520
152	-0.0002258
153	-0.0010569
154	-0.0018497
155	-0.0020460
156	-0.0027098
157	-0.0017943
158	-0.0019217
159	-0.0016008
160	-0.0010281
161	-0.0009247
162	-0.0008459
163	-0.0003916
164	-0.0001521
165	-0.0000265
166	-0.0000057
167	-0.0000044
168	0.0000000
169	0.0000000
170	0.0000000
171	0.0000000
172	-0.0000000
173	-0.0000000
174	-0.0000066
175	-0.0000477
176	-0.0001754
177	-0.0003363
178	-0.0003655
179	-0.0007147
180	-0.0013358
181	-0.0014806
182	-0.0014419
183	-0.0012244
184	-0.0004810
185	-0.0005762
186	-0.0007294
187	-0.0005245
188	-0.0001054
189	-0.0000004
190	0.0000000
191	0.0000000
192	0.0000000
193	0.0000000
194	0.0000000
195	0.0000000
196	0.0000000
197	-0.0000000
198	-0.0000001
199	-0.0000243
200	-0.0001356
201	-0.0003780
202	-0.0005993
203	-0.0010158
204	-0.0012357
205	-0.0010677
206	-0.0010138
207	-0.0010550
208	-0.0003899
209	-0.0006457
210	-0.0005386
211	-0.0000078
212	-0.0000005
213	-0.0000000
214	-0.0000000
215	0.0000000
216	0.0000000
217	0.0000000
218	0.0000000
219	0.0000000
220	0.0000000
221	0.0000000
222	0.0000000
223	-0.0000001
224	-0.0000006
225	-0.0000033
226	-0.0000003
227	-0.0000010
228	-0.0000045
229	-0.0000581
230	-0.0001833
231	-0.0002971
232	-0.0005150
233	-0.0006213
234	-0.0004528
235	-0.0002492
236	-0.0000516
237	0.0000000
238	0.0000000
239	0.0000000
240	0.0000000
241	0.0000000
242	0.0000000
243	0.0000000
244	0.0000000
245	0.0000000
246	0.0000000
247	-0.0000007
248	-0.0002162
249	-0.0008822
250	-0.0016981
251	-0.0021349
252	-0.0025202
253	-0.0028101
254	-0.0028888
255	-0.0028151
256	-0.0024505
257	-0.0022115
258	-0.0017453
259	-0.0010928
260	-0.0002724
261	-0.0000131
262	-0.0000015
263	0.0000000
264	0.0000000
265	0.0000000
266	0.0000000
267	0.0000000
268	0.0000000
269	-0.0000000
270	-0.0000002
271	-0.0000293
272	-0.0003790
273	-0.0006932
274	-0.0010528
275	-0.0018565
276	-0.0028525
277	-0.0029735
278	-0.0029957
279	-0.0030899
280	-0.0027007
281	-0.0024935
282	-0.0018498
283	-0.0008773
284	-0.0002492
285	-0.0000519
286	-0.0000162
287	-0.0000000
288	0.0000000
289	0.0000000
290	0.0000000
291	0.0000000
292	0.0000000
293	-0.0000000
294	-0.0000018
295	-0.0000953
296	-0.0008706
297	-0.0014430
298	-0.0021629
299	-0.0025710
300	-0.0027917
301	-0.0027893
302	-0.0023841
303	-0.0022400
304	-0.0023883
305	-0.0011726
306	-0.0013665
307	-0.0007078
308	-0.0002055
309	-0.0000055
310	0.0000000
311	0.0000000
312	0.0000000
313	0.0000000
314	0.0000000
315	0.0000000
316	0.0000000
317	0.0000000
318	0.0000000
319	-0.0000213
320	-0.0002123
321	-0.0007772
322	-0.0016416
323	-0.0022064
324	-0.0025333
325	-0.0027549
326	-0.0027550
327	-0.0027350
328	-0.0025894
329	-0.0021494
330	-0.0016067
331	-0.0008607
332	-0.0002651
333	-0.0000227
334	0.0000000
335	0.0000000
336	0.0000000
337	0.0000000
338	0.0000000
339	0.0000000
340	0.0000000
341	0.0000000
342	0.0000000
343	-0.0000375
344	-0.0003061
345	-0.0007989
346	-0.0014734
347	-0.0021839
348	-0.0026591
349	-0.0029121
350	-0.0030060
351	-0.0029776
352	-0.0027670
353	-0.0021874
354	-0.0012158
355	-0.0008268
356	-0.0002373
357	-0.0000258
358	-0.0000063
359	-0.0000000
360	0.0000000
361	0.0000000
362	0.0000000
363	0.0000000
364	0.0000000
365	0.0000000
366	0.0000000
367	0.0000000
368	0.0000000
369	-0.0000081
370	-0.0001303
371	-0.0008220
372	-0.0009451
373	-0.0009309
374	-0.0006719
375	-0.0011850
376	-0.0014095
377	-0.0015402
378	-0.0013163
379	-0.0007493
380	-0.0001712
381	-0.0000097
382	-0.0000016
383	-0.0000000
384	0.0000000
385	0.0000000
386	0.0000000
387	0.0000000
388	0.0000000
389	0.0000000
390	0.0000000
391	-0.0000149
392	-0.0001066
393	-0.0000510
394	-0.0000666
395	-0.0001458
396	-0.0003435
397	-0.0003407
398	-0.0001115
399	-0.0001378
400	-0.0005760
401	-0.0016358
402	-0.0014289
403	-0.0009394
404	-0.0002205
405	-0.0000085
406	-0.0000045
407	-0.0000004
408	0.0000000
409	0.0000000
410	0.0000000
411	0.0000000
412	0.0000000
413	0.0000000
414	0.0000000
415	-0.0000074
416	-0.0001296
417	-0.0004165
418	-0.0006324
419	-0.0008220
420	-0.0009286
421	-0.0010988
422	-0.0012181
423	-0.0015445
424	-0.0017854
425	-0.0015992
426	-0.0012326
427	-0.0009054
428	-0.0003455
429	-0.0000103
430	-0.0000012
431	-0.0000005
432	0.0000000
433	0.0000000
434	0.0000000
435	0.0000000
436	0.0000000
437	0.0000000
438	0.0000000
439	-0.0000004
440	-0.0000015
441	-0.0000123
442	-0.0000098
443	-0.0000000
444	0.0000000
445	0.0000000
446	-0.0002703
447	-0.0016168
448	-0.0006905
449	-0.0000015
450	0.0000000
451	0.0000000
452	0.0000000
453	-0.0000000
454	-0.0000000
455	-0.0000003
456	-0.0000007
457	0.0000000
458	0.0000000
459	0.0000000
460	0.0000000
461	0.0000000
462	-0.0000004
463	-0.0000156
464	-0.0000737
465	-0.0001881
466	-0.0004260
467	-0.0006725
468	-0.0006046
469	-0.0005786
470	-0.0008469
471	-0.0004398
472	-0.0010855
473	-0.0011356
474	-0.0009915
475	-0.0006253
476	-0.0000904
477	-0.0000000
478	0.0000000
479	-0.0000016
480	0.0000000
481	0.0000000
482	0.0000000
483	0.0000000
484	0.0000000
485	0.0000000
486	-0.0000004
487	-0.0000055
488	-0.0000088
489	-0.0000010
490	-0.0000082
491	-0.0001474
492	-0.0002626
493	-0.0006658
494	-0.0009055
495	-0.0009188
496	-0.0011566
497	-0.0011873
498	-0.0011054
499	-0.0007779
500	-0.0003903
501	-0.0000345
502	-0.0000006
503	-0.0000013
504	-0.0000037
505	-0.0000015
506	-0.0000037
507	-0.0000068
508	-0.0000085
509	-0.0000073
510	-0.0001270
511	-0.0002374
512	-0.0004432
513	-0.0000046
514	0.0000000
515	-0.0000890
516	-0.0005076
517	-0.0011267
518	-0.0014506
519	-0.0014416
520	-0.0013174
521	-0.0012849
522	-0.0013109
523	-0.0010277
524	-0.0005291
525	-0.0000536
526	-0.0000039
527	-0.0000000
528	0.0000000
529	0.0000000
530	0.0000000
531	0.0000000
532	0.0000000
533	0.0000000
534	-0.0000002
535	-0.0000038
536	-0.0001690
537	-0.0008274
538	-0.0010640
539	-0.0011867
540	-0.0010219
541	-0.0014421
542	-0.0017011
543	-0.0016750
544	-0.0014686
545	-0.0012900
546	-0.0011554
547	-0.0008839
548	-0.0004350
549	-0.0000573
550	-0.0000052
551	-0.0000000
552	0.0000000
553	0.0000000
554	0.0000000
555	0.0000000
556	0.0000000
557	0.0000000
558	-0.0000000
559	-0.0000049
560	-0.0002205
561	-0.0009438
562	-0.0013312
563	-0.0013106
564	-0.0015028
565	-0.0018886
566	-0.0020365
567	-0.0021366
568	-0.0020964
569	-0.0018923
570	-0.0015796
571	-0.0011381
572	-0.0004146
573	-0.0000841
574	-0.0000000
575	0.0000000
576	0.0000000
577	0.0000000
578	0.0000000
579	0.0000000
580	-0.0000000
581	-0.0000000
582	-0.0000003
583	-0.0000133
584	-0.0002439
585	-0.0010998
586	-0.0016851
587	-0.0021509
588	-0.0025522
589	-0.0027060
590	-0.0027088
591	-0.0026699
592	-0.0022949
593	-0.0020753
594	-0.0016323
595	-0.0011939
596	-0.0002936
597	-0.0000285
598	-0.0000055
599	0.0000000
600	0.0000000
601	0.0000000
602	0.0000000
603	0.0000000
604	0.0000000
605	-0.0000000
606	-0.0000021
607	-0.0000577
608	-0.0006086
609	-0.0016470
610	-0.0021987
611	-0.0026215
612	-0.0029417
613	-0.0031643
614	-0.0033060
615	-0.0032906
616	-0.0031473
617	-0.0026577
618	-0.0018324
619	-0.0009891
620	-0.0003067
621	-0.0000636
622	-0.0000102
623	-0.0000141
624	-0.0000000
625	0.0000000
626	0.0000000
627	0.0000000
628	0.0000000
629	0.0000000
630	-0.0000006
631	-0.0000307
632	-0.0008240
633	-0.0019095
634	-0.0024400
635	-0.0029429
636	-0.0032147
637	-0.0033668
638	-0.0033915
639	-0.0034637
640	-0.0034059
641	-0.0029238
642	-0.0018615
643	-0.0011059
644	-0.0003969
645	-0.0000844
646	-0.0000182
647	-0.0000207
648	-0.0000000
649	0.0000000
650	0.0000000
651	0.0000000
652	0.0000000
653	-0.0000000
654	-0.0000017
655	-0.0000844
656	-0.0008921
657	-0.0020069
658	-0.0026491
659	-0.0028931
660	-0.0033024
661	-0.0037078
662	-0.0037337
663	-0.0036064
664	-0.0037174
665	-0.0031937
666	-0.0022862
667	-0.0015557
668	-0.0004702
669	-0.0000572
670	-0.0000186
671	-0.0000133
672	-0.0000000
673	0.0000000
674	0.0000000
675	0.0000000
676	0.0000000
677	0.0000000
678	0.0000000
679	-0.0000008
680	-0.0000006
681	-0.0000012
682	-0.0000563
683	-0.0004675
684	-0.0000527
685	-0.0001441
686	-0.0005200
687	-0.0009119
688	-0.0013264
689	-0.0009876
690	-0.0006029
691	-0.0002479
692	-0.0000260
693	-0.0000152
694	-0.0000000
695	0.0000000
696	0.0000000
697	0.0000000
698	0.0000000
699	0.0000000
700	-0.0000001
701	-0.0000001
702	-0.0000002
703	-0.0000008
704	-0.0001901
705	-0.0006015
706	-0.0006344
707	-0.0014237
708	-0.0016312
709	-0.0018607
710	-0.0014125
711	-0.0016116
712	-0.0020928
713	-0.0018228
714	-0.0013828
715	-0.0004737
716	-0.0000618
717	-0.0000075
718	-0.0000032
719	0.0000000
720	0.0000000
721	0.0000000
722	0.0000000
723	0.0000000
724	0.0000000
725	0.0000000
726	-0.0000005
727	-0.0000191
728	-0.0002589
729	-0.0005542
730	-0.0009975
731	-0.0021477
732	-0.0026839
733	-0.0027522
734	-0.0020088
735	-0.0020610
736	-0.0027965
737	-0.0022166
738	-0.0016322
739	-0.0008094
740	-0.0001053
741	-0.0000172
742	-0.0000043
743	0.0000000
744	0.0000000
745	0.0000000
746	0.0000000
747	0.0000000
748	0.0000000
749	-0.0000000
750	-0.0000003
751	-0.0000049
752	-0.0000198
753	-0.0000018
754	-0.0000020
755	-0.0003222
756	-0.0009052
757	-0.0014460
758	-0.0016588
759	-0.0020118
760	-0.0020641
761	-0.0022409
762	-0.0016922
763	-0.0010537
764	-0.0003599
765	-0.0000111
766	-0.0000052
767	0.0000000
768	0.0000000
769	0.0000000
770	0.0000000
771	0.0000000
772	0.0000000
773	0.0000000
774	0.0000000
775	-0.0000035
776	-0.0001612
777	-0.0005564
778	-0.0013833
779	-0.0020975
780	-0.0026792
781	-0.0026403
782	-0.0026911
783	-0.0027768
784	-0.0026503
785	-0.0025764
786	-0.0019547
787	-0.0011686
788	-0.0002712
789	-0.0000578
790	-0.0000073
791	0.0000000
792	0.0000000
793	0.0000000
794	0.0000000
795	0.0000000
796	0.0000000
797	0.0000000
798	0.0000000
799	-0.0000000
800	-0.0002306
801	-0.0010734
802	-0.0020320
803	-0.0026506
804	-0.0031219
805	-0.0032744
806	-0.0033778
807	-0.0033080
808	-0.0030827
809	-0.0026014
810	-0.0018321
811	-0.0006916
812	-0.0000166
813	-0.0000072
814	-0.0000071
815	-0.0000067
816	0.0000000
817	0.0000000
818	0.0000000
819	0.0000000
820	0.0000000
821	0.0000000
822	-0.0000002
823	-0.0000211
824	-0.0003625
825	-0.0016676
826	-0.0022672
827	-0.0027379
828	-0.0031799
829	-0.0034979
830	-0.0035892
831	-0.0034762
832	-0.0029548
833	-0.0021133
834	-0.0011789
835	-0.0004726
836	-0.0002369
837	-0.0000126
838	-0.0000030
839	-0.0000001
840	0.0000000
841	0.0000000
842	0.0000000
843	0.0000000
844	0.0000000
845	0.0000000
846	0.0000000
847	-0.0000294
848	-0.0001517
849	-0.0004928
850	-0.0014103
851	-0.0021101
852	-0.0025022
853	-0.0023263
854	-0.0021484
855	-0.0018693
856	-0.0021247
857	-0.0022711
858	-0.0019071
859	-0.0014361
860	-0.0006124
861	-0.0000521
862	-0.0000000
863	0.0000000
864	0.0000000
865	0.0000000
866	0.0000000
867	0.0000000
868	0.0000000
869	-0.0000000
870	-0.0000011
871	-0.0000106
872	-0.0000624
873	-0.0007034
874	-0.0016753
875	-0.0023778
876	-0.0029966
877	-0.0031558
878	-0.0032337
879	-0.0031803
880	-0.0030014
881	-0.0023650
882	-0.0013416
883	-0.0010838
884	-0.0001573
885	-0.0000152
886	-0.0000025
887	-0.0000018
888	0.0000000
889	0.0000000
890	0.0000000
891	0.0000000
892	0.0000000
893	0.0000000
894	0.0000000
895	0.0000000
896	-0.0001222
897	-0.0009388
898	-0.0020822
899	-0.0025872
900	-0.0030958
901	-0.0033278
902	-0.0035119
903	-0.0034063
904	-0.0022817
905	-0.0013625
906	-0.0011729
907	-0.0007446
908	-0.0000782
909	-0.0000483
910	-0.0000145
911	-0.0000131
912	-0.0000000
913	0.0000000
914	0.0000000
915	0.0000000
916	0.0000000
917	0.0000000
918	0.0000000
919	-0.0000014
920	-0.0000507
921	-0.0000207
922	-0.0001296
923	-0.0005594
924	-0.0000317
925	-0.0000259
926	-0.0003235
927	-0.0011069
928	-0.0016327
929	-0.0021001
930	-0.0017880
931	-0.0011319
932	-0.0003242
933	-0.0000279
934	-0.0000054
935	-0.0000035
936	0.0000000
937	0.0000000
938	0.0000000
939	0.0000000
940	0.0000000
941	0.0000000
942	-0.0000001
943	-0.0000088
944	-0.0002348
945	-0.0013903
946	-0.0019541
947	-0.0024890
948	-0.0028964
949	-0.0029491
950	-0.0030423
951	-0.0030693
952	-0.0028906
953	-0.0025154
954	-0.0020113
955	-0.0010708
956	-0.0004031
957	-0.0000320
958	-0.0000079
959	-0.0000047
960	-0.0000000
961	0.0000000
962	0.0000000
963	0.0000000
964	0.0000000
965	0.0000000
966	-0.0000000
967	-0.0000086
968	-0.0003030
969	-0.0014776
970	-0.0020609
971	-0.0024585
972	-0.0024906
973	-0.0021095
974	-0.0023554
975	-0.0025502
976	-0.0023135
977	-0.0021214
978	-0.0015914
979	-0.0010048
980	-0.0001683
981	-0.0000153
982	-0.0000020
983	-0.0000006
984	0.0000000
985	0.0000000
986	0.0000000
987	0.0000000
988	0.0000000
989	0.0000000
990	0.0000000
991	0.0000000
992	-0.0000001
993	-0.0000827
994	-0.0002234
995	-0.0001399
996	-0.0000846
997	-0.0001266
998	-0.0006579
999	-0.0006990
1000	-0.0002920
1001	-0.0000648
1002	-0.0000116
1003	-0.0000056
1004	-0.0000005
1005	0.0000000
1006	0.0000000
1007	0.0000000
1008	0.0000000
1009	0.0000000
1010	0.0000000
1011	0.0000000
1012	0.0000000
1013	0.0000000
1014	0.0000000
1015	-0.0000036
1016	-0.0000450
1017	-0.0003165
1018	-0.0014236
1019	-0.0018514
1020	-0.0023910
1021	-0.0024107
1022	-0.0023741
1023	-0.0024827
1024	-0.0021425
1025	-0.0013395
1026	-0.0006711
1027	-0.0002220
1028	-0.0000868
1029	-0.0000038
1030	0.0000000
1031	0.0000000
1032	0.0000000
1033	0.0000000
1034	0.0000000
1035	0.0000000
1036	0.0000000
1037	0.0000000
1038	0.0000000
1039	-0.0000008
1040	-0.0000816
1041	-0.0005376
1042	-0.0015459
1043	-0.0022368
1044	-0.0007499
1045	-0.0022014
1046	-0.0020747
1047	-0.0019087
1048	-0.0012934
1049	-0.0013342
1050	-0.0010304
1051	-0.0003868
1052	-0.0000839
1053	-0.0000004
1054	-0.0000000
1055	-0.0000001
1056	0.0000000
1057	0.0000000
1058	0.0000000
1059	0.0000000
1060	0.0000000
1061	0.0000000
1062	-0.0000001
1063	-0.0000175
1064	-0.0001536
1065	-0.0006074
1066	-0.0017866
1067	-0.0023374
1068	-0.0024898
1069	-0.0028493
1070	-0.0029482
1071	-0.0029137
1072	-0.0027819
1073	-0.0023729
1074	-0.0018484
1075	-0.0010169
1076	-0.0003171
1077	-0.0000214
1078	-0.0000009
1079	0.0000000
1080	0.0000000
1081	0.0000000
1082	0.0000000
1083	0.0000000
1084	0.0000000
1085	0.0000000
1086	0.0000000
1087	-0.0000028
1088	-0.0001137
1089	-0.0002795
1090	-0.0004530
1091	-0.0007187
1092	-0.0005657
1093	-0.0010785
1094	-0.0012631
1095	-0.0009609
1096	-0.0008823
1097	-0.0003977
1098	-0.0000220
1099	-0.0000022
1100	0.0000000
1101	0.0000000
1102	0.0000000
1103	0.0000000
1104	0.0000000
1105	0.0000000
1106	0.0000000
1107	0.0000000
1108	0.0000000
1109	0.0000000
1110	-0.0000000
1111	-0.0000062
1112	-0.0000626
1113	-0.0001944
1114	-0.0003056
1115	-0.0006780
1116	-0.0008930
1117	-0.0006386
1118	-0.0010446
1119	-0.0020366
1120	-0.0021284
1121	-0.0016252
1122	-0.0008593
1123	-0.0005603
1124	-0.0000261
1125	-0.0000137
1126	-0.0000000
1127	0.0000000
1128	0.0000000
1129	0.0000000
1130	0.0000000
1131	0.0000000
1132	0.0000000
1133	0.0000000
1134	0.0000000
1135	-0.0000014
1136	-0.0000171
1137	-0.0004036
1138	-0.0009912
1139	-0.0009696
1140	-0.0004799
1141	-0.0009681
1142	-0.0010868
1143	-0.0008687
1144	-0.0009967
1145	-0.0000194
1146	-0.0000291
1147	-0.0000274
1148	-0.0000017
1149	0.0000000
1150	0.0000000
1151	-0.0000004
1152	0.0000000
1153	0.0000000
1154	0.0000000
1155	0.0000000
1156	0.0000000
1157	0.0000000
1158	0.0000000
1159	-0.0000081
1160	-0.0000963
1161	-0.0004831
1162	-0.0013480
1163	-0.0021992
1164	-0.0026189
1165	-0.0029196
1166	-0.0029861
1167	-0.0028442
1168	-0.0027145
1169	-0.0023326
1170	-0.0017513
1171	-0.0010485
1172	-0.0002948
1173	-0.0000024
1174	0.0000000
1175	0.0000000
1176	0.0000000
1177	0.0000000
1178	0.0000000
1179	0.0000000
1180	0.0000000
1181	0.0000000
1182	0.0000000
1183	-0.0000004
1184	-0.0000949
1185	-0.0007616
1186	-0.0019102
1187	-0.0025044
1188	-0.0030072
1189	-0.0032087
1190	-0.0034597
1191	-0.0033889
1192	-0.0030568
1193	-0.0025274
1194	-0.0016318
1195	-0.0008400
1196	-0.0002588
1197	-0.0000189
1198	-0.0000032
1199	-0.0000000
1200	0.0000000
1201	0.0000000
1202	0.0000000
1203	0.0000000
1204	0.0000000
1205	-0.0000000
1206	-0.0000004
1207	-0.0000222
1208	-0.0003647
1209	-0.0013450
1210	-0.0019866
1211	-0.0025759
1212	-0.0029986
1213	-0.0033433
1214	-0.0035001
1215	-0.0031819
1216	-0.0029852
1217	-0.0018604
1218	-0.0011781
1219	-0.0008980
1220	-0.0003308
1221	-0.0000152
1222	-0.0000143
1223	-0.0000134
1224	-0.0000000
1225	0.0000000
1226	0.0000000
1227	0.0000000
1228	0.0000000
1229	0.0000000
1230	-0.0000001
1231	-0.0000157
1232	-0.0000571
1233	-0.0002629
1234	-0.0003528
1235	-0.0015909
1236	-0.0022989
1237	-0.0021048
1238	-0.0029348
1239	-0.0028340
1240	-0.0026863
1241	-0.0021971
1242	-0.0017843
1243	-0.0011735
1244	-0.0003633
1245	-0.0000240
1246	-0.0000060
1247	0.0000000
1248	0.0000000
1249	0.0000000
1250	0.0000000
1251	0.0000000
1252	0.0000000
1253	0.0000000
1254	0.0000000
1255	-0.0000007
1256	-0.0001279
1257	-0.0008698
1258	-0.0017792
1259	-0.0022625
1260	-0.0026386
1261	-0.0027856
1262	-0.0026138
1263	-0.0026794
1264	-0.0025984
1265	-0.0022852
1266	-0.0017491
1267	-0.0009198
1268	-0.0001703
1269	-0.0000070
1270	-0.0000069
1271	-0.0000067
1272	0.0000000
1273	0.0000000
1274	0.0000000
1275	0.0000000
1276	0.0000000
1277	0.0000000
1278	0.0000000
1279	-0.0000002
1280	-0.0001528
1281	-0.0007059
1282	-0.0015470
1283	-0.0020309
1284	-0.0022811
1285	-0.0021887
1286	-0.0022065
1287	-0.0018893
1288	-0.0021773
1289	-0.0017864
1290	-0.0015308
1291	-0.0007665
1292	-0.0001775
1293	-0.0000060
1294	-0.0000036
1295	-0.0000031
1296	0.0000000
1297	0.0000000
1298	0.0000000
1299	0.0000000
1300	0.0000000
1301	0.0000000
1302	-0.0000000
1303	-0.0000000
1304	-0.0000002
1305	-0.0001078
1306	-0.0003224
1307	-0.0005471
1308	-0.0010320
1309	-0.0005712
1310	-0.0002783
1311	-0.0004171
1312	-0.0003989
1313	-0.0004029
1314	-0.0004029
1315	-0.0001205
1316	-0.0000481
1317	-0.0000000
1318	0.0000000
1319	0.0000000
1320	0.0000000
1321	0.0000000
1322	0.0000000
1323	0.0000000
1324	0.0000000
1325	0.0000000
1326	-0.0000000
1327	-0.0000024
1328	-0.0000411
1329	-0.0004356
1330	-0.0008437
1331	-0.0016325
1332	-0.0015766
1333	-0.0019579
1334	-0.0014915
1335	-0.0002789
1336	-0.0006753
1337	-0.0016310
1338	-0.0010370
1339	-0.0005094
1340	-0.0000774
1341	-0.0000010
1342	0.0000000
1343	0.0000000
1344	0.0000000
1345	0.0000000
1346	0.0000000
1347	0.0000000
1348	0.0000000
1349	0.0000000
1350	-0.0000008
1351	-0.0000152
1352	-0.0000029
1353	-0.0000104
1354	-0.0000709
1355	-0.0002489
1356	-0.0001528
1357	-0.0000070
1358	0.0000000
1359	0.0000000
1360	-0.0000352
1361	-0.0002393
1362	-0.0006090
1363	-0.0003246
1364	-0.0000185
1365	-0.0000015
1366	-0.0000017
1367	0.0000000
1368	0.0000000
1369	0.0000000
1370	0.0000000
1371	0.0000000
1372	0.0000000
1373	-0.0000000
1374	-0.0000006
1375	-0.0000182
1376	-0.0000523
1377	-0.0002365
1378	-0.0009426
1379	-0.0016871
1380	-0.0012363
1381	-0.0018273
1382	-0.0007658
1383	-0.0018986
1384	-0.0022411
1385	-0.0021039
1386	-0.0015010
1387	-0.0007247
1388	-0.0000151
1389	0.0000000
1390	0.0000000
1391	0.0000000
1392	0.0000000
1393	0.0000000
1394	0.0000000
1395	0.0000000
1396	0.0000000
1397	-0.0000000
1398	-0.0000001
1399	-0.0000210
1400	-0.0001635
1401	-0.0010806
1402	-0.0019322
1403	-0.0026306
1404	-0.0027649
1405	-0.0027725
1406	-0.0021030
1407	-0.0024015
1408	-0.0024373
1409	-0.0022376
1410	-0.0016280
1411	-0.0008793
1412	-0.0001766
1413	-0.0000058
1414	-0.0000022
1415	0.0000000
1416	0.0000000
1417	0.0000000
1418	0.0000000
1419	0.0000000
1420	0.0000000
1421	0.0000000
1422	-0.0000000
1423	-0.0000068
1424	-0.0002531
1425	-0.0012149
1426	-0.0018086
1427	-0.0021484
1428	-0.0022493
1429	-0.0022221
1430	-0.0022918
1431	-0.0000017
1432	0.0000000
1433	-0.0002407
1434	-0.0014590
1435	-0.0010161
1436	-0.0002668
1437	-0.0000081
1438	-0.0000063
1439	-0.0000058
1440	0.0000000
1441	0.0000000
1442	0.0000000
1443	0.0000000
1444	0.0000000
1445	0.0000000
1446	-0.0000000
1447	-0.0000020
1448	-0.0000797
1449	-0.0006005
1450	-0.0016970
1451	-0.0020153
1452	-0.0022494
1453	-0.0021676
1454	-0.0024274
1455	-0.0023372
1456	-0.0021168
1457	-0.0018657
1458	-0.0014904
1459	-0.0009277
1460	-0.0001791
1461	-0.0000073
1462	-0.0000049
1463	-0.0000040
1464	0.0000000
1465	0.0000000
1466	0.0000000
1467	0.0000000
1468	0.0000000
1469	0.0000000
1470	-0.0000000
1471	-0.0000020
1472	-0.0000888
1473	-0.0005668
1474	-0.0014656
1475	-0.0018699
1476	-0.0023013
1477	-0.0026128
1478	-0.0026994
1479	-0.0027900
1480	-0.0022861
1481	-0.0015247
1482	-0.0012833
1483	-0.0004326
1484	-0.0000586
1485	-0.0000036
1486	-0.0000054
1487	-0.0000000
1488	0.0000000
1489	0.0000000
1490	0.0000000
1491	0.0000000
1492	0.0000000
1493	0.0000000
1494	0.0000000
1495	0.0000000
1496	0.0000000
1497	-0.0000169
1498	-0.0003840
1499	-0.0013699
1500	-0.0014363
1501	-0.0022844
1502	-0.0027707
1503	-0.0026014
1504	-0.0023910
1505	-0.0020031
1506	-0.0014113
1507	-0.0005731
1508	-0.0000628
1509	-0.0000004
1510	0.0000000
1511	0.0000000
1512	0.0000000
1513	0.0000000
1514	0.0000000
1515	0.0000000
1516	0.0000000
1517	0.0000000
1518	0.0000000
1519	-0.0000001
1520	-0.0000003
1521	0.0000000
1522	0.0000000
1523	0.0000000
1524	-0.0000182
1525	-0.0007411
1526	-0.0021428
1527	-0.0023059
1528	-0.0018101
1529	-0.0016295
1530	-0.0011680
1531	-0.0005361
1532	-0.0000598
1533	-0.0000008
1534	0.0000000
1535	0.0000000
1536	0.0000000
1537	0.0000000
1538	0.0000000
1539	0.0000000
1540	0.0000000
1541	0.0000000
1542	-0.0000000
1543	-0.0000073
1544	-0.0000980
1545	-0.0004977
1546	-0.0014927
1547	-0.0021872
1548	-0.0026638
1549	-0.0029429
1550	-0.0029312
1551	-0.0027972
1552	-0.0024149
1553	-0.0016393
1554	-0.0007972
1555	-0.0002773
1556	-0.0000081
1557	-0.0000019
1558	0.0000000
1559	0.0000000
1560	0.0000000
1561	0.0000000
1562	0.0000000
1563	0.0000000
1564	0.0000000
1565	0.0000000
1566	0.0000000
1567	-0.0000067
1568	-0.0001253
1569	-0.0005750
1570	-0.0014446
1571	-0.0022064
1572	-0.0016139
1573	-0.0008956
1574	-0.0009006
1575	-0.0008026
1576	-0.0005869
1577	-0.0003246
1578	-0.0001632
1579	-0.0000668
1580	-0.0000011
1581	-0.0000000
1582	-0.0000001
1583	0.0000000
1584	0.0000000
1585	0.0000000
1586	0.0000000
1587	0.0000000
1588	0.0000000
1589	0.0000000
1590	-0.0000000
1591	-0.0000083
1592	-0.0000554
1593	-0.0002593
1594	-0.0010465
1595	-0.0020363
1596	-0.0025711
1597	-0.0028421
1598	-0.0029262
1599	-0.0027240
1600	-0.0023024
1601	-0.0021995
1602	-0.0012690
1603	-0.0004918
1604	-0.0000839
1605	-0.0000016
1606	-0.0000000
1607	0.0000000
1608	0.0000000
1609	0.0000000
1610	0.0000000
1611	0.0000000
1612	0.0000000
1613	0.0000000
1614	-0.0000000
1615	-0.0000018
1616	-0.0001769
1617	-0.0008707
1618	-0.0016585
1619	-0.0022229
1620	-0.0026530
1621	-0.0028729
1622	-0.0018675
1623	-0.0016179
1624	-0.0021720
1625	-0.0018289
1626	-0.0012082
1627	-0.0006021
1628	-0.0000543
1629	-0.0000080
1630	-0.0000060
1631	-0.0000039
1632	-0.0000000
1633	0.0000000
1634	0.0000000
1635	0.0000000
1636	0.0000000
1637	0.0000000
1638	0.0000000
1639	0.0000000
1640	-0.0000037
1641	-0.0000002
1642	0.0000000
1643	-0.0001494
1644	-0.0015051
1645	-0.0024656
1646	-0.0025954
1647	-0.0023530
1648	-0.0024787
1649	-0.0021599
1650	-0.0015287
1651	-0.0006410
1652	-0.0001215
1653	-0.0000024
1654	-0.0000014
1655	-0.0000003
1656	0.0000000
1657	0.0000000
1658	0.0000000
1659	0.0000000
1660	0.0000000
1661	0.0000000
1662	0.0000000
1663	-0.0000002
1664	-0.0000539
1665	-0.0007906
1666	-0.0017728
1667	-0.0020989
1668	-0.0026380
1669	-0.0026960
1670	-0.0026952
1671	-0.0018520
1672	-0.0014994
1673	-0.0012079
1674	-0.0009488
1675	-0.0004956
1676	-0.0000601
1677	-0.0000079
1678	-0.0000005
1679	0.0000000
1680	0.0000000
1681	0.0000000
1682	0.0000000
1683	0.0000000
1684	0.0000000
1685	0.0000000
1686	-0.0000000
1687	-0.0000231
1688	-0.0005369
1689	-0.0010845
1690	-0.0014139
1691	-0.0014358
1692	-0.0017413
1693	-0.0015976
1694	-0.0018359
1695	-0.0020722
1696	-0.0017347
1697	-0.0018966
1698	-0.0014758
1699	-0.0000124
1700	0.0000000
1701	0.0000000
1702	0.0000000
1703	0.0000000
1704	0.0000000
1705	0.0000000
1706	0.0000000
1707	0.0000000
1708	0.0000000
1709	-0.0000000
1710	-0.0000001
1711	-0.0000105
1712	-0.0002447
1713	-0.0011737
1714	-0.0016396
1715	-0.0018252
1716	-0.0018772
1717	-0.0017400
1718	-0.0018776
1719	-0.0017504
1720	-0.0014783
1721	-0.0014514
1722	-0.0011500
1723	-0.0003655
1724	-0.0000694
1725	-0.0000040
1726	-0.0000036
1727	-0.0000040
1728	-0.0000000
1729	0.0000000
1730	0.0000000
1731	0.0000000
1732	0.0000000
1733	0.0000000
1734	-0.0000000
1735	-0.0000026
1736	-0.0000727
1737	-0.0007468
1738	-0.0014804
1739	-0.0019055
1740	-0.0022674
1741	-0.0024551
1742	-0.0026011
1743	-0.0023300
1744	-0.0018665
1745	-0.0015797
1746	-0.0010934
1747	-0.0002566
1748	-0.0000180
1749	-0.0000013
1750	-0.0000013
1751	-0.0000012
1752	0.0000000
1753	0.0000000
1754	0.0000000
1755	0.0000000
1756	0.0000000
1757	0.0000000
1758	0.0000000
1759	0.0000000
1760	-0.0000007
1761	-0.0000156
1762	-0.0001294
1763	-0.0009538
1764	-0.0018048
1765	-0.0021498
1766	-0.0022981
1767	-0.0022557
1768	-0.0020252
1769	-0.0016762
1770	-0.0008921
1771	-0.0002080
1772	-0.0000517
1773	-0.0000014
1774	-0.0000000
1775	-0.0000009
1776	0.0000000
1777	0.0000000
1778	0.0000000
1779	0.0000000
1780	0.0000000
1781	0.0000000
1782	0.0000000
1783	-0.0000010
1784	-0.0000186
1785	-0.0000734
1786	-0.0000007
1787	-0.0000014
1788	-0.0002662
1789	-0.0012133
1790	-0.0015574
1791	-0.0014988
1792	-0.0009171
1793	-0.0011604
1794	-0.0007234
1795	-0.0001261
1796	-0.0000037
1797	-0.0000000
1798	0.0000000
1799	0.0000000
1800	0.0000000
1801	0.0000000
1802	0.0000000
1803	0.0000000
1804	0.0000000
1805	0.0000000
1806	0.0000000
1807	-0.0000001
1808	-0.0000069
1809	-0.0000923
1810	-0.0002502
1811	-0.0004728
1812	-0.0005829
1813	-0.0001910
1814	-0.0001932
1815	-0.0005196
1816	-0.0008890
1817	-0.0010960
1818	-0.0006833
1819	-0.0001602
1820	-0.0000139
1821	-0.0000033
1822	-0.0000024
1823	0.0000000
1824	0.0000000
1825	0.0000000
1826	0.0000000
1827	0.0000000
1828	0.0000000
1829	-0.0000000
1830	-0.0000000
1831	-0.0000025
1832	-0.0000357
1833	-0.0002164
1834	-0.0005521
1835	-0.0012190
1836	-0.0017215
1837	-0.0020441
1838	-0.0022023
1839	-0.0022519
1840	-0.0019869
1841	-0.0014208
1842	-0.0005680
1843	-0.0001459
1844	-0.0000189
1845	-0.0000034
1846	-0.0000038
1847	-0.0000026
1848	0.0000000
1849	0.0000000
1850	0.0000000
1851	0.0000000
1852	0.0000000
1853	0.0000000
1854	0.0000000
1855	-0.0000004
1856	-0.0000327
1857	-0.0001240
1858	-0.0003365
1859	-0.0007084
1860	-0.0007064
1861	-0.0007127
1862	-0.0007739
1863	-0.0007344
1864	-0.0007310
1865	-0.0006242
1866	-0.0003407
1867	-0.0001161
1868	-0.0000116
1869	-0.0000031
1870	-0.0000039
1871	-0.0000041
1872	0.0000000
1873	0.0000000
1874	0.0000000
1875	0.0000000
1876	0.0000000
1877	0.0000000
1878	0.0000000
1879	-0.0000004
1880	-0.0000090
1881	-0.0001264
1882	-0.0005879
1883	-0.0013216
1884	-0.0013620
1885	-0.0016737
1886	-0.0021002
1887	-0.0022454
1888	-0.0017109
1889	-0.0016665
1890	-0.0009618
1891	-0.0001930
1892	-0.0000091
1893	-0.0000008
1894	-0.0000055
1895	-0.0000000
1896	0.0000000
1897	0.0000000
1898	0.0000000
1899	0.0000000
1900	0.0000000
1901	-0.0000000
1902	-0.0000000
1903	-0.0000117
1904	-0.0001962
1905	-0.0007290
1906	-0.0011580
1907	-0.0013506
1908	-0.0014168
1909	-0.0014627
1910	-0.0016473
1911	-0.0011535
1912	-0.0010433
1913	-0.0009087
1914	-0.0007545
1915	-0.0002421
1916	-0.0000259
1917	-0.0000061
1918	-0.0000043
1919	-0.0000029
1920	0.0000000
1921	0.0000000
1922	0.0000000
1923	0.0000000
1924	0.0000000
1925	0.0000000
1926	0.0000000
1927	-0.0000000
1928	-0.0000094
1929	-0.0003332
1930	-0.0011525
1931	-0.0014687
1932	-0.0014718
1933	-0.0019936
1934	-0.0022099
1935	-0.0021735
1936	-0.0019317
1937	-0.0016330
1938	-0.0009756
1939	-0.0003229
1940	-0.0000596
1941	-0.0000047
1942	-0.0000040
1943	-0.0000017
1944	0.0000000
1945	0.0000000
1946	0.0000000
1947	0.0000000
1948	0.0000000
1949	0.0000000
1950	-0.0000000
1951	-0.0000019
1952	-0.0000470
1953	-0.0006789
1954	-0.0014131
1955	-0.0018627
1956	-0.0021227
1957	-0.0024750
1958	-0.0026428
1959	-0.0025934
1960	-0.0023724
1961	-0.0019320
1962	-0.0012021
1963	-0.0003529
1964	-0.0000350
1965	-0.0000039
1966	-0.0000055
1967	-0.0000000
1968	0.0000000
1969	0.0000000
1970	0.0000000
1971	0.0000000
1972	0.0000000
1973	-0.0000000
1974	-0.0000001
1975	-0.0000069
1976	-0.0001711
1977	-0.0010791
1978	-0.0018007
1979	-0.0024199
1980	-0.0029210
1981	-0.0030556
1982	-0.0030955
1983	-0.0029900
1984	-0.0027590
1985	-0.0021411
1986	-0.0013124
1987	-0.0004810
1988	-0.0000295
1989	-0.0000036
1990	-0.0000001
