TIME_UNITS h
DATA_UNITS kg/s
0	-0.0000008
1	-0.0000020
2	-0.0000024
3	-0.0000012
4	-0.0000007
5	-0.0000003
6	-0.0000036
7	-0.0000487
8	-0.0002977
9	-0.0006168
10	-0.0009834
11	-0.0013608
12	-0.0015026
13	-0.0016123
14	-0.0017199
15	-0.0017583
16	-0.0017188
17	-0.0015544
18	-0.0012695
19	-0.0008026
20	-0.0002776
21	-0.0000312
22	-0.0000030
23	-0.0000014
24	-0.0000016
25	-0.0000011
26	-0.0000005
27	-0.0000005
28	0.0000000
29	0.0000000
30	0.0000000
31	0.0000000
32	-0.0002220
33	-0.0007187
34	-0.0012623
35	-0.0016656
36	-0.0018374
37	-0.0019253
38	-0.0017450
39	-0.0013866
40	-0.0011881
41	-0.0004999
42	-0.0002398
43	-0.0001756
44	-0.0000455
45	-0.0000002
46	0.0000000
47	0.0000000
48	0.0000000
49	0.0000000
50	0.0000000
51	0.0000000
52	0.0000000
53	0.0000000
54	0.0000000
55	0.0000000
56	0.0000000
57	-0.0000000
58	-0.0000120
59	-0.0001653
60	-0.0010987
61	-0.0011796
62	-0.0017081
63	-0.0016995
64	-0.0000014
65	0.0000000
66	-0.0000298
67	-0.0001343
68	-0.0000435
69	-0.0000015
70	-0.0000000
71	-0.0000012
72	-0.0000007
73	-0.0000009
74	-0.0000003
75	-0.0000001
76	-0.0000008
77	-0.0000007
78	-0.0000211
79	-0.0001661
80	-0.0001770
81	-0.0003340
82	-0.0005710
83	-0.0007266
84	-0.0007765
85	-0.0010955
86	-0.0013607
87	-0.0014311
88	-0.0011506
89	-0.0011082
90	-0.0008030
91	-0.0003568
92	-0.0001180
93	-0.0000100
94	-0.0000019
95	0.0000000
96	0.0000000
97	0.0000000
98	0.0000000
99	0.0000000
100	0.0000000
101	0.0000000
102	0.0000000
103	-0.0000313
104	-0.0002904
105	-0.0009108
106	-0.0013312
107	-0.0017631
108	-0.0016798
109	-0.0014924
110	-0.0010651
111	-0.0000043
112	0.0000000
113	-0.0000089
114	-0.0000598
115	-0.0000001
116	-0.0000000
117	0.0000000
118	0.0000000
119	0.0000000
120	0.0000000
121	-0.0000000
122	0.0000000
123	-0.0000000
124	-0.0000002
125	-0.0000001
126	-0.0000010
127	0.0000000
128	-0.0000121
129	-0.0000867
130	-0.0001816
131	-0.0002561
132	-0.0003562
133	-0.0003539
134	-0.0003146
135	-0.0002936
136	-0.0004937
137	-0.0006144
138	-0.0005533
139	-0.0004072
140	-0.0000733
141	-0.0000021
142	0.0000000
143	0.0000000
144	0.0000000
145	0.0000000
146	-0.0000000
147	-0.0000000
148	-0.0000001
149	0.0000000
150	-0.0000003
151	-0.0000420
152	-0.0001826
153	-0.0008546
154	-0.0014957
155	-0.0016544
156	-0.0021912
157	-0.0014509
158	-0.0015539
159	-0.0012944
160	-0.0008313
161	-0.0007477
162	-0.0006840
163	-0.0003167
164	-0.0001230
165	-0.0000214
166	-0.0000046
167	-0.0000035
168	0.0000000
169	0.0000000
170	0.0000000
171	0.0000000
172	-0.0000000
173	-0.0000000
174	-0.0000053
175	-0.0000386
176	-0.0001418
177	-0.0002720
178	-0.0002956
179	-0.0005779
180	-0.0010802
181	-0.0011973
182	-0.0011659
183	-0.0009901
184	-0.0003889
185	-0.0004659
186	-0.0005898
187	-0.0004241
188	-0.0000852
189	-0.0000003
190	0.0000000
191	0.0000000
192	0.0000000
193	0.0000000
194	0.0000000
195	0.0000000
196	0.0000000
197	-0.0000000
198	-0.0000001
199	-0.0000197
200	-0.0001096
201	-0.0003057
202	-0.0004846
203	-0.0008214
204	-0.0009992
205	-0.0008634
206	-0.0008198
207	-0.0008531
208	-0.0003153
209	-0.0005221
210	-0.0004355
211	-0.0000063
212	-0.0000004
213	-0.0000000
214	-0.0000000
215	0.0000000
216	0.0000000
217	0.0000000
218	0.0000000
219	0.0000000
220	0.0000000
221	0.0000000
222	0.0000000
223	-0.0000001
224	-0.0000005
225	-0.0000026
226	-0.0000003
227	-0.0000008
228	-0.0000036
229	-0.0000470
230	-0.0001482
231	-0.0002402
232	-0.0004164
233	-0.0005024
234	-0.0003662
235	-0.0002015
236	-0.0000417
237	0.0000000
238	0.0000000
239	0.0000000
240	0.0000000
241	0.0000000
242	0.0000000
243	0.0000000
244	0.0000000
245	0.0000000
246	0.0000000
247	-0.0000006
248	-0.0001748
249	-0.0007133
250	-0.0013731
251	-0.0017263
252	-0.0020379
253	-0.0022723
254	-0.0023359
255	-0.0022763
256	-0.0019816
257	-0.0017882
258	-0.0014113
259	-0.0008837
260	-0.0002202
261	-0.0000106
262	-0.0000012
263	0.0000000
264	0.0000000
265	0.0000000
266	0.0000000
267	0.0000000
268	0.0000000
269	-0.0000000
270	-0.0000001
271	-0.0000237
272	-0.0003064
273	-0.0005605
274	-0.0008513
275	-0.0015012
276	-0.0023066
277	-0.0024044
278	-0.0024224
279	-0.0024986
280	-0.0021838
281	-0.0020163
282	-0.0014958
283	-0.0007094
284	-0.0002015
285	-0.0000420
286	-0.0000131
287	-0.0000000
288	0.0000000
289	0.0000000
290	0.0000000
291	0.0000000
292	0.0000000
293	-0.0000000
294	-0.0000015
295	-0.0000771
296	-0.0007040
297	-0.0011668
298	-0.0017490
299	-0.0020789
300	-0.0022574
301	-0.0022555
302	-0.0019278
303	-0.0018113
304	-0.0019312
305	-0.0009482
306	-0.0011050
307	-0.0005724
308	-0.0001662
309	-0.0000045
310	0.0000000
311	0.0000000
312	0.0000000
313	0.0000000
314	0.0000000
315	0.0000000
316	0.0000000
317	0.0000000
318	0.0000000
319	-0.0000173
320	-0.0001716
321	-0.0006285
322	-0.0013275
323	-0.0017842
324	-0.0020485
325	-0.0022276
326	-0.0022277
327	-0.0022116
328	-0.0020938
329	-0.0017380
330	-0.0012992
331	-0.0006960
332	-0.0002144
333	-0.0000184
334	0.0000000
335	0.0000000
336	0.0000000
337	0.0000000
338	0.0000000
339	0.0000000
340	0.0000000
341	0.0000000
342	0.0000000
343	-0.0000304
344	-0.0002475
345	-0.0006460
346	-0.0011914
347	-0.0017659
348	-0.0021502
349	-0.0023548
350	-0.0024307
351	-0.0024078
352	-0.0022374
353	-0.0017688
354	-0.0009831
355	-0.0006686
356	-0.0001919
357	-0.0000208
358	-0.0000051
359	-0.0000000
360	0.0000000
361	0.0000000
362	0.0000000
363	0.0000000
364	0.0000000
365	0.0000000
366	0.0000000
367	0.0000000
368	0.0000000
369	-0.0000066
370	-0.0001054
371	-0.0006647
372	-0.0007642
373	-0.0007528
374	-0.0005433
375	-0.0009582
376	-0.0011398
377	-0.0012454
378	-0.0010644
379	-0.0006059
380	-0.0001385
381	-0.0000079
382	-0.0000013
383	-0.0000000
384	0.0000000
385	0.0000000
386	0.0000000
387	0.0000000
388	0.0000000
389	0.0000000
390	0.0000000
391	-0.0000120
392	-0.0000862
393	-0.0000412
394	-0.0000539
395	-0.0001179
396	-0.0002778
397	-0.0002755
398	-0.0000901
399	-0.0001115
400	-0.0004657
401	-0.0013227
402	-0.0011555
403	-0.0007596
404	-0.0001783
405	-0.0000069
406	-0.0000037
407	-0.0000003
408	0.0000000
409	0.0000000
410	0.0000000
411	0.0000000
412	0.0000000
413	0.0000000
414	0.0000000
415	-0.0000060
416	-0.0001048
417	-0.0003368
418	-0.0005114
419	-0.0006647
420	-0.0007509
421	-0.0008885
422	-0.0009850
423	-0.0012489
424	-0.0014437
425	-0.0012931
426	-0.0009967
427	-0.0007321
428	-0.0002794
429	-0.0000083
430	-0.0000010
431	-0.0000004
432	0.0000000
433	0.0000000
434	0.0000000
435	0.0000000
436	0.0000000
437	0.0000000
438	0.0000000
439	-0.0000003
440	-0.0000012
441	-0.0000100
442	-0.0000079
443	-0.0000000
444	0.0000000
445	0.0000000
446	-0.0002185
447	-0.0013074
448	-0.0005584
449	-0.0000012
450	0.0000000
451	0.0000000
452	0.0000000
453	-0.0000000
454	-0.0000000
455	-0.0000002
456	-0.0000005
457	0.0000000
458	0.0000000
459	0.0000000
460	0.0000000
461	0.0000000
462	-0.0000003
463	-0.0000126
464	-0.0000596
465	-0.0001521
466	-0.0003445
467	-0.0005438
468	-0.0004889
469	-0.0004679
470	-0.0006848
471	-0.0003556
472	-0.0008778
473	-0.0009183
474	-0.0008017
475	-0.0005057
476	-0.0000731
477	-0.0000000
478	0.0000000
479	-0.0000013
480	0.0000000
481	0.0000000
482	0.0000000
483	0.0000000
484	0.0000000
485	0.0000000
486	-0.0000004
487	-0.0000045
488	-0.0000071
489	-0.0000008
490	-0.0000066
491	-0.0001192
492	-0.0002123
493	-0.0005383
494	-0.0007322
495	-0.0007430
496	-0.0009353
497	-0.0009601
498	-0.0008939
499	-0.0006290
500	-0.0003156
501	-0.0000279
502	-0.0000005
503	-0.0000011
504	-0.0000030
505	-0.0000012
506	-0.0000030
507	-0.0000055
508	-0.0000069
509	-0.0000059
510	-0.0001027
511	-0.0001919
512	-0.0003584
513	-0.0000038
514	0.0000000
515	-0.0000720
516	-0.0004104
517	-0.0009111
518	-0.0011730
519	-0.0011657
520	-0.0010653
521	-0.0010390
522	-0.0010600
523	-0.0008310
524	-0.0004278
525	-0.0000433
526	-0.0000031
527	-0.0000000
528	0.0000000
529	0.0000000
530	0.0000000
531	0.0000000
532	0.0000000
533	0.0000000
534	-0.0000001
535	-0.0000030
536	-0.0001366
537	-0.0006691
538	-0.0008604
539	-0.0009596
540	-0.0008263
541	-0.0011661
542	-0.0013755
543	-0.0013544
544	-0.0011876
545	-0.0010431
546	-0.0009343
547	-0.0007147
548	-0.0003517
549	-0.0000464
550	-0.0000042
551	-0.0000000
552	0.0000000
553	0.0000000
554	0.0000000
555	0.0000000
556	0.0000000
557	0.0000000
558	-0.0000000
559	-0.0000039
560	-0.0001783
561	-0.0007632
562	-0.0010764
563	-0.0010598
564	-0.0012152
565	-0.0015271
566	-0.0016468
567	-0.0017277
568	-0.0016952
569	-0.0015301
570	-0.0012773
571	-0.0009203
572	-0.0003353
573	-0.0000680
574	-0.0000000
575	0.0000000
576	0.0000000
577	0.0000000
578	0.0000000
579	0.0000000
580	-0.0000000
581	-0.0000000
582	-0.0000002
583	-0.0000108
584	-0.0001972
585	-0.0008893
586	-0.0013626
587	-0.0017393
588	-0.0020637
589	-0.0021881
590	-0.0021904
591	-0.0021590
592	-0.0018557
593	-0.0016781
594	-0.0013199
595	-0.0009654
596	-0.0002375
597	-0.0000230
598	-0.0000045
599	0.0000000
600	0.0000000
601	0.0000000
602	0.0000000
603	0.0000000
604	0.0000000
605	-0.0000000
606	-0.0000017
607	-0.0000466
608	-0.0004922
609	-0.0013318
610	-0.0017779
611	-0.0021198
612	-0.0023787
613	-0.0025587
614	-0.0026733
615	-0.0026608
616	-0.0025450
617	-0.0021491
618	-0.0014817
619	-0.0007998
620	-0.0002480
621	-0.0000514
622	-0.0000082
623	-0.0000114
624	-0.0000000
625	0.0000000
626	0.0000000
627	0.0000000
628	0.0000000
629	0.0000000
630	-0.0000005
631	-0.0000248
632	-0.0006663
633	-0.0015440
634	-0.0019731
635	-0.0023797
636	-0.0025995
637	-0.0027224
638	-0.0027425
639	-0.0028009
640	-0.0027540
641	-0.0023643
642	-0.0015053
643	-0.0008942
644	-0.0003209
645	-0.0000682
646	-0.0000147
647	-0.0000167
648	-0.0000000
649	0.0000000
650	0.0000000
651	0.0000000
652	0.0000000
653	-0.0000000
654	-0.0000014
655	-0.0000682
656	-0.0007214
657	-0.0016228
658	-0.0021421
659	-0.0023394
660	-0.0026704
661	-0.0029982
662	-0.0030191
663	-0.0029162
664	-0.0030060
665	-0.0025825
666	-0.0018487
667	-0.0012579
668	-0.0003802
669	-0.0000462
670	-0.0000151
671	-0.0000107
672	-0.0000000
673	0.0000000
674	0.0000000
675	0.0000000
676	0.0000000
677	0.0000000
678	0.0000000
679	-0.0000006
680	-0.0000005
681	-0.0000010
682	-0.0000456
683	-0.0003780
684	-0.0000426
685	-0.0001165
686	-0.0004205
687	-0.0007374
688	-0.0010725
689	-0.0007986
690	-0.0004876
691	-0.0002004
692	-0.0000211
693	-0.0000123
694	-0.0000000
695	0.0000000
696	0.0000000
697	0.0000000
698	0.0000000
699	0.0000000
700	-0.0000000
701	-0.0000001
702	-0.0000002
703	-0.0000007
704	-0.0001537
705	-0.0004864
706	-0.0005130
707	-0.0011513
708	-0.0013190
709	-0.0015046
710	-0.0011422
711	-0.0013032
712	-0.0016923
713	-0.0014740
714	-0.0011181
715	-0.0003831
716	-0.0000500
717	-0.0000061
718	-0.0000026
719	0.0000000
720	0.0000000
721	0.0000000
722	0.0000000
723	0.0000000
724	0.0000000
725	0.0000000
726	-0.0000004
727	-0.0000155
728	-0.0002094
729	-0.0004481
730	-0.0008066
731	-0.0017367
732	-0.0021703
733	-0.0022255
734	-0.0016244
735	-0.0016666
736	-0.0022613
737	-0.0017924
738	-0.0013198
739	-0.0006545
740	-0.0000851
741	-0.0000139
742	-0.0000035
743	0.0000000
744	0.0000000
745	0.0000000
746	0.0000000
747	0.0000000
748	0.0000000
749	-0.0000000
750	-0.0000003
751	-0.0000040
752	-0.0000160
753	-0.0000014
754	-0.0000016
755	-0.0002606
756	-0.0007320
757	-0.0011693
758	-0.0013413
759	-0.0016268
760	-0.0016691
761	-0.0018120
762	-0.0013683
763	-0.0008520
764	-0.0002910
765	-0.0000089
766	-0.0000042
767	0.0000000
768	0.0000000
769	0.0000000
770	0.0000000
771	0.0000000
772	0.0000000
773	0.0000000
774	0.0000000
775	-0.0000028
776	-0.0001304
777	-0.0004499
778	-0.0011186
779	-0.0016961
780	-0.0021665
781	-0.0021350
782	-0.0021761
783	-0.0022454
784	-0.0021431
785	-0.0020833
786	-0.0015806
787	-0.0009449
788	-0.0002193
789	-0.0000467
790	-0.0000059
791	0.0000000
792	0.0000000
793	0.0000000
794	0.0000000
795	0.0000000
796	0.0000000
797	0.0000000
798	0.0000000
799	-0.0000000
800	-0.0001865
801	-0.0008680
802	-0.0016431
803	-0.0021433
804	-0.0025244
805	-0.0026477
806	-0.0027314
807	-0.0026749
808	-0.0024928
809	-0.0021036
810	-0.0014815
811	-0.0005593
812	-0.0000134
813	-0.0000058
814	-0.0000057
815	-0.0000054
816	0.0000000
817	0.0000000
818	0.0000000
819	0.0000000
820	0.0000000
821	0.0000000
822	-0.0000001
823	-0.0000171
824	-0.0002931
825	-0.0013485
826	-0.0018333
827	-0.0022139
828	-0.0025713
829	-0.0028285
830	-0.0029023
831	-0.0028109
832	-0.0023893
833	-0.0017089
834	-0.0009532
835	-0.0003822
836	-0.0001916
837	-0.0000102
838	-0.0000024
839	-0.0000001
840	0.0000000
841	0.0000000
842	0.0000000
843	0.0000000
844	0.0000000
845	0.0000000
846	0.0000000
847	-0.0000238
848	-0.0001226
849	-0.0003985
850	-0.0011404
851	-0.0017063
852	-0.0020233
853	-0.0018811
854	-0.0017372
855	-0.0015116
856	-0.0017180
857	-0.0018365
858	-0.0015422
859	-0.0011612
860	-0.0004952
861	-0.0000422
862	-0.0000000
863	0.0000000
864	0.0000000
865	0.0000000
866	0.0000000
867	0.0000000
868	0.0000000
869	-0.0000000
870	-0.0000009
871	-0.0000086
872	-0.0000505
873	-0.0005688
874	-0.0013546
875	-0.0019227
876	-0.0024231
877	-0.0025518
878	-0.0026149
879	-0.0025717
880	-0.0024270
881	-0.0019124
882	-0.0010848
883	-0.0008763
884	-0.0001272
885	-0.0000123
886	-0.0000020
887	-0.0000015
888	0.0000000
889	0.0000000
890	0.0000000
891	0.0000000
892	0.0000000
893	0.0000000
894	0.0000000
895	0.0000000
896	-0.0000988
897	-0.0007592
898	-0.0016837
899	-0.0020920
900	-0.0025033
901	-0.0026909
902	-0.0028398
903	-0.0027544
904	-0.0018451
905	-0.0011018
906	-0.0009484
907	-0.0006021
908	-0.0000632
909	-0.0000390
910	-0.0000117
911	-0.0000106
912	-0.0000000
913	0.0000000
914	0.0000000
915	0.0000000
916	0.0000000
917	0.0000000
918	0.0000000
919	-0.0000011
920	-0.0000410
921	-0.0000168
922	-0.0001048
923	-0.0004523
924	-0.0000256
925	-0.0000210
926	-0.0002616
927	-0.0008951
928	-0.0013202
929	-0.0016981
930	-0.0014458
931	-0.0009153
932	-0.0002621
933	-0.0000225
934	-0.0000044
935	-0.0000028
936	0.0000000
937	0.0000000
938	0.0000000
939	0.0000000
940	0.0000000
941	0.0000000
942	-0.0000000
943	-0.0000071
944	-0.0001899
945	-0.0011243
946	-0.0015801
947	-0.0020127
948	-0.0023421
949	-0.0023847
950	-0.0024601
951	-0.0024819
952	-0.0023374
953	-0.0020340
954	-0.0016264
955	-0.0008658
956	-0.0003260
957	-0.0000259
958	-0.0000064
959	-0.0000038
960	-0.0000000
961	0.0000000
962	0.0000000
963	0.0000000
964	0.0000000
965	0.0000000
966	-0.0000000
967	-0.0000070
968	-0.0002450
969	-0.0011948
970	-0.0016665
971	-0.0019880
972	-0.0020139
973	-0.0017058
974	-0.0019046
975	-0.0020621
976	-0.0018707
977	-0.0017154
978	-0.0012868
979	-0.0008125
980	-0.0001361
981	-0.0000124
982	-0.0000016
983	-0.0000005
984	0.0000000
985	0.0000000
986	0.0000000
987	0.0000000
988	0.0000000
989	0.0000000
990	0.0000000
991	0.0000000
992	-0.0000000
993	-0.0000669
994	-0.0001806
995	-0.0001131
996	-0.0000684
997	-0.0001023
998	-0.0005320
999	-0.0005652
1000	-0.0002361
1001	-0.0000524
1002	-0.0000094
1003	-0.0000045
1004	-0.0000004
1005	0.0000000
1006	0.0000000
1007	0.0000000
1008	0.0000000
1009	0.0000000
1010	0.0000000
1011	0.0000000
1012	0.0000000
1013	0.0000000
1014	0.0000000
1015	-0.0000029
1016	-0.0000364
1017	-0.0002559
1018	-0.0011511
1019	-0.0014970
1020	-0.0019334
1021	-0.0019493
1022	-0.0019197
1023	-0.0020075
1024	-0.0017324
1025	-0.0010831
1026	-0.0005427
1027	-0.0001795
1028	-0.0000702
1029	-0.0000031
1030	0.0000000
1031	0.0000000
1032	0.0000000
1033	0.0000000
1034	0.0000000
1035	0.0000000
1036	0.0000000
1037	0.0000000
1038	0.0000000
1039	-0.0000006
1040	-0.0000660
1041	-0.0004347
1042	-0.0012501
1043	-0.0018087
1044	-0.0006064
1045	-0.0017801
1046	-0.0016777
1047	-0.0015434
1048	-0.0010458
1049	-0.0010789
1050	-0.0008332
1051	-0.0003128
1052	-0.0000678
1053	-0.0000004
1054	-0.0000000
1055	-0.0000001
1056	0.0000000
1057	0.0000000
1058	0.0000000
1059	0.0000000
1060	0.0000000
1061	0.0000000
1062	-0.0000001
1063	-0.0000142
1064	-0.0001242
1065	-0.0004911
1066	-0.0014447
1067	-0.0018900
1068	-0.0020133
1069	-0.0023040
1070	-0.0023840
1071	-0.0023561
1072	-0.0022495
1073	-0.0019188
1074	-0.0014947
1075	-0.0008223
1076	-0.0002564
1077	-0.0000173
1078	-0.0000007
1079	0.0000000
1080	0.0000000
1081	0.0000000
1082	0.0000000
1083	0.0000000
1084	0.0000000
1085	0.0000000
1086	0.0000000
1087	-0.0000023
1088	-0.0000919
1089	-0.0002260
1090	-0.0003663
1091	-0.0005811
1092	-0.0004575
1093	-0.0008721
1094	-0.0010214
1095	-0.0007770
1096	-0.0007134
1097	-0.0003216
1098	-0.0000178
1099	-0.0000018
1100	0.0000000
1101	0.0000000
1102	0.0000000
1103	0.0000000
1104	0.0000000
1105	0.0000000
1106	0.0000000
1107	0.0000000
1108	0.0000000
1109	0.0000000
1110	-0.0000000
1111	-0.0000050
1112	-0.0000506
1113	-0.0001572
1114	-0.0002471
1115	-0.0005483
1116	-0.0007221
1117	-0.0005164
1118	-0.0008447
1119	-0.0016468
1120	-0.0017211
1121	-0.0013142
1122	-0.0006948
1123	-0.0004531
1124	-0.0000211
1125	-0.0000111
1126	-0.0000000
1127	0.0000000
1128	0.0000000
1129	0.0000000
1130	0.0000000
1131	0.0000000
1132	0.0000000
1133	0.0000000
1134	0.0000000
1135	-0.0000011
1136	-0.0000139
1137	-0.0003264
1138	-0.0008015
1139	-0.0007840
1140	-0.0003880
1141	-0.0007829
1142	-0.0008788
1143	-0.0007024
1144	-0.0008059
1145	-0.0000157
1146	-0.0000235
1147	-0.0000222
1148	-0.0000014
1149	0.0000000
1150	0.0000000
1151	-0.0000003
1152	0.0000000
1153	0.0000000
1154	0.0000000
1155	0.0000000
1156	0.0000000
1157	0.0000000
1158	0.0000000
1159	-0.0000065
1160	-0.0000779
1161	-0.0003906
1162	-0.0010900
1163	-0.0017783
1164	-0.0021177
1165	-0.0023608
1166	-0.0024146
1167	-0.0022999
1168	-0.0021950
1169	-0.0018862
1170	-0.0014161
1171	-0.0008479
1172	-0.0002384
1173	-0.0000020
1174	0.0000000
1175	0.0000000
1176	0.0000000
1177	0.0000000
1178	0.0000000
1179	0.0000000
1180	0.0000000
1181	0.0000000
1182	0.0000000
1183	-0.0000004
1184	-0.0000767
1185	-0.0006159
1186	-0.0015446
1187	-0.0020251
1188	-0.0024317
1189	-0.0025946
1190	-0.0027976
1191	-0.0027403
1192	-0.0024718
1193	-0.0020437
1194	-0.0013195
1195	-0.0006793
1196	-0.0002093
1197	-0.0000153
1198	-0.0000026
1199	-0.0000000
1200	0.0000000
1201	0.0000000
1202	0.0000000
1203	0.0000000
1204	0.0000000
1205	-0.0000000
1206	-0.0000003
1207	-0.0000180
1208	-0.0002949
1209	-0.0010876
1210	-0.0016064
1211	-0.0020829
1212	-0.0024247
1213	-0.0027034
1214	-0.0028303
1215	-0.0025730
1216	-0.0024139
1217	-0.0015044
1218	-0.0009526
1219	-0.0007261
1220	-0.0002675
1221	-0.0000123
1222	-0.0000116
1223	-0.0000109
1224	-0.0000000
1225	0.0000000
1226	0.0000000
1227	0.0000000
1228	0.0000000
1229	0.0000000
1230	-0.0000001
1231	-0.0000127
1232	-0.0000462
1233	-0.0002126
1234	-0.0002853
1235	-0.0012864
1236	-0.0018590
1237	-0.0017020
1238	-0.0023731
1239	-0.0022917
1240	-0.0021722
1241	-0.0017766
1242	-0.0014428
1243	-0.0009489
1244	-0.0002938
1245	-0.0000194
1246	-0.0000049
1247	0.0000000
1248	0.0000000
1249	0.0000000
1250	0.0000000
1251	0.0000000
1252	0.0000000
1253	0.0000000
1254	0.0000000
1255	-0.0000006
1256	-0.0001034
1257	-0.0007033
1258	-0.0014387
1259	-0.0018295
1260	-0.0021336
1261	-0.0022525
1262	-0.0021135
1263	-0.0021666
1264	-0.0021011
1265	-0.0018478
1266	-0.0014144
1267	-0.0007437
1268	-0.0001377
1269	-0.0000056
1270	-0.0000056
1271	-0.0000054
1272	0.0000000
1273	0.0000000
1274	0.0000000
1275	0.0000000
1276	0.0000000
1277	0.0000000
1278	0.0000000
1279	-0.0000001
1280	-0.0001236
1281	-0.0005708
1282	-0.0012509
1283	-0.0016422
1284	-0.0018445
1285	-0.0017698
1286	-0.0017842
1287	-0.0015278
1288	-0.0017606
1289	-0.0014445
1290	-0.0012378
1291	-0.0006198
1292	-0.0001435
1293	-0.0000048
1294	-0.0000029
1295	-0.0000025
1296	0.0000000
1297	0.0000000
1298	0.0000000
1299	0.0000000
1300	0.0000000
1301	0.0000000
1302	-0.0000000
1303	-0.0000000
1304	-0.0000002
1305	-0.0000872
1306	-0.0002607
1307	-0.0004424
1308	-0.0008345
1309	-0.0004619
1310	-0.0002250
1311	-0.0003373
1312	-0.0003226
1313	-0.0003258
1314	-0.0003258
1315	-0.0000974
1316	-0.0000389
1317	-0.0000000
1318	0.0000000
1319	0.0000000
1320	0.0000000
1321	0.0000000
1322	0.0000000
1323	0.0000000
1324	0.0000000
1325	0.0000000
1326	-0.0000000
1327	-0.0000019
1328	-0.0000332
1329	-0.0003522
1330	-0.0006822
1331	-0.0013201
1332	-0.0012749
1333	-0.0015832
1334	-0.0012060
1335	-0.0002255
1336	-0.0005461
1337	-0.0013189
1338	-0.0008385
1339	-0.0004119
1340	-0.0000626
1341	-0.0000008
1342	0.0000000
1343	0.0000000
1344	0.0000000
1345	0.0000000
1346	0.0000000
1347	0.0000000
1348	0.0000000
1349	0.0000000
1350	-0.0000006
1351	-0.0000123
1352	-0.0000023
1353	-0.0000084
1354	-0.0000573
1355	-0.0002013
1356	-0.0001236
1357	-0.0000056
1358	0.0000000
1359	0.0000000
1360	-0.0000284
1361	-0.0001935
1362	-0.0004924
1363	-0.0002625
1364	-0.0000150
1365	-0.0000012
1366	-0.0000014
1367	0.0000000
1368	0.0000000
1369	0.0000000
1370	0.0000000
1371	0.0000000
1372	0.0000000
1373	-0.0000000
1374	-0.0000005
1375	-0.0000147
1376	-0.0000423
1377	-0.0001912
1378	-0.0007622
1379	-0.0013642
1380	-0.0009997
1381	-0.0014776
1382	-0.0006192
1383	-0.0015352
1384	-0.0018122
1385	-0.0017012
1386	-0.0012138
1387	-0.0005860
1388	-0.0000122
1389	0.0000000
1390	0.0000000
1391	0.0000000
1392	0.0000000
1393	0.0000000
1394	0.0000000
1395	0.0000000
1396	0.0000000
1397	-0.0000000
1398	-0.0000001
1399	-0.0000170
1400	-0.0001322
1401	-0.0008738
1402	-0.0015624
1403	-0.0021272
1404	-0.0022358
1405	-0.0022419
1406	-0.0017005
1407	-0.0019419
1408	-0.0019708
1409	-0.0018094
1410	-0.0013164
1411	-0.0007110
1412	-0.0001428
1413	-0.0000047
1414	-0.0000018
1415	0.0000000
1416	0.0000000
1417	0.0000000
1418	0.0000000
1419	0.0000000
1420	0.0000000
1421	0.0000000
1422	-0.0000000
1423	-0.0000055
1424	-0.0002047
1425	-0.0009824
1426	-0.0014625
1427	-0.0017373
1428	-0.0018189
1429	-0.0017968
1430	-0.0018532
1431	-0.0000014
1432	0.0000000
1433	-0.0001946
1434	-0.0011797
1435	-0.0008217
1436	-0.0002158
1437	-0.0000066
1438	-0.0000051
1439	-0.0000047
1440	0.0000000
1441	0.0000000
1442	0.0000000
1443	0.0000000
1444	0.0000000
1445	0.0000000
1446	-0.0000000
1447	-0.0000017
1448	-0.0000645
1449	-0.0004856
1450	-0.0013722
1451	-0.0016297
1452	-0.0018189
1453	-0.0017528
1454	-0.0019628
1455	-0.0018899
1456	-0.0017117
1457	-0.0015086
1458	-0.0012051
1459	-0.0007502
1460	-0.0001448
1461	-0.0000059
1462	-0.0000040
1463	-0.0000033
1464	0.0000000
1465	0.0000000
1466	0.0000000
1467	0.0000000
1468	0.0000000
1469	0.0000000
1470	-0.0000000
1471	-0.0000016
1472	-0.0000718
1473	-0.0004583
1474	-0.0011851
1475	-0.0015120
1476	-0.0018609
1477	-0.0021127
1478	-0.0021828
1479	-0.0022560
1480	-0.0018486
1481	-0.0012329
1482	-0.0010377
1483	-0.0003498
1484	-0.0000474
1485	-0.0000029
1486	-0.0000044
1487	-0.0000000
1488	0.0000000
1489	0.0000000
1490	0.0000000
1491	0.0000000
1492	0.0000000
1493	0.0000000
1494	0.0000000
1495	0.0000000
1496	0.0000000
1497	-0.0000136
1498	-0.0003105
1499	-0.0011077
1500	-0.0011614
1501	-0.0018472
1502	-0.0022405
1503	-0.0021035
1504	-0.0019334
1505	-0.0016197
1506	-0.0011412
1507	-0.0004634
1508	-0.0000508
1509	-0.0000004
1510	0.0000000
1511	0.0000000
1512	0.0000000
1513	0.0000000
1514	0.0000000
1515	0.0000000
1516	0.0000000
1517	0.0000000
1518	0.0000000
1519	-0.0000001
1520	-0.0000002
1521	0.0000000
1522	0.0000000
1523	0.0000000
1524	-0.0000148
1525	-0.0005992
1526	-0.0017327
1527	-0.0018646
1528	-0.0014636
1529	-0.0013176
1530	-0.0009445
1531	-0.0004335
1532	-0.0000484
1533	-0.0000007
1534	0.0000000
1535	0.0000000
1536	0.0000000
1537	0.0000000
1538	0.0000000
1539	0.0000000
1540	0.0000000
1541	0.0000000
1542	-0.0000000
1543	-0.0000059
1544	-0.0000792
1545	-0.0004024
1546	-0.0012070
1547	-0.0017686
1548	-0.0021540
1549	-0.0023797
1550	-0.0023703
1551	-0.0022619
1552	-0.0019527
1553	-0.0013256
1554	-0.0006447
1555	-0.0002242
1556	-0.0000065
1557	-0.0000015
1558	0.0000000
1559	0.0000000
1560	0.0000000
1561	0.0000000
1562	0.0000000
1563	0.0000000
1564	0.0000000
1565	0.0000000
1566	0.0000000
1567	-0.0000054
1568	-0.0001013
1569	-0.0004650
1570	-0.0011681
1571	-0.0017841
1572	-0.0013050
1573	-0.0007242
1574	-0.0007282
1575	-0.0006490
1576	-0.0004746
1577	-0.0002625
1578	-0.0001320
1579	-0.0000540
1580	-0.0000009
1581	-0.0000000
1582	-0.0000001
1583	0.0000000
1584	0.0000000
1585	0.0000000
1586	0.0000000
1587	0.0000000
1588	0.0000000
1589	0.0000000
1590	-0.0000000
1591	-0.0000067
1592	-0.0000448
1593	-0.0002097
1594	-0.0008463
1595	-0.0016466
1596	-0.0020791
1597	-0.0022981
1598	-0.0023662
1599	-0.0022027
1600	-0.0018618
1601	-0.0017785
1602	-0.0010261
1603	-0.0003977
1604	-0.0000679
1605	-0.0000013
1606	-0.0000000
1607	0.0000000
1608	0.0000000
1609	0.0000000
1610	0.0000000
1611	0.0000000
1612	0.0000000
1613	0.0000000
1614	-0.0000000
1615	-0.0000014
1616	-0.0001430
1617	-0.0007041
1618	-0.0013411
1619	-0.0017975
1620	-0.0021453
1621	-0.0023231
1622	-0.0015101
1623	-0.0013083
1624	-0.0017563
1625	-0.0014789
1626	-0.0009770
1627	-0.0004869
1628	-0.0000439
1629	-0.0000064
1630	-0.0000049
1631	-0.0000031
1632	-0.0000000
1633	0.0000000
1634	0.0000000
1635	0.0000000
1636	0.0000000
1637	0.0000000
1638	0.0000000
1639	0.0000000
1640	-0.0000030
1641	-0.0000002
1642	0.0000000
1643	-0.0001208
1644	-0.0012171
1645	-0.0019938
1646	-0.0020987
1647	-0.0019027
1648	-0.0020043
1649	-0.0017465
1650	-0.0012361
1651	-0.0005183
1652	-0.0000982
1653	-0.0000019
1654	-0.0000012
1655	-0.0000002
1656	0.0000000
1657	0.0000000
1658	0.0000000
1659	0.0000000
1660	0.0000000
1661	0.0000000
1662	0.0000000
1663	-0.0000001
1664	-0.0000436
1665	-0.0006393
1666	-0.0014335
1667	-0.0016972
1668	-0.0021332
1669	-0.0021801
1670	-0.0021794
1671	-0.0014976
1672	-0.0012125
1673	-0.0009767
1674	-0.0007672
1675	-0.0004007
1676	-0.0000486
1677	-0.0000064
1678	-0.0000004
1679	0.0000000
1680	0.0000000
1681	0.0000000
1682	0.0000000
1683	0.0000000
1684	0.0000000
1685	0.0000000
1686	-0.0000000
1687	-0.0000187
1688	-0.0004342
1689	-0.0008770
1690	-0.0011433
1691	-0.0011610
1692	-0.0014081
1693	-0.0012918
1694	-0.0014845
1695	-0.0016756
1696	-0.0014027
1697	-0.0015336
1698	-0.0011933
1699	-0.0000100
1700	0.0000000
1701	0.0000000
1702	0.0000000
1703	0.0000000
1704	0.0000000
1705	0.0000000
1706	0.0000000
1707	0.0000000
1708	0.0000000
1709	-0.0000000
1710	-0.0000000
1711	-0.0000085
1712	-0.0001979
1713	-0.0009491
1714	-0.0013258
1715	-0.0014759
1716	-0.0015179
1717	-0.0014070
1718	-0.0015183
1719	-0.0014154
1720	-0.0011954
1721	-0.0011736
1722	-0.0009299
1723	-0.0002956
1724	-0.0000561
1725	-0.0000032
1726	-0.0000029
1727	-0.0000033
1728	-0.0000000
1729	0.0000000
1730	0.0000000
1731	0.0000000
1732	0.0000000
1733	0.0000000
1734	-0.0000000
1735	-0.0000021
1736	-0.0000588
1737	-0.0006039
1738	-0.0011971
1739	-0.0015408
1740	-0.0018334
1741	-0.0019852
1742	-0.0021033
1743	-0.0018841
1744	-0.0015093
1745	-0.0012774
1746	-0.0008841
1747	-0.0002075
1748	-0.0000146
1749	-0.0000011
1750	-0.0000011
1751	-0.0000009
1752	0.0000000
1753	0.0000000
1754	0.0000000
1755	0.0000000
1756	0.0000000
1757	0.0000000
1758	0.0000000
1759	0.0000000
1760	-0.0000006
1761	-0.0000126
1762	-0.0001046
1763	-0.0007713
1764	-0.0014594
1765	-0.0017384
1766	-0.0018583
1767	-0.0018240
1768	-0.0016376
1769	-0.0013554
1770	-0.0007214
1771	-0.0001682
1772	-0.0000418
1773	-0.0000011
1774	-0.0000000
1775	-0.0000007
1776	0.0000000
1777	0.0000000
1778	0.0000000
1779	0.0000000
1780	0.0000000
1781	0.0000000
1782	0.0000000
1783	-0.0000008
1784	-0.0000151
1785	-0.0000594
1786	-0.0000005
1787	-0.0000011
1788	-0.0002153
1789	-0.0009811
1790	-0.0012594
1791	-0.0012119
1792	-0.0007416
1793	-0.0009383
1794	-0.0005849
1795	-0.0001019
1796	-0.0000030
1797	-0.0000000
1798	0.0000000
1799	0.0000000
1800	0.0000000
1801	0.0000000
1802	0.0000000
1803	0.0000000
1804	0.0000000
1805	0.0000000
1806	0.0000000
1807	-0.0000001
1808	-0.0000056
1809	-0.0000746
1810	-0.0002023
1811	-0.0003823
1812	-0.0004714
1813	-0.0001544
1814	-0.0001562
1815	-0.0004202
1816	-0.0007188
1817	-0.0008863
1818	-0.0005526
1819	-0.0001295
1820	-0.0000113
1821	-0.0000027
1822	-0.0000019
1823	0.0000000
1824	0.0000000
1825	0.0000000
1826	0.0000000
1827	0.0000000
1828	0.0000000
1829	-0.0000000
1830	-0.0000000
1831	-0.0000020
1832	-0.0000289
1833	-0.0001750
1834	-0.0004464
1835	-0.0009857
1836	-0.0013921
1837	-0.0016529
1838	-0.0017808
1839	-0.0018209
1840	-0.0016066
1841	-0.0011489
1842	-0.0004593
1843	-0.0001180
1844	-0.0000153
1845	-0.0000028
1846	-0.0000030
1847	-0.0000021
1848	0.0000000
1849	0.0000000
1850	0.0000000
1851	0.0000000
1852	0.0000000
1853	0.0000000
1854	0.0000000
1855	-0.0000003
1856	-0.0000265
1857	-0.0001003
1858	-0.0002721
1859	-0.0005728
1860	-0.0005712
1861	-0.0005763
1862	-0.0006258
1863	-0.0005938
1864	-0.0005911
1865	-0.0005047
1866	-0.0002755
1867	-0.0000939
1868	-0.0000094
1869	-0.0000025
1870	-0.0000032
1871	-0.0000033
1872	0.0000000
1873	0.0000000
1874	0.0000000
1875	0.0000000
1876	0.0000000
1877	0.0000000
1878	0.0000000
1879	-0.0000003
1880	-0.0000073
1881	-0.0001022
1882	-0.0004754
1883	-0.0010687
1884	-0.0011013
1885	-0.0013534
1886	-0.0016982
1887	-0.0018157
1888	-0.0013834
1889	-0.0013476
1890	-0.0007778
1891	-0.0001561
1892	-0.0000074
1893	-0.0000007
1894	-0.0000044
1895	-0.0000000
1896	0.0000000
1897	0.0000000
1898	0.0000000
1899	0.0000000
1900	0.0000000
1901	-0.0000000
1902	-0.0000000
1903	-0.0000095
1904	-0.0001587
1905	-0.0005895
1906	-0.0009364
1907	-0.0010922
1908	-0.0011457
1909	-0.0011828
1910	-0.0013320
1911	-0.0009327
1912	-0.0008436
1913	-0.0007348
1914	-0.0006101
1915	-0.0001957
1916	-0.0000209
1917	-0.0000049
1918	-0.0000034
1919	-0.0000023
1920	0.0000000
1921	0.0000000
1922	0.0000000
1923	0.0000000
1924	0.0000000
1925	0.0000000
1926	0.0000000
1927	-0.0000000
1928	-0.0000076
1929	-0.0002694
1930	-0.0009319
1931	-0.0011876
1932	-0.0011901
1933	-0.0016121
1934	-0.0017870
1935	-0.0017575
1936	-0.0015620
1937	-0.0013205
1938	-0.0007889
1939	-0.0002611
1940	-0.0000482
1941	-0.0000038
1942	-0.0000033
1943	-0.0000013
1944	0.0000000
1945	0.0000000
1946	0.0000000
1947	0.0000000
1948	0.0000000
1949	0.0000000
1950	-0.0000000
1951	-0.0000015
1952	-0.0000380
1953	-0.0005490
1954	-0.0011426
1955	-0.0015062
1956	-0.0017165
1957	-0.0020014
1958	-0.0021370
1959	-0.0020971
1960	-0.0019184
1961	-0.0015623
1962	-0.0009721
1963	-0.0002854
1964	-0.0000283
1965	-0.0000032
1966	-0.0000045
1967	-0.0000000
1968	0.0000000
1969	0.0000000
1970	0.0000000
1971	0.0000000
1972	0.0000000
1973	-0.0000000
1974	-0.0000001
1975	-0.0000056
1976	-0.0001384
1977	-0.0008726
1978	-0.0014561
1979	-0.0019568
1980	-0.0023620
1981	-0.0024708
1982	-0.0025031
1983	-0.0024178
1984	-0.0022310
1985	-0.0017313
1986	-0.0010612
1987	-0.0003889
1988	-0.0000239
1989	-0.0000029
1990	-0.0000000
