TIME_UNITS h
DATA_UNITS kg/s
0	-0.0000011
1	-0.0000029
2	-0.0000035
3	-0.0000017
4	-0.0000011
5	-0.0000004
6	-0.0000052
7	-0.0000696
8	-0.0004258
9	-0.0008821
10	-0.0014063
11	-0.0019461
12	-0.0021489
13	-0.0023058
14	-0.0024596
15	-0.0025145
16	-0.0024581
17	-0.0022229
18	-0.0018155
19	-0.0011478
20	-0.0003970
21	-0.0000447
22	-0.0000043
23	-0.0000020
24	-0.0000023
25	-0.0000016
26	-0.0000007
27	-0.0000007
28	0.0000000
29	0.0000000
30	0.0000000
31	0.0000000
32	-0.0003175
33	-0.0010278
34	-0.0018052
35	-0.0023819
36	-0.0026277
37	-0.0027533
38	-0.0024955
39	-0.0019830
40	-0.0016991
41	-0.0007149
42	-0.0003430
43	-0.0002511
44	-0.0000651
45	-0.0000003
46	0.0000000
47	0.0000000
48	0.0000000
49	0.0000000
50	0.0000000
51	0.0000000
52	0.0000000
53	0.0000000
54	0.0000000
55	0.0000000
56	0.0000000
57	-0.0000001
58	-0.0000171
59	-0.0002364
60	-0.0015712
61	-0.0016869
62	-0.0024427
63	-0.0024304
64	-0.0000021
65	0.0000000
66	-0.0000426
67	-0.0001921
68	-0.0000623
69	-0.0000022
70	-0.0000000
71	-0.0000017
72	-0.0000010
73	-0.0000013
74	-0.0000004
75	-0.0000001
76	-0.0000011
77	-0.0000010
78	-0.0000302
79	-0.0002375
80	-0.0002531
81	-0.0004777
82	-0.0008165
83	-0.0010391
84	-0.0011105
85	-0.0015666
86	-0.0019459
87	-0.0020466
88	-0.0016455
89	-0.0015848
90	-0.0011484
91	-0.0005102
92	-0.0001687
93	-0.0000143
94	-0.0000027
95	0.0000000
96	0.0000000
97	0.0000000
98	0.0000000
99	0.0000000
100	0.0000000
101	0.0000000
102	0.0000000
103	-0.0000448
104	-0.0004153
105	-0.0013026
106	-0.0019038
107	-0.0025214
108	-0.0024022
109	-0.0021343
110	-0.0015232
111	-0.0000062
112	0.0000000
113	-0.0000127
114	-0.0000855
115	-0.0000002
116	-0.0000000
117	0.0000000
118	0.0000000
119	0.0000000
120	0.0000000
121	-0.0000000
122	0.0000000
123	-0.0000001
124	-0.0000003
125	-0.0000002
126	-0.0000014
127	0.0000000
128	-0.0000174
129	-0.0001240
130	-0.0002597
131	-0.0003662
132	-0.0005094
133	-0.0005061
134	-0.0004500
135	-0.0004199
136	-0.0007060
137	-0.0008787
138	-0.0007913
139	-0.0005824
140	-0.0001048
141	-0.0000029
142	0.0000000
143	0.0000000
144	0.0000000
145	0.0000000
146	-0.0000000
147	-0.0000000
148	-0.0000001
149	0.0000000
150	-0.0000004
151	-0.0000601
152	-0.0002611
153	-0.0012221
154	-0.0021389
155	-0.0023660
156	-0.0031336
157	-0.0020749
158	-0.0022222
159	-0.0018512
160	-0.0011889
161	-0.0010693
162	-0.0009782
163	-0.0004529
164	-0.0001759
165	-0.0000306
166	-0.0000066
167	-0.0000051
168	0.0000000
169	0.0000000
170	0.0000000
171	0.0000000
172	-0.0000000
173	-0.0000000
174	-0.0000076
175	-0.0000552
176	-0.0002028
177	-0.0003890
178	-0.0004227
179	-0.0008264
180	-0.0015447
181	-0.0017122
182	-0.0016674
183	-0.0014159
184	-0.0005562
185	-0.0006663
186	-0.0008434
187	-0.0006065
188	-0.0001218
189	-0.0000004
190	0.0000000
191	0.0000000
192	0.0000000
193	0.0000000
194	0.0000000
195	0.0000000
196	0.0000000
197	-0.0000000
198	-0.0000001
199	-0.0000281
200	-0.0001568
201	-0.0004372
202	-0.0006930
203	-0.0011747
204	-0.0014290
205	-0.0012347
206	-0.0011724
207	-0.0012200
208	-0.0004509
209	-0.0007467
210	-0.0006229
211	-0.0000090
212	-0.0000006
213	-0.0000000
214	-0.0000000
215	0.0000000
216	0.0000000
217	0.0000000
218	0.0000000
219	0.0000000
220	0.0000000
221	0.0000000
222	0.0000000
223	-0.0000001
224	-0.0000007
225	-0.0000038
226	-0.0000004
227	-0.0000012
228	-0.0000052
229	-0.0000672
230	-0.0002120
231	-0.0003435
232	-0.0005955
233	-0.0007185
234	-0.0005236
235	-0.0002882
236	-0.0000596
237	0.0000000
238	0.0000000
239	0.0000000
240	0.0000000
241	0.0000000
242	0.0000000
243	0.0000000
244	0.0000000
245	0.0000000
246	0.0000000
247	-0.0000009
248	-0.0002500
249	-0.0010201
250	-0.0019637
251	-0.0024688
252	-0.0029144
253	-0.0032496
254	-0.0033406
255	-0.0032553
256	-0.0028338
257	-0.0025573
258	-0.0020183
259	-0.0012637
260	-0.0003150
261	-0.0000151
262	-0.0000018
263	0.0000000
264	0.0000000
265	0.0000000
266	0.0000000
267	0.0000000
268	0.0000000
269	-0.0000000
270	-0.0000002
271	-0.0000338
272	-0.0004382
273	-0.0008016
274	-0.0012175
275	-0.0021468
276	-0.0032986
277	-0.0034385
278	-0.0034642
279	-0.0035732
280	-0.0031230
281	-0.0028834
282	-0.0021390
283	-0.0010145
284	-0.0002882
285	-0.0000600
286	-0.0000187
287	-0.0000000
288	0.0000000
289	0.0000000
290	0.0000000
291	0.0000000
292	0.0000000
293	-0.0000000
294	-0.0000021
295	-0.0001102
296	-0.0010068
297	-0.0016687
298	-0.0025012
299	-0.0029731
300	-0.0032283
301	-0.0032255
302	-0.0027569
303	-0.0025904
304	-0.0027618
305	-0.0013560
306	-0.0015802
307	-0.0008185
308	-0.0002376
309	-0.0000064
310	0.0000000
311	0.0000000
312	0.0000000
313	0.0000000
314	0.0000000
315	0.0000000
316	0.0000000
317	0.0000000
318	0.0000000
319	-0.0000247
320	-0.0002454
321	-0.0008987
322	-0.0018984
323	-0.0025515
324	-0.0029295
325	-0.0031857
326	-0.0031858
327	-0.0031627
328	-0.0029944
329	-0.0024855
330	-0.0018579
331	-0.0009954
332	-0.0003065
333	-0.0000263
334	0.0000000
335	0.0000000
336	0.0000000
337	0.0000000
338	0.0000000
339	0.0000000
340	0.0000000
341	0.0000000
342	0.0000000
343	-0.0000434
344	-0.0003540
345	-0.0009239
346	-0.0017038
347	-0.0025254
348	-0.0030749
349	-0.0033675
350	-0.0034761
351	-0.0034433
352	-0.0031997
353	-0.0025295
354	-0.0014059
355	-0.0009562
356	-0.0002744
357	-0.0000298
358	-0.0000073
359	-0.0000000
360	0.0000000
361	0.0000000
362	0.0000000
363	0.0000000
364	0.0000000
365	0.0000000
366	0.0000000
367	0.0000000
368	0.0000000
369	-0.0000094
370	-0.0001507
371	-0.0009505
372	-0.0010929
373	-0.0010765
374	-0.0007769
375	-0.0013704
376	-0.0016300
377	-0.0017810
378	-0.0015222
379	-0.0008665
380	-0.0001980
381	-0.0000113
382	-0.0000018
383	-0.0000000
384	0.0000000
385	0.0000000
386	0.0000000
387	0.0000000
388	0.0000000
389	0.0000000
390	0.0000000
391	-0.0000172
392	-0.0001233
393	-0.0000589
394	-0.0000770
395	-0.0001686
396	-0.0003973
397	-0.0003940
398	-0.0001289
399	-0.0001594
400	-0.0006660
401	-0.0018916
402	-0.0016524
403	-0.0010863
404	-0.0002549
405	-0.0000098
406	-0.0000053
407	-0.0000004
408	0.0000000
409	0.0000000
410	0.0000000
411	0.0000000
412	0.0000000
413	0.0000000
414	0.0000000
415	-0.0000086
416	-0.0001498
417	-0.0004816
418	-0.0007313
419	-0.0009506
420	-0.0010738
421	-0.0012707
422	-0.0014086
423	-0.0017860
424	-0.0020647
425	-0.0018493
426	-0.0014254
427	-0.0010470
428	-0.0003996
429	-0.0000119
430	-0.0000014
431	-0.0000006
432	0.0000000
433	0.0000000
434	0.0000000
435	0.0000000
436	0.0000000
437	0.0000000
438	0.0000000
439	-0.0000005
440	-0.0000018
441	-0.0000143
442	-0.0000113
443	-0.0000000
444	0.0000000
445	0.0000000
446	-0.0003125
447	-0.0018697
448	-0.0007985
449	-0.0000017
450	0.0000000
451	0.0000000
452	0.0000000
453	-0.0000000
454	-0.0000000
455	-0.0000003
456	-0.0000008
457	0.0000000
458	0.0000000
459	0.0000000
460	0.0000000
461	0.0000000
462	-0.0000005
463	-0.0000181
464	-0.0000852
465	-0.0002175
466	-0.0004926
467	-0.0007777
468	-0.0006991
469	-0.0006691
470	-0.0009793
471	-0.0005086
472	-0.0012553
473	-0.0013132
474	-0.0011466
475	-0.0007231
476	-0.0001046
477	-0.0000001
478	0.0000000
479	-0.0000018
480	0.0000000
481	0.0000000
482	0.0000000
483	0.0000000
484	0.0000000
485	0.0000000
486	-0.0000005
487	-0.0000064
488	-0.0000102
489	-0.0000012
490	-0.0000094
491	-0.0001704
492	-0.0003036
493	-0.0007699
494	-0.0010471
495	-0.0010625
496	-0.0013375
497	-0.0013730
498	-0.0012783
499	-0.0008996
500	-0.0004514
501	-0.0000399
502	-0.0000007
503	-0.0000015
504	-0.0000043
505	-0.0000017
506	-0.0000043
507	-0.0000078
508	-0.0000099
509	-0.0000085
510	-0.0001469
511	-0.0002745
512	-0.0005126
513	-0.0000054
514	0.0000000
515	-0.0001029
516	-0.0005870
517	-0.0013029
518	-0.0016774
519	-0.0016671
520	-0.0015234
521	-0.0014858
522	-0.0015159
523	-0.0011885
524	-0.0006118
525	-0.0000620
526	-0.0000045
527	-0.0000000
528	0.0000000
529	0.0000000
530	0.0000000
531	0.0000000
532	0.0000000
533	0.0000000
534	-0.0000002
535	-0.0000043
536	-0.0001954
537	-0.0009568
538	-0.0012304
539	-0.0013723
540	-0.0011817
541	-0.0016676
542	-0.0019671
543	-0.0019370
544	-0.0016983
545	-0.0014917
546	-0.0013361
547	-0.0010221
548	-0.0005030
549	-0.0000663
550	-0.0000060
551	-0.0000000
552	0.0000000
553	0.0000000
554	0.0000000
555	0.0000000
556	0.0000000
557	0.0000000
558	-0.0000000
559	-0.0000056
560	-0.0002550
561	-0.0010915
562	-0.0015393
563	-0.0015156
564	-0.0017378
565	-0.0021839
566	-0.0023550
567	-0.0024707
568	-0.0024242
569	-0.0021882
570	-0.0018267
571	-0.0013161
572	-0.0004794
573	-0.0000973
574	-0.0000000
575	0.0000000
576	0.0000000
577	0.0000000
578	0.0000000
579	0.0000000
580	-0.0000000
581	-0.0000000
582	-0.0000003
583	-0.0000154
584	-0.0002821
585	-0.0012718
586	-0.0019487
587	-0.0024873
588	-0.0029513
589	-0.0031292
590	-0.0031325
591	-0.0030875
592	-0.0026538
593	-0.0023999
594	-0.0018876
595	-0.0013806
596	-0.0003396
597	-0.0000329
598	-0.0000064
599	0.0000000
600	0.0000000
601	0.0000000
602	0.0000000
603	0.0000000
604	0.0000000
605	-0.0000000
606	-0.0000024
607	-0.0000667
608	-0.0007038
609	-0.0019046
610	-0.0025426
611	-0.0030315
612	-0.0034018
613	-0.0036592
614	-0.0038231
615	-0.0038052
616	-0.0036395
617	-0.0030734
618	-0.0021190
619	-0.0011438
620	-0.0003547
621	-0.0000735
622	-0.0000118
623	-0.0000163
624	-0.0000000
625	0.0000000
626	0.0000000
627	0.0000000
628	0.0000000
629	0.0000000
630	-0.0000007
631	-0.0000355
632	-0.0009529
633	-0.0022081
634	-0.0028216
635	-0.0034031
636	-0.0037175
637	-0.0038933
638	-0.0039219
639	-0.0040055
640	-0.0039385
641	-0.0033811
642	-0.0021527
643	-0.0012788
644	-0.0004590
645	-0.0000975
646	-0.0000210
647	-0.0000239
648	-0.0000000
649	0.0000000
650	0.0000000
651	0.0000000
652	0.0000000
653	-0.0000000
654	-0.0000020
655	-0.0000975
656	-0.0010316
657	-0.0023208
658	-0.0030633
659	-0.0033455
660	-0.0038188
661	-0.0042877
662	-0.0043176
663	-0.0041704
664	-0.0042988
665	-0.0036932
666	-0.0026438
667	-0.0017990
668	-0.0005438
669	-0.0000661
670	-0.0000215
671	-0.0000154
672	-0.0000000
673	0.0000000
674	0.0000000
675	0.0000000
676	0.0000000
677	0.0000000
678	0.0000000
679	-0.0000009
680	-0.0000007
681	-0.0000014
682	-0.0000651
683	-0.0005406
684	-0.0000610
685	-0.0001666
686	-0.0006013
687	-0.0010545
688	-0.0015338
689	-0.0011420
690	-0.0006972
691	-0.0002866
692	-0.0000301
693	-0.0000176
694	-0.0000000
695	0.0000000
696	0.0000000
697	0.0000000
698	0.0000000
699	0.0000000
700	-0.0000001
701	-0.0000001
702	-0.0000002
703	-0.0000010
704	-0.0002198
705	-0.0006956
706	-0.0007336
707	-0.0016464
708	-0.0018863
709	-0.0021518
710	-0.0016334
711	-0.0018637
712	-0.0024201
713	-0.0021079
714	-0.0015990
715	-0.0005478
716	-0.0000715
717	-0.0000087
718	-0.0000037
719	0.0000000
720	0.0000000
721	0.0000000
722	0.0000000
723	0.0000000
724	0.0000000
725	0.0000000
726	-0.0000005
727	-0.0000221
728	-0.0002994
729	-0.0006409
730	-0.0011535
731	-0.0024836
732	-0.0031037
733	-0.0031826
734	-0.0023230
735	-0.0023834
736	-0.0032338
737	-0.0025633
738	-0.0018874
739	-0.0009360
740	-0.0001218
741	-0.0000199
742	-0.0000050
743	0.0000000
744	0.0000000
745	0.0000000
746	0.0000000
747	0.0000000
748	0.0000000
749	-0.0000000
750	-0.0000004
751	-0.0000057
752	-0.0000229
753	-0.0000020
754	-0.0000023
755	-0.0003726
756	-0.0010468
757	-0.0016722
758	-0.0019182
759	-0.0023264
760	-0.0023869
761	-0.0025913
762	-0.0019568
763	-0.0012185
764	-0.0004161
765	-0.0000128
766	-0.0000060
767	0.0000000
768	0.0000000
769	0.0000000
770	0.0000000
771	0.0000000
772	0.0000000
773	0.0000000
774	0.0000000
775	-0.0000040
776	-0.0001864
777	-0.0006434
778	-0.0015996
779	-0.0024255
780	-0.0030982
781	-0.0030533
782	-0.0031120
783	-0.0032111
784	-0.0030648
785	-0.0029793
786	-0.0022604
787	-0.0013513
788	-0.0003137
789	-0.0000668
790	-0.0000085
791	0.0000000
792	0.0000000
793	0.0000000
794	0.0000000
795	0.0000000
796	0.0000000
797	0.0000000
798	0.0000000
799	-0.0000001
800	-0.0002667
801	-0.0012413
802	-0.0023498
803	-0.0030651
804	-0.0036102
805	-0.0037865
806	-0.0039061
807	-0.0038253
808	-0.0035648
809	-0.0030083
810	-0.0021187
811	-0.0007998
812	-0.0000192
813	-0.0000083
814	-0.0000082
815	-0.0000077
816	0.0000000
817	0.0000000
818	0.0000000
819	0.0000000
820	0.0000000
821	0.0000000
822	-0.0000002
823	-0.0000245
824	-0.0004192
825	-0.0019284
826	-0.0026218
827	-0.0031661
828	-0.0036772
829	-0.0040449
830	-0.0041506
831	-0.0040198
832	-0.0034170
833	-0.0024439
834	-0.0013632
835	-0.0005466
836	-0.0002740
837	-0.0000145
838	-0.0000035
839	-0.0000001
840	0.0000000
841	0.0000000
842	0.0000000
843	0.0000000
844	0.0000000
845	0.0000000
846	0.0000000
847	-0.0000340
848	-0.0001754
849	-0.0005699
850	-0.0016309
851	-0.0024402
852	-0.0028935
853	-0.0026902
854	-0.0024844
855	-0.0021617
856	-0.0024569
857	-0.0026263
858	-0.0022054
859	-0.0016607
860	-0.0007082
861	-0.0000603
862	-0.0000000
863	0.0000000
864	0.0000000
865	0.0000000
866	0.0000000
867	0.0000000
868	0.0000000
869	-0.0000000
870	-0.0000013
871	-0.0000122
872	-0.0000722
873	-0.0008134
874	-0.0019373
875	-0.0027496
876	-0.0034653
877	-0.0036493
878	-0.0037395
879	-0.0036777
880	-0.0034708
881	-0.0027349
882	-0.0015514
883	-0.0012532
884	-0.0001819
885	-0.0000176
886	-0.0000029
887	-0.0000021
888	0.0000000
889	0.0000000
890	0.0000000
891	0.0000000
892	0.0000000
893	0.0000000
894	0.0000000
895	0.0000000
896	-0.0001413
897	-0.0010857
898	-0.0024078
899	-0.0029918
900	-0.0035799
901	-0.0038483
902	-0.0040612
903	-0.0039390
904	-0.0026386
905	-0.0015756
906	-0.0013563
907	-0.0008610
908	-0.0000904
909	-0.0000558
910	-0.0000168
911	-0.0000151
912	-0.0000000
913	0.0000000
914	0.0000000
915	0.0000000
916	0.0000000
917	0.0000000
918	0.0000000
919	-0.0000016
920	-0.0000586
921	-0.0000240
922	-0.0001499
923	-0.0006468
924	-0.0000366
925	-0.0000300
926	-0.0003741
927	-0.0012800
928	-0.0018880
929	-0.0024285
930	-0.0020676
931	-0.0013089
932	-0.0003749
933	-0.0000322
934	-0.0000063
935	-0.0000040
936	0.0000000
937	0.0000000
938	0.0000000
939	0.0000000
940	0.0000000
941	0.0000000
942	-0.0000001
943	-0.0000101
944	-0.0002715
945	-0.0016078
946	-0.0022597
947	-0.0028783
948	-0.0033494
949	-0.0034104
950	-0.0035181
951	-0.0035494
952	-0.0033427
953	-0.0029088
954	-0.0023259
955	-0.0012382
956	-0.0004662
957	-0.0000370
958	-0.0000091
959	-0.0000054
960	-0.0000000
961	0.0000000
962	0.0000000
963	0.0000000
964	0.0000000
965	0.0000000
966	-0.0000000
967	-0.0000100
968	-0.0003504
969	-0.0017087
970	-0.0023832
971	-0.0028430
972	-0.0028801
973	-0.0024394
974	-0.0027238
975	-0.0029490
976	-0.0026753
977	-0.0024532
978	-0.0018402
979	-0.0011619
980	-0.0001946
981	-0.0000177
982	-0.0000023
983	-0.0000007
984	0.0000000
985	0.0000000
986	0.0000000
987	0.0000000
988	0.0000000
989	0.0000000
990	0.0000000
991	0.0000000
992	-0.0000001
993	-0.0000957
994	-0.0002583
995	-0.0001618
996	-0.0000979
997	-0.0001464
998	-0.0007608
999	-0.0008083
1000	-0.0003376
1001	-0.0000749
1002	-0.0000134
1003	-0.0000064
1004	-0.0000005
1005	0.0000000
1006	0.0000000
1007	0.0000000
1008	0.0000000
1009	0.0000000
1010	0.0000000
1011	0.0000000
1012	0.0000000
1013	0.0000000
1014	0.0000000
1015	-0.0000042
1016	-0.0000521
1017	-0.0003660
1018	-0.0016462
1019	-0.0021409
1020	-0.0027650
1021	-0.0027877
1022	-0.0027454
1023	-0.0028710
1024	-0.0024775
1025	-0.0015490
1026	-0.0007761
1027	-0.0002567
1028	-0.0001004
1029	-0.0000044
1030	0.0000000
1031	0.0000000
1032	0.0000000
1033	0.0000000
1034	0.0000000
1035	0.0000000
1036	0.0000000
1037	0.0000000
1038	0.0000000
1039	-0.0000009
1040	-0.0000944
1041	-0.0006217
1042	-0.0017877
1043	-0.0025867
1044	-0.0008671
1045	-0.0025457
1046	-0.0023992
1047	-0.0022072
1048	-0.0014956
1049	-0.0015429
1050	-0.0011916
1051	-0.0004473
1052	-0.0000970
1053	-0.0000005
1054	-0.0000000
1055	-0.0000001
1056	0.0000000
1057	0.0000000
1058	0.0000000
1059	0.0000000
1060	0.0000000
1061	0.0000000
1062	-0.0000001
1063	-0.0000203
1064	-0.0001776
1065	-0.0007023
1066	-0.0020660
1067	-0.0027029
1068	-0.0028792
1069	-0.0032949
1070	-0.0034093
1071	-0.0033694
1072	-0.0032170
1073	-0.0027441
1074	-0.0021375
1075	-0.0011760
1076	-0.0003667
1077	-0.0000247
1078	-0.0000011
1079	0.0000000
1080	0.0000000
1081	0.0000000
1082	0.0000000
1083	0.0000000
1084	0.0000000
1085	0.0000000
1086	0.0000000
1087	-0.0000032
1088	-0.0001314
1089	-0.0003232
1090	-0.0005239
1091	-0.0008311
1092	-0.0006542
1093	-0.0012472
1094	-0.0014607
1095	-0.0011112
1096	-0.0010202
1097	-0.0004599
1098	-0.0000255
1099	-0.0000026
1100	0.0000000
1101	0.0000000
1102	0.0000000
1103	0.0000000
1104	0.0000000
1105	0.0000000
1106	0.0000000
1107	0.0000000
1108	0.0000000
1109	0.0000000
1110	-0.0000000
1111	-0.0000071
1112	-0.0000724
1113	-0.0002248
1114	-0.0003534
1115	-0.0007841
1116	-0.0010327
1117	-0.0007384
1118	-0.0012079
1119	-0.0023551
1120	-0.0024613
1121	-0.0018794
1122	-0.0009937
1123	-0.0006480
1124	-0.0000301
1125	-0.0000158
1126	-0.0000000
1127	0.0000000
1128	0.0000000
1129	0.0000000
1130	0.0000000
1131	0.0000000
1132	0.0000000
1133	0.0000000
1134	0.0000000
1135	-0.0000016
1136	-0.0000198
1137	-0.0004667
1138	-0.0011462
1139	-0.0011212
1140	-0.0005549
1141	-0.0011196
1142	-0.0012568
1143	-0.0010045
1144	-0.0011525
1145	-0.0000225
1146	-0.0000337
1147	-0.0000317
1148	-0.0000020
1149	0.0000000
1150	0.0000000
1151	-0.0000004
1152	0.0000000
1153	0.0000000
1154	0.0000000
1155	0.0000000
1156	0.0000000
1157	0.0000000
1158	0.0000000
1159	-0.0000094
1160	-0.0001114
1161	-0.0005586
1162	-0.0015588
1163	-0.0025432
1164	-0.0030285
1165	-0.0033762
1166	-0.0034531
1167	-0.0032890
1168	-0.0031391
1169	-0.0026975
1170	-0.0020252
1171	-0.0012125
1172	-0.0003409
1173	-0.0000028
1174	0.0000000
1175	0.0000000
1176	0.0000000
1177	0.0000000
1178	0.0000000
1179	0.0000000
1180	0.0000000
1181	0.0000000
1182	0.0000000
1183	-0.0000005
1184	-0.0001098
1185	-0.0008807
1186	-0.0022090
1187	-0.0028960
1188	-0.0034775
1189	-0.0037106
1190	-0.0040008
1191	-0.0039189
1192	-0.0035349
1193	-0.0029227
1194	-0.0018870
1195	-0.0009714
1196	-0.0002993
1197	-0.0000218
1198	-0.0000037
1199	-0.0000000
1200	0.0000000
1201	0.0000000
1202	0.0000000
1203	0.0000000
1204	0.0000000
1205	-0.0000000
1206	-0.0000005
1207	-0.0000257
1208	-0.0004217
1209	-0.0015554
1210	-0.0022973
1211	-0.0029788
1212	-0.0034676
1213	-0.0038661
1214	-0.0040475
1215	-0.0036796
1216	-0.0034520
1217	-0.0021514
1218	-0.0013624
1219	-0.0010384
1220	-0.0003826
1221	-0.0000176
1222	-0.0000165
1223	-0.0000155
1224	-0.0000000
1225	0.0000000
1226	0.0000000
1227	0.0000000
1228	0.0000000
1229	0.0000000
1230	-0.0000002
1231	-0.0000181
1232	-0.0000660
1233	-0.0003041
1234	-0.0004080
1235	-0.0018397
1236	-0.0026585
1237	-0.0024340
1238	-0.0033937
1239	-0.0032773
1240	-0.0031064
1241	-0.0025407
1242	-0.0020634
1243	-0.0013571
1244	-0.0004202
1245	-0.0000278
1246	-0.0000070
1247	0.0000000
1248	0.0000000
1249	0.0000000
1250	0.0000000
1251	0.0000000
1252	0.0000000
1253	0.0000000
1254	0.0000000
1255	-0.0000008
1256	-0.0001479
1257	-0.0010058
1258	-0.0020575
1259	-0.0026163
1260	-0.0030512
1261	-0.0032213
1262	-0.0030225
1263	-0.0030985
1264	-0.0030048
1265	-0.0026425
1266	-0.0020226
1267	-0.0010636
1268	-0.0001970
1269	-0.0000080
1270	-0.0000080
1271	-0.0000077
1272	0.0000000
1273	0.0000000
1274	0.0000000
1275	0.0000000
1276	0.0000000
1277	0.0000000
1278	0.0000000
1279	-0.0000002
1280	-0.0001767
1281	-0.0008162
1282	-0.0017890
1283	-0.0023485
1284	-0.0026378
1285	-0.0025310
1286	-0.0025515
1287	-0.0021848
1288	-0.0025178
1289	-0.0020658
1290	-0.0017702
1291	-0.0008863
1292	-0.0002052
1293	-0.0000069
1294	-0.0000042
1295	-0.0000036
1296	0.0000000
1297	0.0000000
1298	0.0000000
1299	0.0000000
1300	0.0000000
1301	0.0000000
1302	-0.0000000
1303	-0.0000000
1304	-0.0000002
1305	-0.0001247
1306	-0.0003728
1307	-0.0006327
1308	-0.0011934
1309	-0.0006605
1310	-0.0003218
1311	-0.0004823
1312	-0.0004613
1313	-0.0004660
1314	-0.0004659
1315	-0.0001393
1316	-0.0000556
1317	-0.0000000
1318	0.0000000
1319	0.0000000
1320	0.0000000
1321	0.0000000
1322	0.0000000
1323	0.0000000
1324	0.0000000
1325	0.0000000
1326	-0.0000000
1327	-0.0000027
1328	-0.0000475
1329	-0.0005037
1330	-0.0009756
1331	-0.0018878
1332	-0.0018232
1333	-0.0022641
1334	-0.0017247
1335	-0.0003225
1336	-0.0007809
1337	-0.0018861
1338	-0.0011991
1339	-0.0005890
1340	-0.0000895
1341	-0.0000012
1342	0.0000000
1343	0.0000000
1344	0.0000000
1345	0.0000000
1346	0.0000000
1347	0.0000000
1348	0.0000000
1349	0.0000000
1350	-0.0000009
1351	-0.0000176
1352	-0.0000033
1353	-0.0000120
1354	-0.0000820
1355	-0.0002879
1356	-0.0001767
1357	-0.0000081
1358	0.0000000
1359	0.0000000
1360	-0.0000407
1361	-0.0002768
1362	-0.0007042
1363	-0.0003754
1364	-0.0000214
1365	-0.0000017
1366	-0.0000020
1367	0.0000000
1368	0.0000000
1369	0.0000000
1370	0.0000000
1371	0.0000000
1372	0.0000000
1373	-0.0000000
1374	-0.0000006
1375	-0.0000211
1376	-0.0000605
1377	-0.0002735
1378	-0.0010901
1379	-0.0019510
1380	-0.0014297
1381	-0.0021131
1382	-0.0008856
1383	-0.0021955
1384	-0.0025916
1385	-0.0024329
1386	-0.0017358
1387	-0.0008380
1388	-0.0000175
1389	0.0000000
1390	0.0000000
1391	0.0000000
1392	0.0000000
1393	0.0000000
1394	0.0000000
1395	0.0000000
1396	0.0000000
1397	-0.0000000
1398	-0.0000002
1399	-0.0000243
1400	-0.0001891
1401	-0.0012496
1402	-0.0022344
1403	-0.0030420
1404	-0.0031974
1405	-0.0032060
1406	-0.0024319
1407	-0.0027770
1408	-0.0028184
1409	-0.0025876
1410	-0.0018826
1411	-0.0010168
1412	-0.0002043
1413	-0.0000068
1414	-0.0000025
1415	0.0000000
1416	0.0000000
1417	0.0000000
1418	0.0000000
1419	0.0000000
1420	0.0000000
1421	0.0000000
1422	-0.0000000
1423	-0.0000079
1424	-0.0002927
1425	-0.0014049
1426	-0.0020915
1427	-0.0024844
1428	-0.0026011
1429	-0.0025696
1430	-0.0026502
1431	-0.0000020
1432	0.0000000
1433	-0.0002783
1434	-0.0016871
1435	-0.0011750
1436	-0.0003086
1437	-0.0000094
1438	-0.0000073
1439	-0.0000067
1440	0.0000000
1441	0.0000000
1442	0.0000000
1443	0.0000000
1444	0.0000000
1445	0.0000000
1446	-0.0000000
1447	-0.0000024
1448	-0.0000922
1449	-0.0006944
1450	-0.0019624
1451	-0.0023305
1452	-0.0026011
1453	-0.0025066
1454	-0.0028070
1455	-0.0027027
1456	-0.0024478
1457	-0.0021575
1458	-0.0017235
1459	-0.0010728
1460	-0.0002071
1461	-0.0000084
1462	-0.0000057
1463	-0.0000047
1464	0.0000000
1465	0.0000000
1466	0.0000000
1467	0.0000000
1468	0.0000000
1469	0.0000000
1470	-0.0000000
1471	-0.0000023
1472	-0.0001027
1473	-0.0006554
1474	-0.0016948
1475	-0.0021623
1476	-0.0026613
1477	-0.0030214
1478	-0.0031216
1479	-0.0032263
1480	-0.0026436
1481	-0.0017632
1482	-0.0014840
1483	-0.0005002
1484	-0.0000678
1485	-0.0000042
1486	-0.0000063
1487	-0.0000000
1488	0.0000000
1489	0.0000000
1490	0.0000000
1491	0.0000000
1492	0.0000000
1493	0.0000000
1494	0.0000000
1495	0.0000000
1496	0.0000000
1497	-0.0000195
1498	-0.0004440
1499	-0.0015842
1500	-0.0016610
1501	-0.0026417
1502	-0.0032041
1503	-0.0030082
1504	-0.0027649
1505	-0.0023163
1506	-0.0016320
1507	-0.0006628
1508	-0.0000726
1509	-0.0000005
1510	0.0000000
1511	0.0000000
1512	0.0000000
1513	0.0000000
1514	0.0000000
1515	0.0000000
1516	0.0000000
1517	0.0000000
1518	0.0000000
1519	-0.0000001
1520	-0.0000003
1521	0.0000000
1522	0.0000000
1523	0.0000000
1524	-0.0000211
1525	-0.0008570
1526	-0.0024779
1527	-0.0026665
1528	-0.0020931
1529	-0.0018843
1530	-0.0013506
1531	-0.0006200
1532	-0.0000692
1533	-0.0000010
1534	0.0000000
1535	0.0000000
1536	0.0000000
1537	0.0000000
1538	0.0000000
1539	0.0000000
1540	0.0000000
1541	0.0000000
1542	-0.0000000
1543	-0.0000084
1544	-0.0001133
1545	-0.0005755
1546	-0.0017261
1547	-0.0025293
1548	-0.0030804
1549	-0.0034031
1550	-0.0033897
1551	-0.0032347
1552	-0.0027925
1553	-0.0018957
1554	-0.0009219
1555	-0.0003207
1556	-0.0000094
1557	-0.0000022
1558	0.0000000
1559	0.0000000
1560	0.0000000
1561	0.0000000
1562	0.0000000
1563	0.0000000
1564	0.0000000
1565	0.0000000
1566	0.0000000
1567	-0.0000078
1568	-0.0001448
1569	-0.0006649
1570	-0.0016705
1571	-0.0025514
1572	-0.0018663
1573	-0.0010357
1574	-0.0010414
1575	-0.0009281
1576	-0.0006787
1577	-0.0003753
1578	-0.0001888
1579	-0.0000772
1580	-0.0000013
1581	-0.0000000
1582	-0.0000001
1583	0.0000000
1584	0.0000000
1585	0.0000000
1586	0.0000000
1587	0.0000000
1588	0.0000000
1589	0.0000000
1590	-0.0000000
1591	-0.0000096
1592	-0.0000640
1593	-0.0002998
1594	-0.0012102
1595	-0.0023548
1596	-0.0029732
1597	-0.0032865
1598	-0.0033838
1599	-0.0031501
1600	-0.0026625
1601	-0.0025434
1602	-0.0014675
1603	-0.0005687
1604	-0.0000970
1605	-0.0000019
1606	-0.0000000
1607	0.0000000
1608	0.0000000
1609	0.0000000
1610	0.0000000
1611	0.0000000
1612	0.0000000
1613	0.0000000
1614	-0.0000000
1615	-0.0000020
1616	-0.0002045
1617	-0.0010069
1618	-0.0019179
1619	-0.0025706
1620	-0.0030679
1621	-0.0033223
1622	-0.0021596
1623	-0.0018709
1624	-0.0025117
1625	-0.0021149
1626	-0.0013972
1627	-0.0006963
1628	-0.0000628
1629	-0.0000092
1630	-0.0000070
1631	-0.0000045
1632	-0.0000000
1633	0.0000000
1634	0.0000000
1635	0.0000000
1636	0.0000000
1637	0.0000000
1638	0.0000000
1639	0.0000000
1640	-0.0000042
1641	-0.0000003
1642	0.0000000
1643	-0.0001728
1644	-0.0017405
1645	-0.0028512
1646	-0.0030013
1647	-0.0027210
1648	-0.0028663
1649	-0.0024977
1650	-0.0017678
1651	-0.0007412
1652	-0.0001405
1653	-0.0000027
1654	-0.0000017
1655	-0.0000003
1656	0.0000000
1657	0.0000000
1658	0.0000000
1659	0.0000000
1660	0.0000000
1661	0.0000000
1662	0.0000000
1663	-0.0000002
1664	-0.0000624
1665	-0.0009142
1666	-0.0020501
1667	-0.0024272
1668	-0.0030506
1669	-0.0031177
1670	-0.0031167
1671	-0.0021416
1672	-0.0017339
1673	-0.0013968
1674	-0.0010971
1675	-0.0005731
1676	-0.0000696
1677	-0.0000092
1678	-0.0000006
1679	0.0000000
1680	0.0000000
1681	0.0000000
1682	0.0000000
1683	0.0000000
1684	0.0000000
1685	0.0000000
1686	-0.0000000
1687	-0.0000267
1688	-0.0006209
1689	-0.0012542
1690	-0.0016350
1691	-0.0016604
1692	-0.0020137
1693	-0.0018474
1694	-0.0021230
1695	-0.0023962
1696	-0.0020060
1697	-0.0021932
1698	-0.0017066
1699	-0.0000143
1700	0.0000000
1701	0.0000000
1702	0.0000000
1703	0.0000000
1704	0.0000000
1705	0.0000000
1706	0.0000000
1707	0.0000000
1708	0.0000000
1709	-0.0000000
1710	-0.0000001
1711	-0.0000122
1712	-0.0002830
1713	-0.0013572
1714	-0.0018960
1715	-0.0021107
1716	-0.0021707
1717	-0.0020121
1718	-0.0021713
1719	-0.0020242
1720	-0.0017095
1721	-0.0016784
1722	-0.0013298
1723	-0.0004227
1724	-0.0000803
1725	-0.0000046
1726	-0.0000042
1727	-0.0000047
1728	-0.0000000
1729	0.0000000
1730	0.0000000
1731	0.0000000
1732	0.0000000
1733	0.0000000
1734	-0.0000000
1735	-0.0000030
1736	-0.0000841
1737	-0.0008636
1738	-0.0017119
1739	-0.0022035
1740	-0.0026220
1741	-0.0028390
1742	-0.0030079
1743	-0.0026944
1744	-0.0021584
1745	-0.0018268
1746	-0.0012644
1747	-0.0002967
1748	-0.0000209
1749	-0.0000015
1750	-0.0000015
1751	-0.0000014
1752	0.0000000
1753	0.0000000
1754	0.0000000
1755	0.0000000
1756	0.0000000
1757	0.0000000
1758	0.0000000
1759	0.0000000
1760	-0.0000008
1761	-0.0000181
1762	-0.0001496
1763	-0.0011030
1764	-0.0020870
1765	-0.0024860
1766	-0.0026575
1767	-0.0026085
1768	-0.0023419
1769	-0.0019383
1770	-0.0010316
1771	-0.0002405
1772	-0.0000598
1773	-0.0000016
1774	-0.0000000
1775	-0.0000010
1776	0.0000000
1777	0.0000000
1778	0.0000000
1779	0.0000000
1780	0.0000000
1781	0.0000000
1782	0.0000000
1783	-0.0000012
1784	-0.0000216
1785	-0.0000849
1786	-0.0000008
1787	-0.0000016
1788	-0.0003079
1789	-0.0014030
1790	-0.0018010
1791	-0.0017332
1792	-0.0010606
1793	-0.0013419
1794	-0.0008365
1795	-0.0001458
1796	-0.0000043
1797	-0.0000000
1798	0.0000000
1799	0.0000000
1800	0.0000000
1801	0.0000000
1802	0.0000000
1803	0.0000000
1804	0.0000000
1805	0.0000000
1806	0.0000000
1807	-0.0000001
1808	-0.0000080
1809	-0.0001067
1810	-0.0002894
1811	-0.0005467
1812	-0.0006741
1813	-0.0002208
1814	-0.0002234
1815	-0.0006009
1816	-0.0010280
1817	-0.0012675
1818	-0.0007902
1819	-0.0001852
1820	-0.0000161
1821	-0.0000038
1822	-0.0000028
1823	0.0000000
1824	0.0000000
1825	0.0000000
1826	0.0000000
1827	0.0000000
1828	0.0000000
1829	-0.0000000
1830	-0.0000000
1831	-0.0000028
1832	-0.0000413
1833	-0.0002503
1834	-0.0006385
1835	-0.0014096
1836	-0.0019908
1837	-0.0023638
1838	-0.0025467
1839	-0.0026041
1840	-0.0022976
1841	-0.0016430
1842	-0.0006569
1843	-0.0001687
1844	-0.0000219
1845	-0.0000039
1846	-0.0000043
1847	-0.0000030
1848	0.0000000
1849	0.0000000
1850	0.0000000
1851	0.0000000
1852	0.0000000
1853	0.0000000
1854	0.0000000
1855	-0.0000004
1856	-0.0000379
1857	-0.0001434
1858	-0.0003891
1859	-0.0008191
1860	-0.0008169
1861	-0.0008241
1862	-0.0008950
1863	-0.0008492
1864	-0.0008454
1865	-0.0007218
1866	-0.0003940
1867	-0.0001343
1868	-0.0000134
1869	-0.0000036
1870	-0.0000045
1871	-0.0000048
1872	0.0000000
1873	0.0000000
1874	0.0000000
1875	0.0000000
1876	0.0000000
1877	0.0000000
1878	0.0000000
1879	-0.0000005
1880	-0.0000104
1881	-0.0001462
1882	-0.0006799
1883	-0.0015283
1884	-0.0015750
1885	-0.0019354
1886	-0.0024286
1887	-0.0025966
1888	-0.0019784
1889	-0.0019271
1890	-0.0011123
1891	-0.0002232
1892	-0.0000105
1893	-0.0000009
1894	-0.0000063
1895	-0.0000000
1896	0.0000000
1897	0.0000000
1898	0.0000000
1899	0.0000000
1900	0.0000000
1901	-0.0000000
1902	-0.0000000
1903	-0.0000136
1904	-0.0002269
1905	-0.0008430
1906	-0.0013391
1907	-0.0015619
1908	-0.0016384
1909	-0.0016915
1910	-0.0019049
1911	-0.0013339
1912	-0.0012065
1913	-0.0010508
1914	-0.0008724
1915	-0.0002799
1916	-0.0000299
1917	-0.0000070
1918	-0.0000049
1919	-0.0000034
1920	0.0000000
1921	0.0000000
1922	0.0000000
1923	0.0000000
1924	0.0000000
1925	0.0000000
1926	0.0000000
1927	-0.0000000
1928	-0.0000109
1929	-0.0003853
1930	-0.0013327
1931	-0.0016984
1932	-0.0017019
1933	-0.0023054
1934	-0.0025555
1935	-0.0025134
1936	-0.0022338
1937	-0.0018884
1938	-0.0011282
1939	-0.0003734
1940	-0.0000689
1941	-0.0000054
1942	-0.0000047
1943	-0.0000019
1944	0.0000000
1945	0.0000000
1946	0.0000000
1947	0.0000000
1948	0.0000000
1949	0.0000000
1950	-0.0000000
1951	-0.0000022
1952	-0.0000544
1953	-0.0007851
1954	-0.0016341
1955	-0.0021540
1956	-0.0024547
1957	-0.0028621
1958	-0.0030561
1959	-0.0029990
1960	-0.0027434
1961	-0.0022342
1962	-0.0013901
1963	-0.0004081
1964	-0.0000405
1965	-0.0000045
1966	-0.0000064
1967	-0.0000000
1968	0.0000000
1969	0.0000000
1970	0.0000000
1971	0.0000000
1972	0.0000000
1973	-0.0000000
1974	-0.0000001
1975	-0.0000080
1976	-0.0001979
1977	-0.0012479
1978	-0.0020823
1979	-0.0027983
1980	-0.0033778
1981	-0.0035334
1982	-0.0035796
1983	-0.0034576
1984	-0.0031904
1985	-0.0024759
1986	-0.0015176
1987	-0.0005562
1988	-0.0000342
1989	-0.0000042
1990	-0.0000001
