TIME_UNITS h
DATA_UNITS kg/s
0	-0.0000019
1	-0.0000050
2	-0.0000060
3	-0.0000029
4	-0.0000018
5	-0.0000007
6	-0.0000090
7	-0.0001206
8	-0.0007379
9	-0.0015287
10	-0.0024371
11	-0.0033726
12	-0.0037241
13	-0.0039959
14	-0.0042625
15	-0.0043577
16	-0.0042599
17	-0.0038524
18	-0.0031463
19	-0.0019892
20	-0.0006879
21	-0.0000774
22	-0.0000075
23	-0.0000035
24	-0.0000039
25	-0.0000028
26	-0.0000012
27	-0.0000012
28	0.0000000
29	0.0000000
30	0.0000000
31	0.0000000
32	-0.0005503
33	-0.0017811
34	-0.0031284
35	-0.0041280
36	-0.0045538
37	-0.0047716
38	-0.0043247
39	-0.0034366
40	-0.0029445
41	-0.0012389
42	-0.0005944
43	-0.0004351
44	-0.0001129
45	-0.0000004
46	0.0000000
47	0.0000000
48	0.0000000
49	0.0000000
50	0.0000000
51	0.0000000
52	0.0000000
53	0.0000000
54	0.0000000
55	0.0000000
56	0.0000000
57	-0.0000001
58	-0.0000297
59	-0.0004096
60	-0.0027230
61	-0.0029234
62	-0.0042333
63	-0.0042119
64	-0.0000036
65	0.0000000
66	-0.0000739
67	-0.0003329
68	-0.0001079
69	-0.0000038
70	-0.0000000
71	-0.0000029
72	-0.0000018
73	-0.0000022
74	-0.0000006
75	-0.0000002
76	-0.0000019
77	-0.0000018
78	-0.0000523
79	-0.0004116
80	-0.0004386
81	-0.0008279
82	-0.0014151
83	-0.0018009
84	-0.0019245
85	-0.0027150
86	-0.0033723
87	-0.0035469
88	-0.0028517
89	-0.0027465
90	-0.0019902
91	-0.0008842
92	-0.0002924
93	-0.0000248
94	-0.0000047
95	0.0000000
96	0.0000000
97	0.0000000
98	0.0000000
99	0.0000000
100	0.0000000
101	0.0000000
102	0.0000000
103	-0.0000776
104	-0.0007198
105	-0.0022574
106	-0.0032993
107	-0.0043696
108	-0.0041631
109	-0.0036988
110	-0.0026398
111	-0.0000108
112	0.0000000
113	-0.0000221
114	-0.0001482
115	-0.0000003
116	-0.0000000
117	0.0000000
118	0.0000000
119	0.0000000
120	0.0000000
121	-0.0000000
122	0.0000000
123	-0.0000001
124	-0.0000005
125	-0.0000003
126	-0.0000024
127	0.0000000
128	-0.0000301
129	-0.0002149
130	-0.0004501
131	-0.0006346
132	-0.0008828
133	-0.0008771
134	-0.0007798
135	-0.0007277
136	-0.0012235
137	-0.0015228
138	-0.0013714
139	-0.0010093
140	-0.0001816
141	-0.0000051
142	0.0000000
143	0.0000000
144	0.0000000
145	0.0000000
146	-0.0000000
147	-0.0000001
148	-0.0000002
149	0.0000000
150	-0.0000007
151	-0.0001041
152	-0.0004526
153	-0.0021180
154	-0.0037068
155	-0.0041003
156	-0.0054306
157	-0.0035958
158	-0.0038511
159	-0.0032081
160	-0.0020603
161	-0.0018531
162	-0.0016953
163	-0.0007848
164	-0.0003049
165	-0.0000530
166	-0.0000114
167	-0.0000088
168	0.0000000
169	0.0000000
170	0.0000000
171	0.0000000
172	-0.0000000
173	-0.0000001
174	-0.0000132
175	-0.0000956
176	-0.0003515
177	-0.0006741
178	-0.0007326
179	-0.0014322
180	-0.0026770
181	-0.0029672
182	-0.0028896
183	-0.0024538
184	-0.0009639
185	-0.0011548
186	-0.0014617
187	-0.0010511
188	-0.0002111
189	-0.0000007
190	0.0000000
191	0.0000000
192	0.0000000
193	0.0000000
194	0.0000000
195	0.0000000
196	0.0000000
197	-0.0000000
198	-0.0000002
199	-0.0000487
200	-0.0002717
201	-0.0007576
202	-0.0012010
203	-0.0020358
204	-0.0024765
205	-0.0021398
206	-0.0020318
207	-0.0021142
208	-0.0007814
209	-0.0012940
210	-0.0010794
211	-0.0000156
212	-0.0000010
213	-0.0000000
214	-0.0000000
215	0.0000000
216	0.0000000
217	0.0000000
218	0.0000000
219	0.0000000
220	0.0000000
221	0.0000000
222	0.0000000
223	-0.0000002
224	-0.0000012
225	-0.0000066
226	-0.0000007
227	-0.0000021
228	-0.0000090
229	-0.0001164
230	-0.0003673
231	-0.0005954
232	-0.0010321
233	-0.0012452
234	-0.0009075
235	-0.0004995
236	-0.0001034
237	0.0000000
238	0.0000000
239	0.0000000
240	0.0000000
241	0.0000000
242	0.0000000
243	0.0000000
244	0.0000000
245	0.0000000
246	0.0000000
247	-0.0000015
248	-0.0004332
249	-0.0017679
250	-0.0034031
251	-0.0042784
252	-0.0050507
253	-0.0056316
254	-0.0057893
255	-0.0056416
256	-0.0049110
257	-0.0044319
258	-0.0034978
259	-0.0021900
260	-0.0005458
261	-0.0000262
262	-0.0000030
263	0.0000000
264	0.0000000
265	0.0000000
266	0.0000000
267	0.0000000
268	0.0000000
269	-0.0000000
270	-0.0000003
271	-0.0000586
272	-0.0007594
273	-0.0013892
274	-0.0021099
275	-0.0037205
276	-0.0057166
277	-0.0059590
278	-0.0060035
279	-0.0061924
280	-0.0054123
281	-0.0049970
282	-0.0037070
283	-0.0017581
284	-0.0004995
285	-0.0001040
286	-0.0000324
287	-0.0000000
288	0.0000000
289	0.0000000
290	0.0000000
291	0.0000000
292	0.0000000
293	-0.0000000
294	-0.0000036
295	-0.0001910
296	-0.0017447
297	-0.0028918
298	-0.0043346
299	-0.0051524
300	-0.0055947
301	-0.0055899
302	-0.0047778
303	-0.0044892
304	-0.0047863
305	-0.0023499
306	-0.0027385
307	-0.0014185
308	-0.0004118
309	-0.0000111
310	0.0000000
311	0.0000000
312	0.0000000
313	0.0000000
314	0.0000000
315	0.0000000
316	0.0000000
317	0.0000000
318	0.0000000
319	-0.0000428
320	-0.0004254
321	-0.0015575
322	-0.0032900
323	-0.0044218
324	-0.0050769
325	-0.0055209
326	-0.0055211
327	-0.0054811
328	-0.0051893
329	-0.0043075
330	-0.0032198
331	-0.0017250
332	-0.0005313
333	-0.0000456
334	0.0000000
335	0.0000000
336	0.0000000
337	0.0000000
338	0.0000000
339	0.0000000
340	0.0000000
341	0.0000000
342	0.0000000
343	-0.0000752
344	-0.0006134
345	-0.0016011
346	-0.0029527
347	-0.0043766
348	-0.0053289
349	-0.0058360
350	-0.0060242
351	-0.0059673
352	-0.0055452
353	-0.0043836
354	-0.0024365
355	-0.0016570
356	-0.0004756
357	-0.0000517
358	-0.0000127
359	-0.0000001
360	0.0000000
361	0.0000000
362	0.0000000
363	0.0000000
364	0.0000000
365	0.0000000
366	0.0000000
367	0.0000000
368	0.0000000
369	-0.0000163
370	-0.0002612
371	-0.0016472
372	-0.0018940
373	-0.0018657
374	-0.0013465
375	-0.0023749
376	-0.0028248
377	-0.0030866
378	-0.0026380
379	-0.0015017
380	-0.0003432
381	-0.0000195
382	-0.0000032
383	-0.0000000
384	0.0000000
385	0.0000000
386	0.0000000
387	0.0000000
388	0.0000000
389	0.0000000
390	0.0000000
391	-0.0000298
392	-0.0002137
393	-0.0001021
394	-0.0001335
395	-0.0002922
396	-0.0006885
397	-0.0006828
398	-0.0002234
399	-0.0002762
400	-0.0011543
401	-0.0032782
402	-0.0028637
403	-0.0018826
404	-0.0004418
405	-0.0000171
406	-0.0000091
407	-0.0000007
408	0.0000000
409	0.0000000
410	0.0000000
411	0.0000000
412	0.0000000
413	0.0000000
414	0.0000000
415	-0.0000149
416	-0.0002597
417	-0.0008346
418	-0.0012674
419	-0.0016473
420	-0.0018610
421	-0.0022021
422	-0.0024412
423	-0.0030952
424	-0.0035781
425	-0.0032048
426	-0.0024703
427	-0.0018145
428	-0.0006925
429	-0.0000206
430	-0.0000024
431	-0.0000010
432	0.0000000
433	0.0000000
434	0.0000000
435	0.0000000
436	0.0000000
437	0.0000000
438	0.0000000
439	-0.0000008
440	-0.0000030
441	-0.0000247
442	-0.0000196
443	-0.0000000
444	0.0000000
445	0.0000000
446	-0.0005416
447	-0.0032402
448	-0.0013838
449	-0.0000030
450	0.0000000
451	0.0000000
452	0.0000000
453	-0.0000000
454	-0.0000000
455	-0.0000006
456	-0.0000014
457	0.0000000
458	0.0000000
459	0.0000000
460	0.0000000
461	0.0000000
462	-0.0000009
463	-0.0000313
464	-0.0001477
465	-0.0003770
466	-0.0008537
467	-0.0013478
468	-0.0012116
469	-0.0011596
470	-0.0016972
471	-0.0008814
472	-0.0021755
473	-0.0022759
474	-0.0019870
475	-0.0012532
476	-0.0001812
477	-0.0000001
478	0.0000000
479	-0.0000032
480	0.0000000
481	0.0000000
482	0.0000000
483	0.0000000
484	0.0000000
485	0.0000000
486	-0.0000009
487	-0.0000111
488	-0.0000177
489	-0.0000020
490	-0.0000163
491	-0.0002954
492	-0.0005262
493	-0.0013342
494	-0.0018146
495	-0.0018414
496	-0.0023180
497	-0.0023794
498	-0.0022153
499	-0.0015590
500	-0.0007823
501	-0.0000691
502	-0.0000011
503	-0.0000026
504	-0.0000074
505	-0.0000029
506	-0.0000074
507	-0.0000136
508	-0.0000171
509	-0.0000147
510	-0.0002546
511	-0.0004757
512	-0.0008883
513	-0.0000093
514	0.0000000
515	-0.0001783
516	-0.0010172
517	-0.0022580
518	-0.0029070
519	-0.0028891
520	-0.0026402
521	-0.0025750
522	-0.0026270
523	-0.0020596
524	-0.0010603
525	-0.0001074
526	-0.0000078
527	-0.0000000
528	0.0000000
529	0.0000000
530	0.0000000
531	0.0000000
532	0.0000000
533	0.0000000
534	-0.0000003
535	-0.0000075
536	-0.0003386
537	-0.0016582
538	-0.0021323
539	-0.0023781
540	-0.0020479
541	-0.0028900
542	-0.0034090
543	-0.0033568
544	-0.0029432
545	-0.0025852
546	-0.0023154
547	-0.0017713
548	-0.0008717
549	-0.0001149
550	-0.0000104
551	-0.0000000
552	0.0000000
553	0.0000000
554	0.0000000
555	0.0000000
556	0.0000000
557	0.0000000
558	-0.0000000
559	-0.0000097
560	-0.0004419
561	-0.0018915
562	-0.0026677
563	-0.0026265
564	-0.0030117
565	-0.0037848
566	-0.0040813
567	-0.0042819
568	-0.0042012
569	-0.0037922
570	-0.0031657
571	-0.0022808
572	-0.0008309
573	-0.0001686
574	-0.0000000
575	0.0000000
576	0.0000000
577	0.0000000
578	0.0000000
579	0.0000000
580	-0.0000000
581	-0.0000000
582	-0.0000006
583	-0.0000267
584	-0.0004888
585	-0.0022041
586	-0.0033771
587	-0.0043106
588	-0.0051147
589	-0.0054229
590	-0.0054287
591	-0.0053507
592	-0.0045992
593	-0.0041591
594	-0.0032712
595	-0.0023926
596	-0.0005885
597	-0.0000570
598	-0.0000111
599	0.0000000
600	0.0000000
601	0.0000000
602	0.0000000
603	0.0000000
604	0.0000000
605	-0.0000000
606	-0.0000042
607	-0.0001156
608	-0.0012198
609	-0.0033007
610	-0.0044063
611	-0.0052537
612	-0.0058953
613	-0.0063414
614	-0.0066255
615	-0.0065945
616	-0.0063073
617	-0.0053262
618	-0.0036722
619	-0.0019823
620	-0.0006147
621	-0.0001274
622	-0.0000204
623	-0.0000283
624	-0.0000000
625	0.0000000
626	0.0000000
627	0.0000000
628	0.0000000
629	0.0000000
630	-0.0000012
631	-0.0000615
632	-0.0016513
633	-0.0038266
634	-0.0048900
635	-0.0058977
636	-0.0064425
637	-0.0067472
638	-0.0067968
639	-0.0069415
640	-0.0068255
641	-0.0058595
642	-0.0037306
643	-0.0022162
644	-0.0007954
645	-0.0001691
646	-0.0000364
647	-0.0000414
648	-0.0000000
649	0.0000000
650	0.0000000
651	0.0000000
652	0.0000000
653	-0.0000001
654	-0.0000034
655	-0.0001691
656	-0.0017878
657	-0.0040219
658	-0.0053088
659	-0.0057979
660	-0.0066181
661	-0.0074306
662	-0.0074825
663	-0.0072273
664	-0.0074500
665	-0.0064004
666	-0.0045817
667	-0.0031176
668	-0.0009424
669	-0.0001146
670	-0.0000373
671	-0.0000266
672	-0.0000000
673	0.0000000
674	0.0000000
675	0.0000000
676	0.0000000
677	0.0000000
678	0.0000000
679	-0.0000016
680	-0.0000013
681	-0.0000024
682	-0.0001129
683	-0.0009369
684	-0.0001057
685	-0.0002888
686	-0.0010421
687	-0.0018275
688	-0.0026581
689	-0.0019792
690	-0.0012083
691	-0.0004968
692	-0.0000522
693	-0.0000305
694	-0.0000000
695	0.0000000
696	0.0000000
697	0.0000000
698	0.0000000
699	0.0000000
700	-0.0000001
701	-0.0000002
702	-0.0000004
703	-0.0000017
704	-0.0003809
705	-0.0012055
706	-0.0012713
707	-0.0028532
708	-0.0032690
709	-0.0037290
710	-0.0028307
711	-0.0032298
712	-0.0041941
713	-0.0036531
714	-0.0027711
715	-0.0009494
716	-0.0001239
717	-0.0000151
718	-0.0000065
719	0.0000000
720	0.0000000
721	0.0000000
722	0.0000000
723	0.0000000
724	0.0000000
725	0.0000000
726	-0.0000009
727	-0.0000383
728	-0.0005189
729	-0.0011106
730	-0.0019991
731	-0.0043042
732	-0.0053788
733	-0.0055156
734	-0.0040258
735	-0.0041304
736	-0.0056043
737	-0.0044423
738	-0.0032709
739	-0.0016221
740	-0.0002110
741	-0.0000344
742	-0.0000087
743	0.0000000
744	0.0000000
745	0.0000000
746	0.0000000
747	0.0000000
748	0.0000000
749	-0.0000001
750	-0.0000006
751	-0.0000098
752	-0.0000397
753	-0.0000035
754	-0.0000039
755	-0.0006458
756	-0.0018141
757	-0.0028980
758	-0.0033243
759	-0.0040318
760	-0.0041365
761	-0.0044908
762	-0.0033912
763	-0.0021117
764	-0.0007212
765	-0.0000222
766	-0.0000104
767	0.0000000
768	0.0000000
769	0.0000000
770	0.0000000
771	0.0000000
772	0.0000000
773	0.0000000
774	0.0000000
775	-0.0000070
776	-0.0003231
777	-0.0011150
778	-0.0027722
779	-0.0042035
780	-0.0053693
781	-0.0052914
782	-0.0053932
783	-0.0055648
784	-0.0053114
785	-0.0051632
786	-0.0039173
787	-0.0023419
788	-0.0005436
789	-0.0001158
790	-0.0000147
791	0.0000000
792	0.0000000
793	0.0000000
794	0.0000000
795	0.0000000
796	0.0000000
797	0.0000000
798	0.0000000
799	-0.0000001
800	-0.0004622
801	-0.0021512
802	-0.0040722
803	-0.0053119
804	-0.0062565
805	-0.0065620
806	-0.0067693
807	-0.0066294
808	-0.0061780
809	-0.0052134
810	-0.0036717
811	-0.0013860
812	-0.0000332
813	-0.0000144
814	-0.0000141
815	-0.0000134
816	0.0000000
817	0.0000000
818	0.0000000
819	0.0000000
820	0.0000000
821	0.0000000
822	-0.0000004
823	-0.0000424
824	-0.0007264
825	-0.0033420
826	-0.0045436
827	-0.0054869
828	-0.0063727
829	-0.0070100
830	-0.0071930
831	-0.0069665
832	-0.0059217
833	-0.0042352
834	-0.0023625
835	-0.0009472
836	-0.0004748
837	-0.0000252
838	-0.0000060
839	-0.0000002
840	0.0000000
841	0.0000000
842	0.0000000
843	0.0000000
844	0.0000000
845	0.0000000
846	0.0000000
847	-0.0000590
848	-0.0003040
849	-0.0009877
850	-0.0028264
851	-0.0042288
852	-0.0050145
853	-0.0046621
854	-0.0043055
855	-0.0037462
856	-0.0042579
857	-0.0045514
858	-0.0038220
859	-0.0028780
860	-0.0012273
861	-0.0001045
862	-0.0000000
863	0.0000000
864	0.0000000
865	0.0000000
866	0.0000000
867	0.0000000
868	0.0000000
869	-0.0000000
870	-0.0000022
871	-0.0000212
872	-0.0001251
873	-0.0014097
874	-0.0033573
875	-0.0047652
876	-0.0060054
877	-0.0063244
878	-0.0064806
879	-0.0063736
880	-0.0060151
881	-0.0047396
882	-0.0026886
883	-0.0021719
884	-0.0003153
885	-0.0000305
886	-0.0000050
887	-0.0000037
888	0.0000000
889	0.0000000
890	0.0000000
891	0.0000000
892	0.0000000
893	0.0000000
894	0.0000000
895	0.0000000
896	-0.0002449
897	-0.0018815
898	-0.0041728
899	-0.0051849
900	-0.0062041
901	-0.0066691
902	-0.0070381
903	-0.0068264
904	-0.0045727
905	-0.0027306
906	-0.0023505
907	-0.0014921
908	-0.0001566
909	-0.0000967
910	-0.0000291
911	-0.0000262
912	-0.0000000
913	0.0000000
914	0.0000000
915	0.0000000
916	0.0000000
917	0.0000000
918	0.0000000
919	-0.0000028
920	-0.0001015
921	-0.0000416
922	-0.0002597
923	-0.0011210
924	-0.0000635
925	-0.0000520
926	-0.0006483
927	-0.0022183
928	-0.0032719
929	-0.0042086
930	-0.0035832
931	-0.0022684
932	-0.0006497
933	-0.0000558
934	-0.0000109
935	-0.0000070
936	0.0000000
937	0.0000000
938	0.0000000
939	0.0000000
940	0.0000000
941	0.0000000
942	-0.0000001
943	-0.0000176
944	-0.0004706
945	-0.0027863
946	-0.0039161
947	-0.0049881
948	-0.0058046
949	-0.0059102
950	-0.0060969
951	-0.0061511
952	-0.0057929
953	-0.0050411
954	-0.0040308
955	-0.0021459
956	-0.0008079
957	-0.0000641
958	-0.0000158
959	-0.0000094
960	-0.0000000
961	0.0000000
962	0.0000000
963	0.0000000
964	0.0000000
965	0.0000000
966	-0.0000000
967	-0.0000173
968	-0.0006073
969	-0.0029612
970	-0.0041301
971	-0.0049270
972	-0.0049912
973	-0.0042276
974	-0.0047204
975	-0.0051107
976	-0.0046363
977	-0.0042514
978	-0.0031892
979	-0.0020137
980	-0.0003373
981	-0.0000306
982	-0.0000040
983	-0.0000011
984	0.0000000
985	0.0000000
986	0.0000000
987	0.0000000
988	0.0000000
989	0.0000000
990	0.0000000
991	0.0000000
992	-0.0000001
993	-0.0001658
994	-0.0004477
995	-0.0002804
996	-0.0001696
997	-0.0002536
998	-0.0013185
999	-0.0014009
1000	-0.0005851
1001	-0.0001299
1002	-0.0000233
1003	-0.0000112
1004	-0.0000009
1005	0.0000000
1006	0.0000000
1007	0.0000000
1008	0.0000000
1009	0.0000000
1010	0.0000000
1011	0.0000000
1012	0.0000000
1013	0.0000000
1014	0.0000000
1015	-0.0000073
1016	-0.0000902
1017	-0.0006343
1018	-0.0028529
1019	-0.0037102
1020	-0.0047917
1021	-0.0048311
1022	-0.0047578
1023	-0.0049754
1024	-0.0042936
1025	-0.0026844
1026	-0.0013449
1027	-0.0004448
1028	-0.0001740
1029	-0.0000076
1030	0.0000000
1031	0.0000000
1032	0.0000000
1033	0.0000000
1034	0.0000000
1035	0.0000000
1036	0.0000000
1037	0.0000000
1038	0.0000000
1039	-0.0000016
1040	-0.0001635
1041	-0.0010774
1042	-0.0030982
1043	-0.0044827
1044	-0.0015028
1045	-0.0044118
1046	-0.0041578
1047	-0.0038250
1048	-0.0025920
1049	-0.0026738
1050	-0.0020651
1051	-0.0007752
1052	-0.0001681
1053	-0.0000009
1054	-0.0000001
1055	-0.0000001
1056	0.0000000
1057	0.0000000
1058	0.0000000
1059	0.0000000
1060	0.0000000
1061	0.0000000
1062	-0.0000002
1063	-0.0000351
1064	-0.0003078
1065	-0.0012172
1066	-0.0035805
1067	-0.0046842
1068	-0.0049896
1069	-0.0057102
1070	-0.0059085
1071	-0.0058393
1072	-0.0055752
1073	-0.0047555
1074	-0.0037043
1075	-0.0020380
1076	-0.0006355
1077	-0.0000428
1078	-0.0000018
1079	0.0000000
1080	0.0000000
1081	0.0000000
1082	0.0000000
1083	0.0000000
1084	0.0000000
1085	0.0000000
1086	0.0000000
1087	-0.0000056
1088	-0.0002278
1089	-0.0005602
1090	-0.0009079
1091	-0.0014403
1092	-0.0011338
1093	-0.0021614
1094	-0.0025313
1095	-0.0019257
1096	-0.0017681
1097	-0.0007970
1098	-0.0000441
1099	-0.0000044
1100	0.0000000
1101	0.0000000
1102	0.0000000
1103	0.0000000
1104	0.0000000
1105	0.0000000
1106	0.0000000
1107	0.0000000
1108	0.0000000
1109	0.0000000
1110	-0.0000000
1111	-0.0000124
1112	-0.0001254
1113	-0.0003897
1114	-0.0006125
1115	-0.0013588
1116	-0.0017897
1117	-0.0012798
1118	-0.0020934
1119	-0.0040814
1120	-0.0042655
1121	-0.0032570
1122	-0.0017221
1123	-0.0011230
1124	-0.0000522
1125	-0.0000274
1126	-0.0000000
1127	0.0000000
1128	0.0000000
1129	0.0000000
1130	0.0000000
1131	0.0000000
1132	0.0000000
1133	0.0000000
1134	0.0000000
1135	-0.0000027
1136	-0.0000344
1137	-0.0008089
1138	-0.0019865
1139	-0.0019431
1140	-0.0009617
1141	-0.0019402
1142	-0.0021781
1143	-0.0017408
1144	-0.0019974
1145	-0.0000389
1146	-0.0000584
1147	-0.0000549
1148	-0.0000034
1149	0.0000000
1150	0.0000000
1151	-0.0000008
1152	0.0000000
1153	0.0000000
1154	0.0000000
1155	0.0000000
1156	0.0000000
1157	0.0000000
1158	0.0000000
1159	-0.0000162
1160	-0.0001930
1161	-0.0009681
1162	-0.0027014
1163	-0.0044074
1164	-0.0052484
1165	-0.0058510
1166	-0.0059844
1167	-0.0056999
1168	-0.0054401
1169	-0.0046747
1170	-0.0035097
1171	-0.0021013
1172	-0.0005908
1173	-0.0000049
1174	0.0000000
1175	0.0000000
1176	0.0000000
1177	0.0000000
1178	0.0000000
1179	0.0000000
1180	0.0000000
1181	0.0000000
1182	0.0000000
1183	-0.0000009
1184	-0.0001902
1185	-0.0015263
1186	-0.0038282
1187	-0.0050189
1188	-0.0060266
1189	-0.0064305
1190	-0.0069335
1191	-0.0067915
1192	-0.0061260
1193	-0.0050651
1194	-0.0032702
1195	-0.0016834
1196	-0.0005186
1197	-0.0000378
1198	-0.0000064
1199	-0.0000000
1200	0.0000000
1201	0.0000000
1202	0.0000000
1203	0.0000000
1204	0.0000000
1205	-0.0000000
1206	-0.0000008
1207	-0.0000446
1208	-0.0007308
1209	-0.0026955
1210	-0.0039813
1211	-0.0051623
1212	-0.0060094
1213	-0.0067001
1214	-0.0070145
1215	-0.0063768
1216	-0.0059824
1217	-0.0037283
1218	-0.0023610
1219	-0.0017996
1220	-0.0006630
1221	-0.0000305
1222	-0.0000286
1223	-0.0000269
1224	-0.0000000
1225	0.0000000
1226	0.0000000
1227	0.0000000
1228	0.0000000
1229	0.0000000
1230	-0.0000003
1231	-0.0000314
1232	-0.0001144
1233	-0.0005270
1234	-0.0007071
1235	-0.0031883
1236	-0.0046072
1237	-0.0042182
1238	-0.0058814
1239	-0.0056796
1240	-0.0053835
1241	-0.0044031
1242	-0.0035759
1243	-0.0023518
1244	-0.0007281
1245	-0.0000482
1246	-0.0000121
1247	0.0000000
1248	0.0000000
1249	0.0000000
1250	0.0000000
1251	0.0000000
1252	0.0000000
1253	0.0000000
1254	0.0000000
1255	-0.0000015
1256	-0.0002564
1257	-0.0017431
1258	-0.0035656
1259	-0.0045341
1260	-0.0052878
1261	-0.0055825
1262	-0.0052381
1263	-0.0053697
1264	-0.0052073
1265	-0.0045796
1266	-0.0035053
1267	-0.0018433
1268	-0.0003413
1269	-0.0000139
1270	-0.0000138
1271	-0.0000134
1272	0.0000000
1273	0.0000000
1274	0.0000000
1275	0.0000000
1276	0.0000000
1277	0.0000000
1278	0.0000000
1279	-0.0000003
1280	-0.0003063
1281	-0.0014146
1282	-0.0031003
1283	-0.0040699
1284	-0.0045714
1285	-0.0043863
1286	-0.0044219
1287	-0.0037863
1288	-0.0043634
1289	-0.0035801
1290	-0.0030678
1291	-0.0015360
1292	-0.0003556
1293	-0.0000120
1294	-0.0000072
1295	-0.0000062
1296	0.0000000
1297	0.0000000
1298	0.0000000
1299	0.0000000
1300	0.0000000
1301	0.0000000
1302	-0.0000000
1303	-0.0000000
1304	-0.0000004
1305	-0.0002160
1306	-0.0006461
1307	-0.0010964
1308	-0.0020682
1309	-0.0011447
1310	-0.0005577
1311	-0.0008359
1312	-0.0007995
1313	-0.0008075
1314	-0.0008075
1315	-0.0002414
1316	-0.0000964
1317	-0.0000000
1318	0.0000000
1319	0.0000000
1320	0.0000000
1321	0.0000000
1322	0.0000000
1323	0.0000000
1324	0.0000000
1325	0.0000000
1326	-0.0000000
1327	-0.0000047
1328	-0.0000823
1329	-0.0008729
1330	-0.0016908
1331	-0.0032716
1332	-0.0031596
1333	-0.0039237
1334	-0.0029890
1335	-0.0005589
1336	-0.0013534
1337	-0.0032686
1338	-0.0020782
1339	-0.0010208
1340	-0.0001551
1341	-0.0000020
1342	0.0000000
1343	0.0000000
1344	0.0000000
1345	0.0000000
1346	0.0000000
1347	0.0000000
1348	0.0000000
1349	0.0000000
1350	-0.0000015
1351	-0.0000305
1352	-0.0000058
1353	-0.0000208
1354	-0.0001420
1355	-0.0004989
1356	-0.0003063
1357	-0.0000140
1358	0.0000000
1359	0.0000000
1360	-0.0000705
1361	-0.0004796
1362	-0.0012205
1363	-0.0006505
1364	-0.0000371
1365	-0.0000030
1366	-0.0000035
1367	0.0000000
1368	0.0000000
1369	0.0000000
1370	0.0000000
1371	0.0000000
1372	0.0000000
1373	-0.0000000
1374	-0.0000011
1375	-0.0000365
1376	-0.0001049
1377	-0.0004739
1378	-0.0018891
1379	-0.0033811
1380	-0.0024777
1381	-0.0036620
1382	-0.0015347
1383	-0.0038048
1384	-0.0044913
1385	-0.0042163
1386	-0.0030082
1387	-0.0014523
1388	-0.0000303
1389	0.0000000
1390	0.0000000
1391	0.0000000
1392	0.0000000
1393	0.0000000
1394	0.0000000
1395	0.0000000
1396	0.0000000
1397	-0.0000000
1398	-0.0000003
1399	-0.0000422
1400	-0.0003277
1401	-0.0021655
1402	-0.0038722
1403	-0.0052719
1404	-0.0055411
1405	-0.0055562
1406	-0.0042146
1407	-0.0048127
1408	-0.0048844
1409	-0.0044844
1410	-0.0032626
1411	-0.0017621
1412	-0.0003540
1413	-0.0000117
1414	-0.0000043
1415	0.0000000
1416	0.0000000
1417	0.0000000
1418	0.0000000
1419	0.0000000
1420	0.0000000
1421	0.0000000
1422	-0.0000000
1423	-0.0000137
1424	-0.0005072
1425	-0.0024347
1426	-0.0036246
1427	-0.0043055
1428	-0.0045078
1429	-0.0044532
1430	-0.0045929
1431	-0.0000034
1432	0.0000000
1433	-0.0004823
1434	-0.0029239
1435	-0.0020364
1436	-0.0005347
1437	-0.0000163
1438	-0.0000127
1439	-0.0000117
1440	0.0000000
1441	0.0000000
1442	0.0000000
1443	0.0000000
1444	0.0000000
1445	0.0000000
1446	-0.0000000
1447	-0.0000041
1448	-0.0001598
1449	-0.0012034
1450	-0.0034009
1451	-0.0040389
1452	-0.0045078
1453	-0.0043441
1454	-0.0048646
1455	-0.0046838
1456	-0.0042421
1457	-0.0037390
1458	-0.0029868
1459	-0.0018592
1460	-0.0003590
1461	-0.0000146
1462	-0.0000099
1463	-0.0000081
1464	0.0000000
1465	0.0000000
1466	0.0000000
1467	0.0000000
1468	0.0000000
1469	0.0000000
1470	-0.0000000
1471	-0.0000039
1472	-0.0001781
1473	-0.0011359
1474	-0.0029371
1475	-0.0037473
1476	-0.0046120
1477	-0.0052361
1478	-0.0054097
1479	-0.0055913
1480	-0.0045815
1481	-0.0030557
1482	-0.0025719
1483	-0.0008669
1484	-0.0001175
1485	-0.0000073
1486	-0.0000109
1487	-0.0000000
1488	0.0000000
1489	0.0000000
1490	0.0000000
1491	0.0000000
1492	0.0000000
1493	0.0000000
1494	0.0000000
1495	0.0000000
1496	0.0000000
1497	-0.0000338
1498	-0.0007695
1499	-0.0027454
1500	-0.0028785
1501	-0.0045780
1502	-0.0055527
1503	-0.0052133
1504	-0.0047917
1505	-0.0040143
1506	-0.0028284
1507	-0.0011486
1508	-0.0001258
1509	-0.0000009
1510	0.0000000
1511	0.0000000
1512	0.0000000
1513	0.0000000
1514	0.0000000
1515	0.0000000
1516	0.0000000
1517	0.0000000
1518	0.0000000
1519	-0.0000002
1520	-0.0000006
1521	0.0000000
1522	0.0000000
1523	0.0000000
1524	-0.0000366
1525	-0.0014851
1526	-0.0042943
1527	-0.0046211
1528	-0.0036275
1529	-0.0032656
1530	-0.0023407
1531	-0.0010744
1532	-0.0001199
1533	-0.0000017
1534	0.0000000
1535	0.0000000
1536	0.0000000
1537	0.0000000
1538	0.0000000
1539	0.0000000
1540	0.0000000
1541	0.0000000
1542	-0.0000000
1543	-0.0000146
1544	-0.0001964
1545	-0.0009974
1546	-0.0029914
1547	-0.0043833
1548	-0.0053385
1549	-0.0058977
1550	-0.0058744
1551	-0.0056058
1552	-0.0048395
1553	-0.0032852
1554	-0.0015977
1555	-0.0005557
1556	-0.0000162
1557	-0.0000038
1558	0.0000000
1559	0.0000000
1560	0.0000000
1561	0.0000000
1562	0.0000000
1563	0.0000000
1564	0.0000000
1565	0.0000000
1566	0.0000000
1567	-0.0000135
1568	-0.0002510
1569	-0.0011524
1570	-0.0028950
1571	-0.0044217
1572	-0.0032344
1573	-0.0017949
1574	-0.0018048
1575	-0.0016084
1576	-0.0011762
1577	-0.0006505
1578	-0.0003271
1579	-0.0001338
1580	-0.0000022
1581	-0.0000001
1582	-0.0000002
1583	0.0000000
1584	0.0000000
1585	0.0000000
1586	0.0000000
1587	0.0000000
1588	0.0000000
1589	0.0000000
1590	-0.0000000
1591	-0.0000167
1592	-0.0001109
1593	-0.0005196
1594	-0.0020973
1595	-0.0040810
1596	-0.0051527
1597	-0.0056956
1598	-0.0058643
1599	-0.0054591
1600	-0.0046141
1601	-0.0044078
1602	-0.0025432
1603	-0.0009856
1604	-0.0001682
1605	-0.0000033
1606	-0.0000001
1607	0.0000000
1608	0.0000000
1609	0.0000000
1610	0.0000000
1611	0.0000000
1612	0.0000000
1613	0.0000000
1614	-0.0000000
1615	-0.0000035
1616	-0.0003545
1617	-0.0017449
1618	-0.0033238
1619	-0.0044548
1620	-0.0053168
1621	-0.0057575
1622	-0.0037426
1623	-0.0032424
1624	-0.0043528
1625	-0.0036652
1626	-0.0024214
1627	-0.0012066
1628	-0.0001088
1629	-0.0000159
1630	-0.0000121
1631	-0.0000077
1632	-0.0000000
1633	0.0000000
1634	0.0000000
1635	0.0000000
1636	0.0000000
1637	0.0000000
1638	0.0000000
1639	0.0000000
1640	-0.0000073
1641	-0.0000004
1642	0.0000000
1643	-0.0002994
1644	-0.0030164
1645	-0.0049413
1646	-0.0052013
1647	-0.0047155
1648	-0.0049674
1649	-0.0043285
1650	-0.0030636
1651	-0.0012846
1652	-0.0002435
1653	-0.0000047
1654	-0.0000029
1655	-0.0000005
1656	0.0000000
1657	0.0000000
1658	0.0000000
1659	0.0000000
1660	0.0000000
1661	0.0000000
1662	0.0000000
1663	-0.0000003
1664	-0.0001081
1665	-0.0015844
1666	-0.0035528
1667	-0.0042063
1668	-0.0052868
1669	-0.0054030
1670	-0.0054014
1671	-0.0037115
1672	-0.0030049
1673	-0.0024207
1674	-0.0019014
1675	-0.0009931
1676	-0.0001205
1677	-0.0000159
1678	-0.0000011
1679	0.0000000
1680	0.0000000
1681	0.0000000
1682	0.0000000
1683	0.0000000
1684	0.0000000
1685	0.0000000
1686	-0.0000000
1687	-0.0000463
1688	-0.0010760
1689	-0.0021735
1690	-0.0028336
1691	-0.0028775
1692	-0.0034897
1693	-0.0032016
1694	-0.0036792
1695	-0.0041528
1696	-0.0034765
1697	-0.0038009
1698	-0.0029575
1699	-0.0000248
1700	0.0000000
1701	0.0000000
1702	0.0000000
1703	0.0000000
1704	0.0000000
1705	0.0000000
1706	0.0000000
1707	0.0000000
1708	0.0000000
1709	-0.0000000
1710	-0.0000001
1711	-0.0000211
1712	-0.0004904
1713	-0.0023521
1714	-0.0032858
1715	-0.0036578
1716	-0.0037619
1717	-0.0034871
1718	-0.0037629
1719	-0.0035079
1720	-0.0029627
1721	-0.0029087
1722	-0.0023046
1723	-0.0007325
1724	-0.0001391
1725	-0.0000079
1726	-0.0000073
1727	-0.0000081
1728	-0.0000000
1729	0.0000000
1730	0.0000000
1731	0.0000000
1732	0.0000000
1733	0.0000000
1734	-0.0000000
1735	-0.0000052
1736	-0.0001457
1737	-0.0014966
1738	-0.0029667
1739	-0.0038187
1740	-0.0045439
1741	-0.0049201
1742	-0.0052127
1743	-0.0046695
1744	-0.0037406
1745	-0.0031658
1746	-0.0021912
1747	-0.0005142
1748	-0.0000362
1749	-0.0000027
1750	-0.0000026
1751	-0.0000024
1752	0.0000000
1753	0.0000000
1754	0.0000000
1755	0.0000000
1756	0.0000000
1757	0.0000000
1758	0.0000000
1759	0.0000000
1760	-0.0000015
1761	-0.0000313
1762	-0.0002593
1763	-0.0019115
1764	-0.0036169
1765	-0.0043083
1766	-0.0046055
1767	-0.0045205
1768	-0.0040586
1769	-0.0033591
1770	-0.0017878
1771	-0.0004169
1772	-0.0001037
1773	-0.0000028
1774	-0.0000001
1775	-0.0000018
1776	0.0000000
1777	0.0000000
1778	0.0000000
1779	0.0000000
1780	0.0000000
1781	0.0000000
1782	0.0000000
1783	-0.0000021
1784	-0.0000374
1785	-0.0001471
1786	-0.0000014
1787	-0.0000027
1788	-0.0005335
1789	-0.0024314
1790	-0.0031212
1791	-0.0030036
1792	-0.0018380
1793	-0.0023255
1794	-0.0014497
1795	-0.0002526
1796	-0.0000075
1797	-0.0000000
1798	0.0000000
1799	0.0000000
1800	0.0000000
1801	0.0000000
1802	0.0000000
1803	0.0000000
1804	0.0000000
1805	0.0000000
1806	0.0000000
1807	-0.0000003
1808	-0.0000138
1809	-0.0001850
1810	-0.0005015
1811	-0.0009475
1812	-0.0011682
1813	-0.0003827
1814	-0.0003871
1815	-0.0010413
1816	-0.0017815
1817	-0.0021965
1818	-0.0013694
1819	-0.0003210
1820	-0.0000279
1821	-0.0000066
1822	-0.0000048
1823	0.0000000
1824	0.0000000
1825	0.0000000
1826	0.0000000
1827	0.0000000
1828	0.0000000
1829	-0.0000000
1830	-0.0000000
1831	-0.0000049
1832	-0.0000716
1833	-0.0004338
1834	-0.0011065
1835	-0.0024430
1836	-0.0034501
1837	-0.0040965
1838	-0.0044135
1839	-0.0045129
1840	-0.0039818
1841	-0.0028473
1842	-0.0011384
1843	-0.0002924
1844	-0.0000379
1845	-0.0000068
1846	-0.0000075
1847	-0.0000051
1848	0.0000000
1849	0.0000000
1850	0.0000000
1851	0.0000000
1852	0.0000000
1853	0.0000000
1854	0.0000000
1855	-0.0000007
1856	-0.0000656
1857	-0.0002485
1858	-0.0006744
1859	-0.0014196
1860	-0.0014157
1861	-0.0014282
1862	-0.0015510
1863	-0.0014717
1864	-0.0014651
1865	-0.0012509
1866	-0.0006827
1867	-0.0002328
1868	-0.0000232
1869	-0.0000063
1870	-0.0000079
1871	-0.0000083
1872	0.0000000
1873	0.0000000
1874	0.0000000
1875	0.0000000
1876	0.0000000
1877	0.0000000
1878	0.0000000
1879	-0.0000008
1880	-0.0000180
1881	-0.0002534
1882	-0.0011782
1883	-0.0026485
1884	-0.0027295
1885	-0.0033542
1886	-0.0042088
1887	-0.0045000
1888	-0.0034286
1889	-0.0033397
1890	-0.0019276
1891	-0.0003868
1892	-0.0000183
1893	-0.0000016
1894	-0.0000109
1895	-0.0000000
1896	0.0000000
1897	0.0000000
1898	0.0000000
1899	0.0000000
1900	0.0000000
1901	-0.0000000
1902	-0.0000001
1903	-0.0000235
1904	-0.0003933
1905	-0.0014609
1906	-0.0023207
1907	-0.0027068
1908	-0.0028394
1909	-0.0029313
1910	-0.0033012
1911	-0.0023116
1912	-0.0020909
1913	-0.0018211
1914	-0.0015120
1915	-0.0004851
1916	-0.0000518
1917	-0.0000122
1918	-0.0000085
1919	-0.0000058
1920	0.0000000
1921	0.0000000
1922	0.0000000
1923	0.0000000
1924	0.0000000
1925	0.0000000
1926	0.0000000
1927	-0.0000000
1928	-0.0000189
1929	-0.0006677
1930	-0.0023096
1931	-0.0029434
1932	-0.0029495
1933	-0.0039954
1934	-0.0044288
1935	-0.0043558
1936	-0.0038712
1937	-0.0032726
1938	-0.0019552
1939	-0.0006472
1940	-0.0001195
1941	-0.0000094
1942	-0.0000081
1943	-0.0000033
1944	0.0000000
1945	0.0000000
1946	0.0000000
1947	0.0000000
1948	0.0000000
1949	0.0000000
1950	-0.0000000
1951	-0.0000038
1952	-0.0000942
1953	-0.0013605
1954	-0.0028319
1955	-0.0037329
1956	-0.0042540
1957	-0.0049601
1958	-0.0052963
1959	-0.0051974
1960	-0.0047544
1961	-0.0038719
1962	-0.0024091
1963	-0.0007073
1964	-0.0000702
1965	-0.0000079
1966	-0.0000111
1967	-0.0000000
1968	0.0000000
1969	0.0000000
1970	0.0000000
1971	0.0000000
1972	0.0000000
1973	-0.0000001
1974	-0.0000002
1975	-0.0000138
1976	-0.0003429
1977	-0.0021627
1978	-0.0036087
1979	-0.0048496
1980	-0.0058538
1981	-0.0061235
1982	-0.0062036
1983	-0.0059922
1984	-0.0055291
1985	-0.0042908
1986	-0.0026301
1987	-0.0009639
1988	-0.0000592
1989	-0.0000073
1990	-0.0000001
