TIME_UNITS h
DATA_UNITS kg/s
0	-0.0000010
1	-0.0000026
2	-0.0000031
3	-0.0000015
4	-0.0000009
5	-0.0000004
6	-0.0000046
7	-0.0000614
8	-0.0003757
9	-0.0007784
10	-0.0012409
11	-0.0017173
12	-0.0018962
13	-0.0020346
14	-0.0021704
15	-0.0022188
16	-0.0021691
17	-0.0019616
18	-0.0016020
19	-0.0010129
20	-0.0003503
21	-0.0000394
22	-0.0000038
23	-0.0000018
24	-0.0000020
25	-0.0000014
26	-0.0000006
27	-0.0000006
28	0.0000000
29	0.0000000
30	0.0000000
31	0.0000000
32	-0.0002802
33	-0.0009069
34	-0.0015929
35	-0.0021019
36	-0.0023187
37	-0.0024296
38	-0.0022020
39	-0.0017499
40	-0.0014993
41	-0.0006308
42	-0.0003027
43	-0.0002215
44	-0.0000575
45	-0.0000002
46	0.0000000
47	0.0000000
48	0.0000000
49	0.0000000
50	0.0000000
51	0.0000000
52	0.0000000
53	0.0000000
54	0.0000000
55	0.0000000
56	0.0000000
57	-0.0000001
58	-0.0000151
59	-0.0002086
60	-0.0013865
61	-0.0014886
62	-0.0021555
63	-0.0021446
64	-0.0000018
65	0.0000000
66	-0.0000376
67	-0.0001695
68	-0.0000549
69	-0.0000019
70	-0.0000000
71	-0.0000015
72	-0.0000009
73	-0.0000011
74	-0.0000003
75	-0.0000001
76	-0.0000010
77	-0.0000009
78	-0.0000266
79	-0.0002096
80	-0.0002233
81	-0.0004215
82	-0.0007205
83	-0.0009170
84	-0.0009799
85	-0.0013824
86	-0.0017171
87	-0.0018060
88	-0.0014520
89	-0.0013985
90	-0.0010134
91	-0.0004502
92	-0.0001489
93	-0.0000126
94	-0.0000024
95	0.0000000
96	0.0000000
97	0.0000000
98	0.0000000
99	0.0000000
100	0.0000000
101	0.0000000
102	0.0000000
103	-0.0000395
104	-0.0003665
105	-0.0011494
106	-0.0016799
107	-0.0022249
108	-0.0021198
109	-0.0018834
110	-0.0013441
111	-0.0000055
112	0.0000000
113	-0.0000112
114	-0.0000755
115	-0.0000002
116	-0.0000000
117	0.0000000
118	0.0000000
119	0.0000000
120	0.0000000
121	-0.0000000
122	0.0000000
123	-0.0000001
124	-0.0000003
125	-0.0000002
126	-0.0000012
127	0.0000000
128	-0.0000153
129	-0.0001094
130	-0.0002292
131	-0.0003231
132	-0.0004495
133	-0.0004466
134	-0.0003971
135	-0.0003705
136	-0.0006230
137	-0.0007754
138	-0.0006983
139	-0.0005139
140	-0.0000925
141	-0.0000026
142	0.0000000
143	0.0000000
144	0.0000000
145	0.0000000
146	-0.0000000
147	-0.0000000
148	-0.0000001
149	0.0000000
150	-0.0000003
151	-0.0000530
152	-0.0002304
153	-0.0010784
154	-0.0018874
155	-0.0020878
156	-0.0027652
157	-0.0018309
158	-0.0019609
159	-0.0016335
160	-0.0010491
161	-0.0009436
162	-0.0008632
163	-0.0003996
164	-0.0001552
165	-0.0000270
166	-0.0000058
167	-0.0000045
168	0.0000000
169	0.0000000
170	0.0000000
171	0.0000000
172	-0.0000000
173	-0.0000000
174	-0.0000067
175	-0.0000487
176	-0.0001790
177	-0.0003432
178	-0.0003730
179	-0.0007293
180	-0.0013631
181	-0.0015109
182	-0.0014713
183	-0.0012494
184	-0.0004908
185	-0.0005880
186	-0.0007443
187	-0.0005352
188	-0.0001075
189	-0.0000004
190	0.0000000
191	0.0000000
192	0.0000000
193	0.0000000
194	0.0000000
195	0.0000000
196	0.0000000
197	-0.0000000
198	-0.0000001
199	-0.0000248
200	-0.0001383
201	-0.0003858
202	-0.0006115
203	-0.0010366
204	-0.0012610
205	-0.0010895
206	-0.0010345
207	-0.0010765
208	-0.0003979
209	-0.0006589
210	-0.0005496
211	-0.0000079
212	-0.0000005
213	-0.0000000
214	-0.0000000
215	0.0000000
216	0.0000000
217	0.0000000
218	0.0000000
219	0.0000000
220	0.0000000
221	0.0000000
222	0.0000000
223	-0.0000001
224	-0.0000006
225	-0.0000033
226	-0.0000004
227	-0.0000011
228	-0.0000046
229	-0.0000593
230	-0.0001870
231	-0.0003032
232	-0.0005255
233	-0.0006340
234	-0.0004621
235	-0.0002543
236	-0.0000526
237	0.0000000
238	0.0000000
239	0.0000000
240	0.0000000
241	0.0000000
242	0.0000000
243	0.0000000
244	0.0000000
245	0.0000000
246	0.0000000
247	-0.0000008
248	-0.0002206
249	-0.0009002
250	-0.0017328
251	-0.0021785
252	-0.0025717
253	-0.0028675
254	-0.0029478
255	-0.0028726
256	-0.0025006
257	-0.0022566
258	-0.0017810
259	-0.0011151
260	-0.0002779
261	-0.0000133
262	-0.0000016
263	0.0000000
264	0.0000000
265	0.0000000
266	0.0000000
267	0.0000000
268	0.0000000
269	-0.0000000
270	-0.0000002
271	-0.0000298
272	-0.0003867
273	-0.0007073
274	-0.0010743
275	-0.0018944
276	-0.0029108
277	-0.0030342
278	-0.0030569
279	-0.0031530
280	-0.0027558
281	-0.0025444
282	-0.0018875
283	-0.0008952
284	-0.0002543
285	-0.0000530
286	-0.0000165
287	-0.0000000
288	0.0000000
289	0.0000000
290	0.0000000
291	0.0000000
292	0.0000000
293	-0.0000000
294	-0.0000018
295	-0.0000972
296	-0.0008884
297	-0.0014725
298	-0.0022071
299	-0.0026235
300	-0.0028487
301	-0.0028463
302	-0.0024328
303	-0.0022858
304	-0.0024371
305	-0.0011965
306	-0.0013944
307	-0.0007223
308	-0.0002097
309	-0.0000057
310	0.0000000
311	0.0000000
312	0.0000000
313	0.0000000
314	0.0000000
315	0.0000000
316	0.0000000
317	0.0000000
318	0.0000000
319	-0.0000218
320	-0.0002166
321	-0.0007931
322	-0.0016752
323	-0.0022515
324	-0.0025851
325	-0.0028111
326	-0.0028112
327	-0.0027909
328	-0.0026423
329	-0.0021933
330	-0.0016395
331	-0.0008783
332	-0.0002705
333	-0.0000232
334	0.0000000
335	0.0000000
336	0.0000000
337	0.0000000
338	0.0000000
339	0.0000000
340	0.0000000
341	0.0000000
342	0.0000000
343	-0.0000383
344	-0.0003124
345	-0.0008152
346	-0.0015035
347	-0.0022285
348	-0.0027134
349	-0.0029716
350	-0.0030674
351	-0.0030385
352	-0.0028235
353	-0.0022321
354	-0.0012406
355	-0.0008437
356	-0.0002421
357	-0.0000263
358	-0.0000065
359	-0.0000000
360	0.0000000
361	0.0000000
362	0.0000000
363	0.0000000
364	0.0000000
365	0.0000000
366	0.0000000
367	0.0000000
368	0.0000000
369	-0.0000083
370	-0.0001330
371	-0.0008387
372	-0.0009644
373	-0.0009500
374	-0.0006856
375	-0.0012093
376	-0.0014383
377	-0.0015716
378	-0.0013432
379	-0.0007647
380	-0.0001747
381	-0.0000099
382	-0.0000016
383	-0.0000000
384	0.0000000
385	0.0000000
386	0.0000000
387	0.0000000
388	0.0000000
389	0.0000000
390	0.0000000
391	-0.0000152
392	-0.0001088
393	-0.0000520
394	-0.0000680
395	-0.0001488
396	-0.0003505
397	-0.0003477
398	-0.0001137
399	-0.0001407
400	-0.0005877
401	-0.0016692
402	-0.0014581
403	-0.0009586
404	-0.0002250
405	-0.0000087
406	-0.0000046
407	-0.0000004
408	0.0000000
409	0.0000000
410	0.0000000
411	0.0000000
412	0.0000000
413	0.0000000
414	0.0000000
415	-0.0000076
416	-0.0001322
417	-0.0004250
418	-0.0006454
419	-0.0008388
420	-0.0009476
421	-0.0011213
422	-0.0012430
423	-0.0015760
424	-0.0018219
425	-0.0016318
426	-0.0012578
427	-0.0009239
428	-0.0003526
429	-0.0000105
430	-0.0000012
431	-0.0000005
432	0.0000000
433	0.0000000
434	0.0000000
435	0.0000000
436	0.0000000
437	0.0000000
438	0.0000000
439	-0.0000004
440	-0.0000016
441	-0.0000126
442	-0.0000100
443	-0.0000000
444	0.0000000
445	0.0000000
446	-0.0002758
447	-0.0016499
448	-0.0007046
449	-0.0000015
450	0.0000000
451	0.0000000
452	0.0000000
453	-0.0000000
454	-0.0000000
455	-0.0000003
456	-0.0000007
457	0.0000000
458	0.0000000
459	0.0000000
460	0.0000000
461	0.0000000
462	-0.0000004
463	-0.0000160
464	-0.0000752
465	-0.0001920
466	-0.0004347
467	-0.0006863
468	-0.0006169
469	-0.0005905
470	-0.0008642
471	-0.0004488
472	-0.0011077
473	-0.0011588
474	-0.0010118
475	-0.0006381
476	-0.0000923
477	-0.0000000
478	0.0000000
479	-0.0000016
480	0.0000000
481	0.0000000
482	0.0000000
483	0.0000000
484	0.0000000
485	0.0000000
486	-0.0000005
487	-0.0000056
488	-0.0000090
489	-0.0000010
490	-0.0000083
491	-0.0001504
492	-0.0002679
493	-0.0006794
494	-0.0009240
495	-0.0009376
496	-0.0011803
497	-0.0012116
498	-0.0011280
499	-0.0007938
500	-0.0003983
501	-0.0000352
502	-0.0000006
503	-0.0000013
504	-0.0000038
505	-0.0000015
506	-0.0000038
507	-0.0000069
508	-0.0000087
509	-0.0000075
510	-0.0001296
511	-0.0002422
512	-0.0004523
513	-0.0000047
514	0.0000000
515	-0.0000908
516	-0.0005180
517	-0.0011497
518	-0.0014802
519	-0.0014711
520	-0.0013443
521	-0.0013111
522	-0.0013376
523	-0.0010487
524	-0.0005399
525	-0.0000547
526	-0.0000040
527	-0.0000000
528	0.0000000
529	0.0000000
530	0.0000000
531	0.0000000
532	0.0000000
533	0.0000000
534	-0.0000002
535	-0.0000038
536	-0.0001724
537	-0.0008443
538	-0.0010857
539	-0.0012109
540	-0.0010428
541	-0.0014715
542	-0.0017358
543	-0.0017092
544	-0.0014986
545	-0.0013163
546	-0.0011790
547	-0.0009019
548	-0.0004438
549	-0.0000585
550	-0.0000053
551	-0.0000000
552	0.0000000
553	0.0000000
554	0.0000000
555	0.0000000
556	0.0000000
557	0.0000000
558	-0.0000000
559	-0.0000050
560	-0.0002250
561	-0.0009631
562	-0.0013584
563	-0.0013374
564	-0.0015335
565	-0.0019272
566	-0.0020781
567	-0.0021802
568	-0.0021392
569	-0.0019309
570	-0.0016119
571	-0.0011613
572	-0.0004231
573	-0.0000859
574	-0.0000000
575	0.0000000
576	0.0000000
577	0.0000000
578	0.0000000
579	0.0000000
580	-0.0000000
581	-0.0000000
582	-0.0000003
583	-0.0000136
584	-0.0002489
585	-0.0011223
586	-0.0017196
587	-0.0021949
588	-0.0026043
589	-0.0027613
590	-0.0027642
591	-0.0027245
592	-0.0023418
593	-0.0021177
594	-0.0016656
595	-0.0012183
596	-0.0002996
597	-0.0000290
598	-0.0000056
599	0.0000000
600	0.0000000
601	0.0000000
602	0.0000000
603	0.0000000
604	0.0000000
605	-0.0000000
606	-0.0000021
607	-0.0000589
608	-0.0006211
609	-0.0016807
610	-0.0022436
611	-0.0026751
612	-0.0030018
613	-0.0032289
614	-0.0033736
615	-0.0033578
616	-0.0032116
617	-0.0027120
618	-0.0018698
619	-0.0010093
620	-0.0003130
621	-0.0000649
622	-0.0000104
623	-0.0000144
624	-0.0000000
625	0.0000000
626	0.0000000
627	0.0000000
628	0.0000000
629	0.0000000
630	-0.0000006
631	-0.0000313
632	-0.0008408
633	-0.0019485
634	-0.0024899
635	-0.0030030
636	-0.0032804
637	-0.0034355
638	-0.0034608
639	-0.0035345
640	-0.0034754
641	-0.0029836
642	-0.0018996
643	-0.0011285
644	-0.0004050
645	-0.0000861
646	-0.0000186
647	-0.0000211
648	-0.0000000
649	0.0000000
650	0.0000000
651	0.0000000
652	0.0000000
653	-0.0000000
654	-0.0000018
655	-0.0000861
656	-0.0009103
657	-0.0020479
658	-0.0027032
659	-0.0029522
660	-0.0033698
661	-0.0037835
662	-0.0038099
663	-0.0036800
664	-0.0037934
665	-0.0032589
666	-0.0023329
667	-0.0015874
668	-0.0004799
669	-0.0000584
670	-0.0000190
671	-0.0000136
672	-0.0000000
673	0.0000000
674	0.0000000
675	0.0000000
676	0.0000000
677	0.0000000
678	0.0000000
679	-0.0000008
680	-0.0000007
681	-0.0000012
682	-0.0000575
683	-0.0004771
684	-0.0000538
685	-0.0001470
686	-0.0005306
687	-0.0009305
688	-0.0013535
689	-0.0010077
690	-0.0006153
691	-0.0002529
692	-0.0000266
693	-0.0000155
694	-0.0000000
695	0.0000000
696	0.0000000
697	0.0000000
698	0.0000000
699	0.0000000
700	-0.0000001
701	-0.0000001
702	-0.0000002
703	-0.0000009
704	-0.0001939
705	-0.0006138
706	-0.0006473
707	-0.0014528
708	-0.0016645
709	-0.0018988
710	-0.0014413
711	-0.0016445
712	-0.0021356
713	-0.0018601
714	-0.0014110
715	-0.0004834
716	-0.0000631
717	-0.0000077
718	-0.0000033
719	0.0000000
720	0.0000000
721	0.0000000
722	0.0000000
723	0.0000000
724	0.0000000
725	0.0000000
726	-0.0000005
727	-0.0000195
728	-0.0002642
729	-0.0005655
730	-0.0010179
731	-0.0021916
732	-0.0027388
733	-0.0028084
734	-0.0020499
735	-0.0021031
736	-0.0028536
737	-0.0022619
738	-0.0016655
739	-0.0008259
740	-0.0001074
741	-0.0000175
742	-0.0000044
743	0.0000000
744	0.0000000
745	0.0000000
746	0.0000000
747	0.0000000
748	0.0000000
749	-0.0000000
750	-0.0000003
751	-0.0000050
752	-0.0000202
753	-0.0000018
754	-0.0000020
755	-0.0003288
756	-0.0009237
757	-0.0014756
758	-0.0016927
759	-0.0020529
760	-0.0021062
761	-0.0022866
762	-0.0017267
763	-0.0010752
764	-0.0003672
765	-0.0000113
766	-0.0000053
767	0.0000000
768	0.0000000
769	0.0000000
770	0.0000000
771	0.0000000
772	0.0000000
773	0.0000000
774	0.0000000
775	-0.0000035
776	-0.0001645
777	-0.0005677
778	-0.0014116
779	-0.0021403
780	-0.0027340
781	-0.0026943
782	-0.0027461
783	-0.0028335
784	-0.0027044
785	-0.0026290
786	-0.0019946
787	-0.0011925
788	-0.0002768
789	-0.0000590
790	-0.0000075
791	0.0000000
792	0.0000000
793	0.0000000
794	0.0000000
795	0.0000000
796	0.0000000
797	0.0000000
798	0.0000000
799	-0.0000000
800	-0.0002353
801	-0.0010953
802	-0.0020735
803	-0.0027047
804	-0.0031857
805	-0.0033413
806	-0.0034468
807	-0.0033756
808	-0.0031457
809	-0.0026546
810	-0.0018696
811	-0.0007057
812	-0.0000169
813	-0.0000073
814	-0.0000072
815	-0.0000068
816	0.0000000
817	0.0000000
818	0.0000000
819	0.0000000
820	0.0000000
821	0.0000000
822	-0.0000002
823	-0.0000216
824	-0.0003699
825	-0.0017017
826	-0.0023135
827	-0.0027938
828	-0.0032449
829	-0.0035693
830	-0.0036626
831	-0.0035472
832	-0.0030152
833	-0.0021565
834	-0.0012029
835	-0.0004823
836	-0.0002418
837	-0.0000128
838	-0.0000031
839	-0.0000001
840	0.0000000
841	0.0000000
842	0.0000000
843	0.0000000
844	0.0000000
845	0.0000000
846	0.0000000
847	-0.0000300
848	-0.0001548
849	-0.0005029
850	-0.0014391
851	-0.0021532
852	-0.0025533
853	-0.0023739
854	-0.0021923
855	-0.0019075
856	-0.0021681
857	-0.0023175
858	-0.0019461
859	-0.0014654
860	-0.0006249
861	-0.0000532
862	-0.0000000
863	0.0000000
864	0.0000000
865	0.0000000
866	0.0000000
867	0.0000000
868	0.0000000
869	-0.0000000
870	-0.0000011
871	-0.0000108
872	-0.0000637
873	-0.0007178
874	-0.0017095
875	-0.0024263
876	-0.0030578
877	-0.0032203
878	-0.0032998
879	-0.0032453
880	-0.0030628
881	-0.0024133
882	-0.0013690
883	-0.0011059
884	-0.0001606
885	-0.0000155
886	-0.0000025
887	-0.0000019
888	0.0000000
889	0.0000000
890	0.0000000
891	0.0000000
892	0.0000000
893	0.0000000
894	0.0000000
895	0.0000000
896	-0.0001247
897	-0.0009580
898	-0.0021247
899	-0.0026400
900	-0.0031590
901	-0.0033958
902	-0.0035837
903	-0.0034759
904	-0.0023283
905	-0.0013904
906	-0.0011969
907	-0.0007598
908	-0.0000798
909	-0.0000493
910	-0.0000148
911	-0.0000133
912	-0.0000000
913	0.0000000
914	0.0000000
915	0.0000000
916	0.0000000
917	0.0000000
918	0.0000000
919	-0.0000014
920	-0.0000517
921	-0.0000212
922	-0.0001323
923	-0.0005708
924	-0.0000323
925	-0.0000265
926	-0.0003301
927	-0.0011295
928	-0.0016660
929	-0.0021430
930	-0.0018245
931	-0.0011550
932	-0.0003308
933	-0.0000284
934	-0.0000056
935	-0.0000035
936	0.0000000
937	0.0000000
938	0.0000000
939	0.0000000
940	0.0000000
941	0.0000000
942	-0.0000001
943	-0.0000089
944	-0.0002396
945	-0.0014187
946	-0.0019940
947	-0.0025399
948	-0.0029556
949	-0.0030094
950	-0.0031044
951	-0.0031320
952	-0.0029497
953	-0.0025668
954	-0.0020524
955	-0.0010926
956	-0.0004114
957	-0.0000326
958	-0.0000080
959	-0.0000048
960	-0.0000000
961	0.0000000
962	0.0000000
963	0.0000000
964	0.0000000
965	0.0000000
966	-0.0000000
967	-0.0000088
968	-0.0003092
969	-0.0015078
970	-0.0021030
971	-0.0025087
972	-0.0025414
973	-0.0021526
974	-0.0024035
975	-0.0026023
976	-0.0023607
977	-0.0021648
978	-0.0016239
979	-0.0010253
980	-0.0001717
981	-0.0000156
982	-0.0000020
983	-0.0000006
984	0.0000000
985	0.0000000
986	0.0000000
987	0.0000000
988	0.0000000
989	0.0000000
990	0.0000000
991	0.0000000
992	-0.0000001
993	-0.0000844
994	-0.0002279
995	-0.0001428
996	-0.0000864
997	-0.0001291
998	-0.0006714
999	-0.0007133
1000	-0.0002979
1001	-0.0000661
1002	-0.0000118
1003	-0.0000057
1004	-0.0000005
1005	0.0000000
1006	0.0000000
1007	0.0000000
1008	0.0000000
1009	0.0000000
1010	0.0000000
1011	0.0000000
1012	0.0000000
1013	0.0000000
1014	0.0000000
1015	-0.0000037
1016	-0.0000460
1017	-0.0003230
1018	-0.0014527
1019	-0.0018892
1020	-0.0024399
1021	-0.0024599
1022	-0.0024226
1023	-0.0025334
1024	-0.0021862
1025	-0.0013668
1026	-0.0006848
1027	-0.0002265
1028	-0.0000886
1029	-0.0000039
1030	0.0000000
1031	0.0000000
1032	0.0000000
1033	0.0000000
1034	0.0000000
1035	0.0000000
1036	0.0000000
1037	0.0000000
1038	0.0000000
1039	-0.0000008
1040	-0.0000833
1041	-0.0005486
1042	-0.0015775
1043	-0.0022825
1044	-0.0007652
1045	-0.0022464
1046	-0.0021171
1047	-0.0019476
1048	-0.0013198
1049	-0.0013615
1050	-0.0010515
1051	-0.0003947
1052	-0.0000856
1053	-0.0000005
1054	-0.0000000
1055	-0.0000001
1056	0.0000000
1057	0.0000000
1058	0.0000000
1059	0.0000000
1060	0.0000000
1061	0.0000000
1062	-0.0000001
1063	-0.0000179
1064	-0.0001567
1065	-0.0006198
1066	-0.0018231
1067	-0.0023851
1068	-0.0025406
1069	-0.0029075
1070	-0.0030085
1071	-0.0029733
1072	-0.0028388
1073	-0.0024214
1074	-0.0018862
1075	-0.0010377
1076	-0.0003236
1077	-0.0000218
1078	-0.0000009
1079	0.0000000
1080	0.0000000
1081	0.0000000
1082	0.0000000
1083	0.0000000
1084	0.0000000
1085	0.0000000
1086	0.0000000
1087	-0.0000029
1088	-0.0001160
1089	-0.0002852
1090	-0.0004623
1091	-0.0007334
1092	-0.0005773
1093	-0.0011006
1094	-0.0012889
1095	-0.0009805
1096	-0.0009003
1097	-0.0004058
1098	-0.0000225
1099	-0.0000023
1100	0.0000000
1101	0.0000000
1102	0.0000000
1103	0.0000000
1104	0.0000000
1105	0.0000000
1106	0.0000000
1107	0.0000000
1108	0.0000000
1109	0.0000000
1110	-0.0000000
1111	-0.0000063
1112	-0.0000639
1113	-0.0001984
1114	-0.0003119
1115	-0.0006919
1116	-0.0009113
1117	-0.0006516
1118	-0.0010659
1119	-0.0020782
1120	-0.0021719
1121	-0.0016584
1122	-0.0008768
1123	-0.0005718
1124	-0.0000266
1125	-0.0000139
1126	-0.0000000
1127	0.0000000
1128	0.0000000
1129	0.0000000
1130	0.0000000
1131	0.0000000
1132	0.0000000
1133	0.0000000
1134	0.0000000
1135	-0.0000014
1136	-0.0000175
1137	-0.0004119
1138	-0.0010115
1139	-0.0009894
1140	-0.0004897
1141	-0.0009879
1142	-0.0011090
1143	-0.0008864
1144	-0.0010170
1145	-0.0000198
1146	-0.0000297
1147	-0.0000280
1148	-0.0000017
1149	0.0000000
1150	0.0000000
1151	-0.0000004
1152	0.0000000
1153	0.0000000
1154	0.0000000
1155	0.0000000
1156	0.0000000
1157	0.0000000
1158	0.0000000
1159	-0.0000083
1160	-0.0000983
1161	-0.0004930
1162	-0.0013755
1163	-0.0022442
1164	-0.0026724
1165	-0.0029792
1166	-0.0030471
1167	-0.0029023
1168	-0.0027700
1169	-0.0023803
1170	-0.0017871
1171	-0.0010699
1172	-0.0003008
1173	-0.0000025
1174	0.0000000
1175	0.0000000
1176	0.0000000
1177	0.0000000
1178	0.0000000
1179	0.0000000
1180	0.0000000
1181	0.0000000
1182	0.0000000
1183	-0.0000004
1184	-0.0000969
1185	-0.0007772
1186	-0.0019492
1187	-0.0025555
1188	-0.0030686
1189	-0.0032743
1190	-0.0035304
1191	-0.0034581
1192	-0.0031193
1193	-0.0025790
1194	-0.0016651
1195	-0.0008572
1196	-0.0002641
1197	-0.0000192
1198	-0.0000033
1199	-0.0000000
1200	0.0000000
1201	0.0000000
1202	0.0000000
1203	0.0000000
1204	0.0000000
1205	-0.0000000
1206	-0.0000004
1207	-0.0000227
1208	-0.0003721
1209	-0.0013725
1210	-0.0020272
1211	-0.0026285
1212	-0.0030599
1213	-0.0034116
1214	-0.0035716
1215	-0.0032470
1216	-0.0030461
1217	-0.0018984
1218	-0.0012022
1219	-0.0009163
1220	-0.0003376
1221	-0.0000155
1222	-0.0000146
1223	-0.0000137
1224	-0.0000000
1225	0.0000000
1226	0.0000000
1227	0.0000000
1228	0.0000000
1229	0.0000000
1230	-0.0000001
1231	-0.0000160
1232	-0.0000583
1233	-0.0002683
1234	-0.0003600
1235	-0.0016234
1236	-0.0023459
1237	-0.0021478
1238	-0.0029947
1239	-0.0028919
1240	-0.0027412
1241	-0.0022420
1242	-0.0018208
1243	-0.0011975
1244	-0.0003708
1245	-0.0000245
1246	-0.0000062
1247	0.0000000
1248	0.0000000
1249	0.0000000
1250	0.0000000
1251	0.0000000
1252	0.0000000
1253	0.0000000
1254	0.0000000
1255	-0.0000007
1256	-0.0001305
1257	-0.0008876
1258	-0.0018155
1259	-0.0023087
1260	-0.0026925
1261	-0.0028425
1262	-0.0026672
1263	-0.0027342
1264	-0.0026515
1265	-0.0023318
1266	-0.0017848
1267	-0.0009386
1268	-0.0001738
1269	-0.0000071
1270	-0.0000070
1271	-0.0000068
1272	0.0000000
1273	0.0000000
1274	0.0000000
1275	0.0000000
1276	0.0000000
1277	0.0000000
1278	0.0000000
1279	-0.0000002
1280	-0.0001559
1281	-0.0007203
1282	-0.0015786
1283	-0.0020723
1284	-0.0023277
1285	-0.0022334
1286	-0.0022515
1287	-0.0019279
1288	-0.0022218
1289	-0.0018229
1290	-0.0015621
1291	-0.0007821
1292	-0.0001811
1293	-0.0000061
1294	-0.0000037
1295	-0.0000031
1296	0.0000000
1297	0.0000000
1298	0.0000000
1299	0.0000000
1300	0.0000000
1301	0.0000000
1302	-0.0000000
1303	-0.0000000
1304	-0.0000002
1305	-0.0001100
1306	-0.0003290
1307	-0.0005583
1308	-0.0010531
1309	-0.0005828
1310	-0.0002840
1311	-0.0004256
1312	-0.0004071
1313	-0.0004112
1314	-0.0004111
1315	-0.0001229
1316	-0.0000491
1317	-0.0000000
1318	0.0000000
1319	0.0000000
1320	0.0000000
1321	0.0000000
1322	0.0000000
1323	0.0000000
1324	0.0000000
1325	0.0000000
1326	-0.0000000
1327	-0.0000024
1328	-0.0000419
1329	-0.0004445
1330	-0.0008609
1331	-0.0016659
1332	-0.0016088
1333	-0.0019979
1334	-0.0015220
1335	-0.0002846
1336	-0.0006891
1337	-0.0016643
1338	-0.0010582
1339	-0.0005198
1340	-0.0000790
1341	-0.0000010
1342	0.0000000
1343	0.0000000
1344	0.0000000
1345	0.0000000
1346	0.0000000
1347	0.0000000
1348	0.0000000
1349	0.0000000
1350	-0.0000008
1351	-0.0000155
1352	-0.0000029
1353	-0.0000106
1354	-0.0000723
1355	-0.0002540
1356	-0.0001559
1357	-0.0000071
1358	0.0000000
1359	0.0000000
1360	-0.0000359
1361	-0.0002442
1362	-0.0006214
1363	-0.0003312
1364	-0.0000189
1365	-0.0000015
1366	-0.0000018
1367	0.0000000
1368	0.0000000
1369	0.0000000
1370	0.0000000
1371	0.0000000
1372	0.0000000
1373	-0.0000000
1374	-0.0000006
1375	-0.0000186
1376	-0.0000534
1377	-0.0002413
1378	-0.0009619
1379	-0.0017216
1380	-0.0012616
1381	-0.0018646
1382	-0.0007815
1383	-0.0019373
1384	-0.0022869
1385	-0.0021468
1386	-0.0015317
1387	-0.0007395
1388	-0.0000154
1389	0.0000000
1390	0.0000000
1391	0.0000000
1392	0.0000000
1393	0.0000000
1394	0.0000000
1395	0.0000000
1396	0.0000000
1397	-0.0000000
1398	-0.0000002
1399	-0.0000215
1400	-0.0001669
1401	-0.0011027
1402	-0.0019716
1403	-0.0026844
1404	-0.0028214
1405	-0.0028291
1406	-0.0021460
1407	-0.0024505
1408	-0.0024871
1409	-0.0022834
1410	-0.0016612
1411	-0.0008972
1412	-0.0001802
1413	-0.0000060
1414	-0.0000022
1415	0.0000000
1416	0.0000000
1417	0.0000000
1418	0.0000000
1419	0.0000000
1420	0.0000000
1421	0.0000000
1422	-0.0000000
1423	-0.0000070
1424	-0.0002583
1425	-0.0012397
1426	-0.0018456
1427	-0.0021923
1428	-0.0022953
1429	-0.0022675
1430	-0.0023386
1431	-0.0000018
1432	0.0000000
1433	-0.0002456
1434	-0.0014888
1435	-0.0010369
1436	-0.0002723
1437	-0.0000083
1438	-0.0000065
1439	-0.0000060
1440	0.0000000
1441	0.0000000
1442	0.0000000
1443	0.0000000
1444	0.0000000
1445	0.0000000
1446	-0.0000000
1447	-0.0000021
1448	-0.0000813
1449	-0.0006127
1450	-0.0017317
1451	-0.0020565
1452	-0.0022953
1453	-0.0022119
1454	-0.0024770
1455	-0.0023849
1456	-0.0021600
1457	-0.0019038
1458	-0.0015208
1459	-0.0009466
1460	-0.0001828
1461	-0.0000074
1462	-0.0000050
1463	-0.0000041
1464	0.0000000
1465	0.0000000
1466	0.0000000
1467	0.0000000
1468	0.0000000
1469	0.0000000
1470	-0.0000000
1471	-0.0000020
1472	-0.0000907
1473	-0.0005784
1474	-0.0014955
1475	-0.0019081
1476	-0.0023484
1477	-0.0026661
1478	-0.0027545
1479	-0.0028470
1480	-0.0023328
1481	-0.0015559
1482	-0.0013095
1483	-0.0004414
1484	-0.0000598
1485	-0.0000037
1486	-0.0000056
1487	-0.0000000
1488	0.0000000
1489	0.0000000
1490	0.0000000
1491	0.0000000
1492	0.0000000
1493	0.0000000
1494	0.0000000
1495	0.0000000
1496	0.0000000
1497	-0.0000172
1498	-0.0003918
1499	-0.0013979
1500	-0.0014657
1501	-0.0023311
1502	-0.0028273
1503	-0.0026545
1504	-0.0024398
1505	-0.0020440
1506	-0.0014402
1507	-0.0005848
1508	-0.0000641
1509	-0.0000005
1510	0.0000000
1511	0.0000000
1512	0.0000000
1513	0.0000000
1514	0.0000000
1515	0.0000000
1516	0.0000000
1517	0.0000000
1518	0.0000000
1519	-0.0000001
1520	-0.0000003
1521	0.0000000
1522	0.0000000
1523	0.0000000
1524	-0.0000186
1525	-0.0007562
1526	-0.0021866
1527	-0.0023530
1528	-0.0018470
1529	-0.0016628
1530	-0.0011918
1531	-0.0005471
1532	-0.0000611
1533	-0.0000009
1534	0.0000000
1535	0.0000000
1536	0.0000000
1537	0.0000000
1538	0.0000000
1539	0.0000000
1540	0.0000000
1541	0.0000000
1542	-0.0000000
1543	-0.0000074
1544	-0.0001000
1545	-0.0005079
1546	-0.0015232
1547	-0.0022319
1548	-0.0027182
1549	-0.0030030
1550	-0.0029911
1551	-0.0028544
1552	-0.0024642
1553	-0.0016728
1554	-0.0008135
1555	-0.0002830
1556	-0.0000083
1557	-0.0000019
1558	0.0000000
1559	0.0000000
1560	0.0000000
1561	0.0000000
1562	0.0000000
1563	0.0000000
1564	0.0000000
1565	0.0000000
1566	0.0000000
1567	-0.0000069
1568	-0.0001278
1569	-0.0005868
1570	-0.0014741
1571	-0.0022514
1572	-0.0016469
1573	-0.0009139
1574	-0.0009190
1575	-0.0008190
1576	-0.0005989
1577	-0.0003312
1578	-0.0001666
1579	-0.0000681
1580	-0.0000011
1581	-0.0000000
1582	-0.0000001
1583	0.0000000
1584	0.0000000
1585	0.0000000
1586	0.0000000
1587	0.0000000
1588	0.0000000
1589	0.0000000
1590	-0.0000000
1591	-0.0000085
1592	-0.0000565
1593	-0.0002646
1594	-0.0010679
1595	-0.0020779
1596	-0.0026236
1597	-0.0029001
1598	-0.0029860
1599	-0.0027797
1600	-0.0023494
1601	-0.0022444
1602	-0.0012949
1603	-0.0005019
1604	-0.0000856
1605	-0.0000017
1606	-0.0000000
1607	0.0000000
1608	0.0000000
1609	0.0000000
1610	0.0000000
1611	0.0000000
1612	0.0000000
1613	0.0000000
1614	-0.0000000
1615	-0.0000018
1616	-0.0001805
1617	-0.0008885
1618	-0.0016924
1619	-0.0022683
1620	-0.0027072
1621	-0.0029316
1622	-0.0019057
1623	-0.0016510
1624	-0.0022164
1625	-0.0018663
1626	-0.0012329
1627	-0.0006144
1628	-0.0000554
1629	-0.0000081
1630	-0.0000062
1631	-0.0000039
1632	-0.0000000
1633	0.0000000
1634	0.0000000
1635	0.0000000
1636	0.0000000
1637	0.0000000
1638	0.0000000
1639	0.0000000
1640	-0.0000037
1641	-0.0000002
1642	0.0000000
1643	-0.0001525
1644	-0.0015359
1645	-0.0025160
1646	-0.0026484
1647	-0.0024011
1648	-0.0025293
1649	-0.0022040
1650	-0.0015599
1651	-0.0006541
1652	-0.0001240
1653	-0.0000024
1654	-0.0000015
1655	-0.0000003
1656	0.0000000
1657	0.0000000
1658	0.0000000
1659	0.0000000
1660	0.0000000
1661	0.0000000
1662	0.0000000
1663	-0.0000002
1664	-0.0000550
1665	-0.0008067
1666	-0.0018090
1667	-0.0021418
1668	-0.0026919
1669	-0.0027511
1670	-0.0027503
1671	-0.0018898
1672	-0.0015300
1673	-0.0012326
1674	-0.0009681
1675	-0.0005057
1676	-0.0000614
1677	-0.0000081
1678	-0.0000005
1679	0.0000000
1680	0.0000000
1681	0.0000000
1682	0.0000000
1683	0.0000000
1684	0.0000000
1685	0.0000000
1686	-0.0000000
1687	-0.0000236
1688	-0.0005479
1689	-0.0011067
1690	-0.0014428
1691	-0.0014651
1692	-0.0017769
1693	-0.0016302
1694	-0.0018734
1695	-0.0021145
1696	-0.0017702
1697	-0.0019354
1698	-0.0015059
1699	-0.0000126
1700	0.0000000
1701	0.0000000
1702	0.0000000
1703	0.0000000
1704	0.0000000
1705	0.0000000
1706	0.0000000
1707	0.0000000
1708	0.0000000
1709	-0.0000000
1710	-0.0000001
1711	-0.0000108
1712	-0.0002497
1713	-0.0011977
1714	-0.0016731
1715	-0.0018625
1716	-0.0019155
1717	-0.0017756
1718	-0.0019160
1719	-0.0017862
1720	-0.0015085
1721	-0.0014810
1722	-0.0011734
1723	-0.0003730
1724	-0.0000708
1725	-0.0000040
1726	-0.0000037
1727	-0.0000041
1728	-0.0000000
1729	0.0000000
1730	0.0000000
1731	0.0000000
1732	0.0000000
1733	0.0000000
1734	-0.0000000
1735	-0.0000027
1736	-0.0000742
1737	-0.0007621
1738	-0.0015106
1739	-0.0019444
1740	-0.0023137
1741	-0.0025052
1742	-0.0026542
1743	-0.0023776
1744	-0.0019046
1745	-0.0016120
1746	-0.0011157
1747	-0.0002618
1748	-0.0000184
1749	-0.0000014
1750	-0.0000013
1751	-0.0000012
1752	0.0000000
1753	0.0000000
1754	0.0000000
1755	0.0000000
1756	0.0000000
1757	0.0000000
1758	0.0000000
1759	0.0000000
1760	-0.0000007
1761	-0.0000159
1762	-0.0001320
1763	-0.0009733
1764	-0.0018416
1765	-0.0021937
1766	-0.0023450
1767	-0.0023018
1768	-0.0020666
1769	-0.0017104
1770	-0.0009103
1771	-0.0002123
1772	-0.0000528
1773	-0.0000014
1774	-0.0000000
1775	-0.0000009
1776	0.0000000
1777	0.0000000
1778	0.0000000
1779	0.0000000
1780	0.0000000
1781	0.0000000
1782	0.0000000
1783	-0.0000010
1784	-0.0000190
1785	-0.0000749
1786	-0.0000007
1787	-0.0000014
1788	-0.0002717
1789	-0.0012380
1790	-0.0015892
1791	-0.0015294
1792	-0.0009359
1793	-0.0011841
1794	-0.0007381
1795	-0.0001286
1796	-0.0000038
1797	-0.0000000
1798	0.0000000
1799	0.0000000
1800	0.0000000
1801	0.0000000
1802	0.0000000
1803	0.0000000
1804	0.0000000
1805	0.0000000
1806	0.0000000
1807	-0.0000001
1808	-0.0000070
1809	-0.0000942
1810	-0.0002553
1811	-0.0004824
1812	-0.0005948
1813	-0.0001949
1814	-0.0001971
1815	-0.0005302
1816	-0.0009071
1817	-0.0011184
1818	-0.0006973
1819	-0.0001634
1820	-0.0000142
1821	-0.0000033
1822	-0.0000024
1823	0.0000000
1824	0.0000000
1825	0.0000000
1826	0.0000000
1827	0.0000000
1828	0.0000000
1829	-0.0000000
1830	-0.0000000
1831	-0.0000025
1832	-0.0000365
1833	-0.0002209
1834	-0.0005634
1835	-0.0012439
1836	-0.0017567
1837	-0.0020858
1838	-0.0022473
1839	-0.0022979
1840	-0.0020275
1841	-0.0014498
1842	-0.0005797
1843	-0.0001489
1844	-0.0000193
1845	-0.0000035
1846	-0.0000038
1847	-0.0000026
1848	0.0000000
1849	0.0000000
1850	0.0000000
1851	0.0000000
1852	0.0000000
1853	0.0000000
1854	0.0000000
1855	-0.0000004
1856	-0.0000334
1857	-0.0001265
1858	-0.0003434
1859	-0.0007228
1860	-0.0007208
1861	-0.0007272
1862	-0.0007897
1863	-0.0007494
1864	-0.0007460
1865	-0.0006369
1866	-0.0003476
1867	-0.0001185
1868	-0.0000118
1869	-0.0000032
1870	-0.0000040
1871	-0.0000042
1872	0.0000000
1873	0.0000000
1874	0.0000000
1875	0.0000000
1876	0.0000000
1877	0.0000000
1878	0.0000000
1879	-0.0000004
1880	-0.0000092
1881	-0.0001290
1882	-0.0005999
1883	-0.0013486
1884	-0.0013898
1885	-0.0017079
1886	-0.0021431
1887	-0.0022913
1888	-0.0017458
1889	-0.0017005
1890	-0.0009815
1891	-0.0001970
1892	-0.0000093
1893	-0.0000008
1894	-0.0000056
1895	-0.0000000
1896	0.0000000
1897	0.0000000
1898	0.0000000
1899	0.0000000
1900	0.0000000
1901	-0.0000000
1902	-0.0000000
1903	-0.0000120
1904	-0.0002003
1905	-0.0007439
1906	-0.0011817
1907	-0.0013782
1908	-0.0014457
1909	-0.0014926
1910	-0.0016809
1911	-0.0011770
1912	-0.0010646
1913	-0.0009273
1914	-0.0007699
1915	-0.0002470
1916	-0.0000264
1917	-0.0000062
1918	-0.0000043
1919	-0.0000030
1920	0.0000000
1921	0.0000000
1922	0.0000000
1923	0.0000000
1924	0.0000000
1925	0.0000000
1926	0.0000000
1927	-0.0000000
1928	-0.0000096
1929	-0.0003400
1930	-0.0011760
1931	-0.0014987
1932	-0.0015018
1933	-0.0020344
1934	-0.0022550
1935	-0.0022179
1936	-0.0019711
1937	-0.0016664
1938	-0.0009956
1939	-0.0003295
1940	-0.0000608
1941	-0.0000048
1942	-0.0000041
1943	-0.0000017
1944	0.0000000
1945	0.0000000
1946	0.0000000
1947	0.0000000
1948	0.0000000
1949	0.0000000
1950	-0.0000000
1951	-0.0000020
1952	-0.0000480
1953	-0.0006927
1954	-0.0014419
1955	-0.0019007
1956	-0.0021661
1957	-0.0025256
1958	-0.0026968
1959	-0.0026464
1960	-0.0024208
1961	-0.0019715
1962	-0.0012267
1963	-0.0003601
1964	-0.0000358
1965	-0.0000040
1966	-0.0000056
1967	-0.0000000
1968	0.0000000
1969	0.0000000
1970	0.0000000
1971	0.0000000
1972	0.0000000
1973	-0.0000000
1974	-0.0000001
1975	-0.0000071
1976	-0.0001746
1977	-0.0011012
1978	-0.0018375
1979	-0.0024693
1980	-0.0029807
1981	-0.0031180
1982	-0.0031587
1983	-0.0030511
1984	-0.0028153
1985	-0.0021848
1986	-0.0013392
1987	-0.0004908
1988	-0.0000301
1989	-0.0000037
1990	-0.0000001
