TIME_UNITS h
DATA_UNITS kg/s
0	-0.0000011
1	-0.0000029
2	-0.0000035
3	-0.0000017
4	-0.0000011
5	-0.0000004
6	-0.0000052
7	-0.0000704
8	-0.0004309
9	-0.0008927
10	-0.0014232
11	-0.0019695
12	-0.0021748
13	-0.0023335
14	-0.0024892
15	-0.0025448
16	-0.0024877
17	-0.0022497
18	-0.0018374
19	-0.0011617
20	-0.0004017
21	-0.0000452
22	-0.0000044
23	-0.0000021
24	-0.0000023
25	-0.0000016
26	-0.0000007
27	-0.0000007
28	0.0000000
29	0.0000000
30	0.0000000
31	0.0000000
32	-0.0003214
33	-0.0010401
34	-0.0018269
35	-0.0024106
36	-0.0026593
37	-0.0027865
38	-0.0025255
39	-0.0020069
40	-0.0017195
41	-0.0007235
42	-0.0003471
43	-0.0002541
44	-0.0000659
45	-0.0000003
46	0.0000000
47	0.0000000
48	0.0000000
49	0.0000000
50	0.0000000
51	0.0000000
52	0.0000000
53	0.0000000
54	0.0000000
55	0.0000000
56	0.0000000
57	-0.0000001
58	-0.0000173
59	-0.0002392
60	-0.0015902
61	-0.0017072
62	-0.0024721
63	-0.0024597
64	-0.0000021
65	0.0000000
66	-0.0000431
67	-0.0001944
68	-0.0000630
69	-0.0000022
70	-0.0000000
71	-0.0000017
72	-0.0000010
73	-0.0000013
74	-0.0000004
75	-0.0000001
76	-0.0000011
77	-0.0000010
78	-0.0000305
79	-0.0002403
80	-0.0002561
81	-0.0004835
82	-0.0008264
83	-0.0010517
84	-0.0011238
85	-0.0015855
86	-0.0019694
87	-0.0020713
88	-0.0016653
89	-0.0016039
90	-0.0011622
91	-0.0005164
92	-0.0001708
93	-0.0000145
94	-0.0000027
95	0.0000000
96	0.0000000
97	0.0000000
98	0.0000000
99	0.0000000
100	0.0000000
101	0.0000000
102	0.0000000
103	-0.0000453
104	-0.0004203
105	-0.0013183
106	-0.0019267
107	-0.0025518
108	-0.0024312
109	-0.0021600
110	-0.0015416
111	-0.0000063
112	0.0000000
113	-0.0000129
114	-0.0000866
115	-0.0000002
116	-0.0000000
117	0.0000000
118	0.0000000
119	0.0000000
120	0.0000000
121	-0.0000000
122	0.0000000
123	-0.0000001
124	-0.0000003
125	-0.0000002
126	-0.0000014
127	0.0000000
128	-0.0000176
129	-0.0001255
130	-0.0002628
131	-0.0003706
132	-0.0005155
133	-0.0005122
134	-0.0004554
135	-0.0004250
136	-0.0007145
137	-0.0008893
138	-0.0008009
139	-0.0005894
140	-0.0001061
141	-0.0000030
142	0.0000000
143	0.0000000
144	0.0000000
145	0.0000000
146	-0.0000000
147	-0.0000000
148	-0.0000001
149	0.0000000
150	-0.0000004
151	-0.0000608
152	-0.0002643
153	-0.0012369
154	-0.0021647
155	-0.0023945
156	-0.0031714
157	-0.0020999
158	-0.0022490
159	-0.0018735
160	-0.0012032
161	-0.0010822
162	-0.0009900
163	-0.0004583
164	-0.0001780
165	-0.0000310
166	-0.0000067
167	-0.0000051
168	0.0000000
169	0.0000000
170	0.0000000
171	0.0000000
172	-0.0000000
173	-0.0000000
174	-0.0000077
175	-0.0000558
176	-0.0002052
177	-0.0003936
178	-0.0004278
179	-0.0008364
180	-0.0015633
181	-0.0017328
182	-0.0016875
183	-0.0014329
184	-0.0005629
185	-0.0006744
186	-0.0008536
187	-0.0006138
188	-0.0001233
189	-0.0000004
190	0.0000000
191	0.0000000
192	0.0000000
193	0.0000000
194	0.0000000
195	0.0000000
196	0.0000000
197	-0.0000000
198	-0.0000001
199	-0.0000285
200	-0.0001586
201	-0.0004424
202	-0.0007013
203	-0.0011888
204	-0.0014462
205	-0.0012496
206	-0.0011865
207	-0.0012347
208	-0.0004563
209	-0.0007557
210	-0.0006304
211	-0.0000091
212	-0.0000006
213	-0.0000000
214	-0.0000000
215	0.0000000
216	0.0000000
217	0.0000000
218	0.0000000
219	0.0000000
220	0.0000000
221	0.0000000
222	0.0000000
223	-0.0000001
224	-0.0000007
225	-0.0000038
226	-0.0000004
227	-0.0000012
228	-0.0000052
229	-0.0000680
230	-0.0002145
231	-0.0003477
232	-0.0006027
233	-0.0007271
234	-0.0005300
235	-0.0002917
236	-0.0000604
237	0.0000000
238	0.0000000
239	0.0000000
240	0.0000000
241	0.0000000
242	0.0000000
243	0.0000000
244	0.0000000
245	0.0000000
246	0.0000000
247	-0.0000009
248	-0.0002530
249	-0.0010324
250	-0.0019873
251	-0.0024985
252	-0.0029495
253	-0.0032888
254	-0.0033808
255	-0.0032946
256	-0.0028679
257	-0.0025881
258	-0.0020426
259	-0.0012789
260	-0.0003188
261	-0.0000153
262	-0.0000018
263	0.0000000
264	0.0000000
265	0.0000000
266	0.0000000
267	0.0000000
268	0.0000000
269	-0.0000000
270	-0.0000002
271	-0.0000342
272	-0.0004435
273	-0.0008112
274	-0.0012321
275	-0.0021727
276	-0.0033384
277	-0.0034799
278	-0.0035059
279	-0.0036162
280	-0.0031606
281	-0.0029182
282	-0.0021648
283	-0.0010267
284	-0.0002917
285	-0.0000607
286	-0.0000189
287	-0.0000000
288	0.0000000
289	0.0000000
290	0.0000000
291	0.0000000
292	0.0000000
293	-0.0000000
294	-0.0000021
295	-0.0001115
296	-0.0010189
297	-0.0016888
298	-0.0025313
299	-0.0030089
300	-0.0032672
301	-0.0032644
302	-0.0027901
303	-0.0026216
304	-0.0027951
305	-0.0013723
306	-0.0015992
307	-0.0008284
308	-0.0002405
309	-0.0000065
310	0.0000000
311	0.0000000
312	0.0000000
313	0.0000000
314	0.0000000
315	0.0000000
316	0.0000000
317	0.0000000
318	0.0000000
319	-0.0000250
320	-0.0002484
321	-0.0009096
322	-0.0019213
323	-0.0025823
324	-0.0029648
325	-0.0032241
326	-0.0032242
327	-0.0032008
328	-0.0030304
329	-0.0025155
330	-0.0018803
331	-0.0010073
332	-0.0003102
333	-0.0000266
334	0.0000000
335	0.0000000
336	0.0000000
337	0.0000000
338	0.0000000
339	0.0000000
340	0.0000000
341	0.0000000
342	0.0000000
343	-0.0000439
344	-0.0003582
345	-0.0009350
346	-0.0017243
347	-0.0025558
348	-0.0031120
349	-0.0034081
350	-0.0035180
351	-0.0034848
352	-0.0032383
353	-0.0025599
354	-0.0014229
355	-0.0009677
356	-0.0002777
357	-0.0000302
358	-0.0000074
359	-0.0000000
360	0.0000000
361	0.0000000
362	0.0000000
363	0.0000000
364	0.0000000
365	0.0000000
366	0.0000000
367	0.0000000
368	0.0000000
369	-0.0000095
370	-0.0001525
371	-0.0009620
372	-0.0011061
373	-0.0010895
374	-0.0007863
375	-0.0013869
376	-0.0016496
377	-0.0018025
378	-0.0015405
379	-0.0008770
380	-0.0002004
381	-0.0000114
382	-0.0000019
383	-0.0000000
384	0.0000000
385	0.0000000
386	0.0000000
387	0.0000000
388	0.0000000
389	0.0000000
390	0.0000000
391	-0.0000174
392	-0.0001248
393	-0.0000596
394	-0.0000779
395	-0.0001707
396	-0.0004020
397	-0.0003987
398	-0.0001304
399	-0.0001613
400	-0.0006741
401	-0.0019144
402	-0.0016723
403	-0.0010994
404	-0.0002580
405	-0.0000100
406	-0.0000053
407	-0.0000004
408	0.0000000
409	0.0000000
410	0.0000000
411	0.0000000
412	0.0000000
413	0.0000000
414	0.0000000
415	-0.0000087
416	-0.0001517
417	-0.0004874
418	-0.0007402
419	-0.0009620
420	-0.0010868
421	-0.0012860
422	-0.0014256
423	-0.0018075
424	-0.0020895
425	-0.0018715
426	-0.0014426
427	-0.0010596
428	-0.0004044
429	-0.0000120
430	-0.0000014
431	-0.0000006
432	0.0000000
433	0.0000000
434	0.0000000
435	0.0000000
436	0.0000000
437	0.0000000
438	0.0000000
439	-0.0000005
440	-0.0000018
441	-0.0000144
442	-0.0000115
443	-0.0000000
444	0.0000000
445	0.0000000
446	-0.0003163
447	-0.0018922
448	-0.0008081
449	-0.0000017
450	0.0000000
451	0.0000000
452	0.0000000
453	-0.0000000
454	-0.0000000
455	-0.0000003
456	-0.0000008
457	0.0000000
458	0.0000000
459	0.0000000
460	0.0000000
461	0.0000000
462	-0.0000005
463	-0.0000183
464	-0.0000862
465	-0.0002201
466	-0.0004986
467	-0.0007871
468	-0.0007075
469	-0.0006772
470	-0.0009911
471	-0.0005147
472	-0.0012704
473	-0.0013291
474	-0.0011604
475	-0.0007318
476	-0.0001058
477	-0.0000001
478	0.0000000
479	-0.0000019
480	0.0000000
481	0.0000000
482	0.0000000
483	0.0000000
484	0.0000000
485	0.0000000
486	-0.0000005
487	-0.0000065
488	-0.0000103
489	-0.0000012
490	-0.0000095
491	-0.0001725
492	-0.0003073
493	-0.0007791
494	-0.0010597
495	-0.0010753
496	-0.0013536
497	-0.0013895
498	-0.0012937
499	-0.0009104
500	-0.0004568
501	-0.0000403
502	-0.0000007
503	-0.0000015
504	-0.0000043
505	-0.0000017
506	-0.0000043
507	-0.0000079
508	-0.0000100
509	-0.0000086
510	-0.0001487
511	-0.0002778
512	-0.0005187
513	-0.0000054
514	0.0000000
515	-0.0001041
516	-0.0005940
517	-0.0013186
518	-0.0016976
519	-0.0016872
520	-0.0015418
521	-0.0015037
522	-0.0015341
523	-0.0012028
524	-0.0006192
525	-0.0000627
526	-0.0000046
527	-0.0000000
528	0.0000000
529	0.0000000
530	0.0000000
531	0.0000000
532	0.0000000
533	0.0000000
534	-0.0000002
535	-0.0000044
536	-0.0001977
537	-0.0009684
538	-0.0012452
539	-0.0013888
540	-0.0011960
541	-0.0016877
542	-0.0019908
543	-0.0019603
544	-0.0017188
545	-0.0015097
546	-0.0013522
547	-0.0010344
548	-0.0005090
549	-0.0000671
550	-0.0000061
551	-0.0000000
552	0.0000000
553	0.0000000
554	0.0000000
555	0.0000000
556	0.0000000
557	0.0000000
558	-0.0000000
559	-0.0000057
560	-0.0002581
561	-0.0011046
562	-0.0015579
563	-0.0015338
564	-0.0017588
565	-0.0022102
566	-0.0023834
567	-0.0025005
568	-0.0024534
569	-0.0022146
570	-0.0018487
571	-0.0013319
572	-0.0004852
573	-0.0000985
574	-0.0000000
575	0.0000000
576	0.0000000
577	0.0000000
578	0.0000000
579	0.0000000
580	-0.0000000
581	-0.0000000
582	-0.0000003
583	-0.0000156
584	-0.0002855
585	-0.0012872
586	-0.0019721
587	-0.0025173
588	-0.0029869
589	-0.0031669
590	-0.0031702
591	-0.0031247
592	-0.0026858
593	-0.0024288
594	-0.0019103
595	-0.0013972
596	-0.0003437
597	-0.0000333
598	-0.0000065
599	0.0000000
600	0.0000000
601	0.0000000
602	0.0000000
603	0.0000000
604	0.0000000
605	-0.0000000
606	-0.0000024
607	-0.0000675
608	-0.0007123
609	-0.0019275
610	-0.0025732
611	-0.0030680
612	-0.0034427
613	-0.0037033
614	-0.0038691
615	-0.0038510
616	-0.0036833
617	-0.0031104
618	-0.0021445
619	-0.0011576
620	-0.0003590
621	-0.0000744
622	-0.0000119
623	-0.0000165
624	-0.0000000
625	0.0000000
626	0.0000000
627	0.0000000
628	0.0000000
629	0.0000000
630	-0.0000007
631	-0.0000359
632	-0.0009643
633	-0.0022347
634	-0.0028556
635	-0.0034441
636	-0.0037623
637	-0.0039402
638	-0.0039692
639	-0.0040537
640	-0.0039860
641	-0.0034218
642	-0.0021786
643	-0.0012942
644	-0.0004645
645	-0.0000987
646	-0.0000213
647	-0.0000242
648	-0.0000000
649	0.0000000
650	0.0000000
651	0.0000000
652	0.0000000
653	-0.0000000
654	-0.0000020
655	-0.0000987
656	-0.0010441
657	-0.0023487
658	-0.0031002
659	-0.0033858
660	-0.0038648
661	-0.0043393
662	-0.0043696
663	-0.0042206
664	-0.0043506
665	-0.0037377
666	-0.0026756
667	-0.0018206
668	-0.0005503
669	-0.0000669
670	-0.0000218
671	-0.0000156
672	-0.0000000
673	0.0000000
674	0.0000000
675	0.0000000
676	0.0000000
677	0.0000000
678	0.0000000
679	-0.0000009
680	-0.0000007
681	-0.0000014
682	-0.0000659
683	-0.0005472
684	-0.0000617
685	-0.0001686
686	-0.0006086
687	-0.0010672
688	-0.0015523
689	-0.0011558
690	-0.0007056
691	-0.0002901
692	-0.0000305
693	-0.0000178
694	-0.0000000
695	0.0000000
696	0.0000000
697	0.0000000
698	0.0000000
699	0.0000000
700	-0.0000001
701	-0.0000001
702	-0.0000002
703	-0.0000010
704	-0.0002224
705	-0.0007040
706	-0.0007424
707	-0.0016662
708	-0.0019090
709	-0.0021777
710	-0.0016531
711	-0.0018861
712	-0.0024493
713	-0.0021333
714	-0.0016183
715	-0.0005544
716	-0.0000724
717	-0.0000088
718	-0.0000038
719	0.0000000
720	0.0000000
721	0.0000000
722	0.0000000
723	0.0000000
724	0.0000000
725	0.0000000
726	-0.0000005
727	-0.0000224
728	-0.0003031
729	-0.0006486
730	-0.0011674
731	-0.0025136
732	-0.0031411
733	-0.0032210
734	-0.0023510
735	-0.0024121
736	-0.0032728
737	-0.0025942
738	-0.0019101
739	-0.0009473
740	-0.0001232
741	-0.0000201
742	-0.0000051
743	0.0000000
744	0.0000000
745	0.0000000
746	0.0000000
747	0.0000000
748	0.0000000
749	-0.0000000
750	-0.0000004
751	-0.0000057
752	-0.0000232
753	-0.0000021
754	-0.0000023
755	-0.0003771
756	-0.0010594
757	-0.0016923
758	-0.0019413
759	-0.0023545
760	-0.0024156
761	-0.0026225
762	-0.0019804
763	-0.0012332
764	-0.0004211
765	-0.0000129
766	-0.0000061
767	0.0000000
768	0.0000000
769	0.0000000
770	0.0000000
771	0.0000000
772	0.0000000
773	0.0000000
774	0.0000000
775	-0.0000041
776	-0.0001887
777	-0.0006511
778	-0.0016189
779	-0.0024547
780	-0.0031356
781	-0.0030901
782	-0.0031495
783	-0.0032497
784	-0.0031017
785	-0.0030152
786	-0.0022876
787	-0.0013676
788	-0.0003174
789	-0.0000676
790	-0.0000086
791	0.0000000
792	0.0000000
793	0.0000000
794	0.0000000
795	0.0000000
796	0.0000000
797	0.0000000
798	0.0000000
799	-0.0000001
800	-0.0002699
801	-0.0012562
802	-0.0023781
803	-0.0031020
804	-0.0036536
805	-0.0038321
806	-0.0039531
807	-0.0038714
808	-0.0036078
809	-0.0030445
810	-0.0021442
811	-0.0008094
812	-0.0000194
813	-0.0000084
814	-0.0000083
815	-0.0000078
816	0.0000000
817	0.0000000
818	0.0000000
819	0.0000000
820	0.0000000
821	0.0000000
822	-0.0000002
823	-0.0000247
824	-0.0004242
825	-0.0019516
826	-0.0026534
827	-0.0032042
828	-0.0037215
829	-0.0040937
830	-0.0042006
831	-0.0040683
832	-0.0034581
833	-0.0024733
834	-0.0013796
835	-0.0005531
836	-0.0002773
837	-0.0000147
838	-0.0000035
839	-0.0000001
840	0.0000000
841	0.0000000
842	0.0000000
843	0.0000000
844	0.0000000
845	0.0000000
846	0.0000000
847	-0.0000344
848	-0.0001775
849	-0.0005768
850	-0.0016505
851	-0.0024695
852	-0.0029284
853	-0.0027226
854	-0.0025143
855	-0.0021877
856	-0.0024865
857	-0.0026579
858	-0.0022320
859	-0.0016807
860	-0.0007167
861	-0.0000610
862	-0.0000000
863	0.0000000
864	0.0000000
865	0.0000000
866	0.0000000
867	0.0000000
868	0.0000000
869	-0.0000000
870	-0.0000013
871	-0.0000124
872	-0.0000730
873	-0.0008232
874	-0.0019606
875	-0.0027828
876	-0.0035070
877	-0.0036933
878	-0.0037845
879	-0.0037220
880	-0.0035127
881	-0.0027678
882	-0.0015701
883	-0.0012683
884	-0.0001841
885	-0.0000178
886	-0.0000029
887	-0.0000022
888	0.0000000
889	0.0000000
890	0.0000000
891	0.0000000
892	0.0000000
893	0.0000000
894	0.0000000
895	0.0000000
896	-0.0001430
897	-0.0010988
898	-0.0024368
899	-0.0030278
900	-0.0036230
901	-0.0038946
902	-0.0041101
903	-0.0039864
904	-0.0026704
905	-0.0015946
906	-0.0013727
907	-0.0008714
908	-0.0000915
909	-0.0000565
910	-0.0000170
911	-0.0000153
912	-0.0000000
913	0.0000000
914	0.0000000
915	0.0000000
916	0.0000000
917	0.0000000
918	0.0000000
919	-0.0000017
920	-0.0000593
921	-0.0000243
922	-0.0001517
923	-0.0006546
924	-0.0000371
925	-0.0000303
926	-0.0003786
927	-0.0012954
928	-0.0019107
929	-0.0024577
930	-0.0020925
931	-0.0013247
932	-0.0003794
933	-0.0000326
934	-0.0000064
935	-0.0000041
936	0.0000000
937	0.0000000
938	0.0000000
939	0.0000000
940	0.0000000
941	0.0000000
942	-0.0000001
943	-0.0000103
944	-0.0002748
945	-0.0016272
946	-0.0022869
947	-0.0029130
948	-0.0033897
949	-0.0034514
950	-0.0035605
951	-0.0035921
952	-0.0033829
953	-0.0029439
954	-0.0023539
955	-0.0012531
956	-0.0004718
957	-0.0000374
958	-0.0000092
959	-0.0000055
960	-0.0000000
961	0.0000000
962	0.0000000
963	0.0000000
964	0.0000000
965	0.0000000
966	-0.0000000
967	-0.0000101
968	-0.0003546
969	-0.0017293
970	-0.0024119
971	-0.0028772
972	-0.0029148
973	-0.0024688
974	-0.0027566
975	-0.0029845
976	-0.0027075
977	-0.0024827
978	-0.0018624
979	-0.0011759
980	-0.0001970
981	-0.0000179
982	-0.0000023
983	-0.0000007
984	0.0000000
985	0.0000000
986	0.0000000
987	0.0000000
988	0.0000000
989	0.0000000
990	0.0000000
991	0.0000000
992	-0.0000001
993	-0.0000968
994	-0.0002614
995	-0.0001637
996	-0.0000990
997	-0.0001481
998	-0.0007700
999	-0.0008181
1000	-0.0003417
1001	-0.0000758
1002	-0.0000136
1003	-0.0000065
1004	-0.0000005
1005	0.0000000
1006	0.0000000
1007	0.0000000
1008	0.0000000
1009	0.0000000
1010	0.0000000
1011	0.0000000
1012	0.0000000
1013	0.0000000
1014	0.0000000
1015	-0.0000042
1016	-0.0000527
1017	-0.0003704
1018	-0.0016660
1019	-0.0021667
1020	-0.0027983
1021	-0.0028213
1022	-0.0027784
1023	-0.0029055
1024	-0.0025074
1025	-0.0015676
1026	-0.0007854
1027	-0.0002598
1028	-0.0001016
1029	-0.0000044
1030	0.0000000
1031	0.0000000
1032	0.0000000
1033	0.0000000
1034	0.0000000
1035	0.0000000
1036	0.0000000
1037	0.0000000
1038	0.0000000
1039	-0.0000009
1040	-0.0000955
1041	-0.0006292
1042	-0.0018093
1043	-0.0026178
1044	-0.0008776
1045	-0.0025764
1046	-0.0024281
1047	-0.0022337
1048	-0.0015137
1049	-0.0015615
1050	-0.0012060
1051	-0.0004527
1052	-0.0000982
1053	-0.0000005
1054	-0.0000000
1055	-0.0000001
1056	0.0000000
1057	0.0000000
1058	0.0000000
1059	0.0000000
1060	0.0000000
1061	0.0000000
1062	-0.0000001
1063	-0.0000205
1064	-0.0001797
1065	-0.0007108
1066	-0.0020909
1067	-0.0027355
1068	-0.0029138
1069	-0.0033346
1070	-0.0034504
1071	-0.0034100
1072	-0.0032558
1073	-0.0027771
1074	-0.0021632
1075	-0.0011901
1076	-0.0003711
1077	-0.0000250
1078	-0.0000011
1079	0.0000000
1080	0.0000000
1081	0.0000000
1082	0.0000000
1083	0.0000000
1084	0.0000000
1085	0.0000000
1086	0.0000000
1087	-0.0000033
1088	-0.0001330
1089	-0.0003271
1090	-0.0005302
1091	-0.0008411
1092	-0.0006621
1093	-0.0012622
1094	-0.0014783
1095	-0.0011246
1096	-0.0010325
1097	-0.0004654
1098	-0.0000258
1099	-0.0000026
1100	0.0000000
1101	0.0000000
1102	0.0000000
1103	0.0000000
1104	0.0000000
1105	0.0000000
1106	0.0000000
1107	0.0000000
1108	0.0000000
1109	0.0000000
1110	-0.0000000
1111	-0.0000072
1112	-0.0000733
1113	-0.0002276
1114	-0.0003577
1115	-0.0007935
1116	-0.0010452
1117	-0.0007473
1118	-0.0012225
1119	-0.0023835
1120	-0.0024910
1121	-0.0019020
1122	-0.0010057
1123	-0.0006558
1124	-0.0000305
1125	-0.0000160
1126	-0.0000000
1127	0.0000000
1128	0.0000000
1129	0.0000000
1130	0.0000000
1131	0.0000000
1132	0.0000000
1133	0.0000000
1134	0.0000000
1135	-0.0000016
1136	-0.0000201
1137	-0.0004724
1138	-0.0011601
1139	-0.0011347
1140	-0.0005616
1141	-0.0011330
1142	-0.0012719
1143	-0.0010166
1144	-0.0011664
1145	-0.0000227
1146	-0.0000341
1147	-0.0000321
1148	-0.0000020
1149	0.0000000
1150	0.0000000
1151	-0.0000004
1152	0.0000000
1153	0.0000000
1154	0.0000000
1155	0.0000000
1156	0.0000000
1157	0.0000000
1158	0.0000000
1159	-0.0000095
1160	-0.0001127
1161	-0.0005654
1162	-0.0015776
1163	-0.0025738
1164	-0.0030650
1165	-0.0034169
1166	-0.0034947
1167	-0.0033286
1168	-0.0031769
1169	-0.0027299
1170	-0.0020496
1171	-0.0012271
1172	-0.0003450
1173	-0.0000029
1174	0.0000000
1175	0.0000000
1176	0.0000000
1177	0.0000000
1178	0.0000000
1179	0.0000000
1180	0.0000000
1181	0.0000000
1182	0.0000000
1183	-0.0000005
1184	-0.0001111
1185	-0.0008913
1186	-0.0022356
1187	-0.0029309
1188	-0.0035194
1189	-0.0037553
1190	-0.0040490
1191	-0.0039661
1192	-0.0035775
1193	-0.0029579
1194	-0.0019097
1195	-0.0009831
1196	-0.0003029
1197	-0.0000221
1198	-0.0000037
1199	-0.0000000
1200	0.0000000
1201	0.0000000
1202	0.0000000
1203	0.0000000
1204	0.0000000
1205	-0.0000000
1206	-0.0000005
1207	-0.0000260
1208	-0.0004268
1209	-0.0015741
1210	-0.0023250
1211	-0.0030146
1212	-0.0035094
1213	-0.0039127
1214	-0.0040963
1215	-0.0037239
1216	-0.0034936
1217	-0.0021773
1218	-0.0013788
1219	-0.0010509
1220	-0.0003872
1221	-0.0000178
1222	-0.0000167
1223	-0.0000157
1224	-0.0000000
1225	0.0000000
1226	0.0000000
1227	0.0000000
1228	0.0000000
1229	0.0000000
1230	-0.0000002
1231	-0.0000184
1232	-0.0000668
1233	-0.0003077
1234	-0.0004129
1235	-0.0018619
1236	-0.0026905
1237	-0.0024633
1238	-0.0034346
1239	-0.0033167
1240	-0.0031439
1241	-0.0025713
1242	-0.0020882
1243	-0.0013734
1244	-0.0004252
1245	-0.0000281
1246	-0.0000071
1247	0.0000000
1248	0.0000000
1249	0.0000000
1250	0.0000000
1251	0.0000000
1252	0.0000000
1253	0.0000000
1254	0.0000000
1255	-0.0000009
1256	-0.0001497
1257	-0.0010180
1258	-0.0020822
1259	-0.0026478
1260	-0.0030880
1261	-0.0032601
1262	-0.0030590
1263	-0.0031358
1264	-0.0030410
1265	-0.0026744
1266	-0.0020470
1267	-0.0010764
1268	-0.0001993
1269	-0.0000081
1270	-0.0000081
1271	-0.0000078
1272	0.0000000
1273	0.0000000
1274	0.0000000
1275	0.0000000
1276	0.0000000
1277	0.0000000
1278	0.0000000
1279	-0.0000002
1280	-0.0001789
1281	-0.0008261
1282	-0.0018105
1283	-0.0023768
1284	-0.0026696
1285	-0.0025615
1286	-0.0025823
1287	-0.0022111
1288	-0.0025482
1289	-0.0020907
1290	-0.0017915
1291	-0.0008970
1292	-0.0002077
1293	-0.0000070
1294	-0.0000042
1295	-0.0000036
1296	0.0000000
1297	0.0000000
1298	0.0000000
1299	0.0000000
1300	0.0000000
1301	0.0000000
1302	-0.0000000
1303	-0.0000000
1304	-0.0000002
1305	-0.0001262
1306	-0.0003773
1307	-0.0006403
1308	-0.0012078
1309	-0.0006685
1310	-0.0003257
1311	-0.0004881
1312	-0.0004669
1313	-0.0004716
1314	-0.0004715
1315	-0.0001410
1316	-0.0000563
1317	-0.0000000
1318	0.0000000
1319	0.0000000
1320	0.0000000
1321	0.0000000
1322	0.0000000
1323	0.0000000
1324	0.0000000
1325	0.0000000
1326	-0.0000000
1327	-0.0000028
1328	-0.0000481
1329	-0.0005098
1330	-0.0009874
1331	-0.0019106
1332	-0.0018451
1333	-0.0022914
1334	-0.0017455
1335	-0.0003264
1336	-0.0007903
1337	-0.0019088
1338	-0.0012136
1339	-0.0005961
1340	-0.0000906
1341	-0.0000012
1342	0.0000000
1343	0.0000000
1344	0.0000000
1345	0.0000000
1346	0.0000000
1347	0.0000000
1348	0.0000000
1349	0.0000000
1350	-0.0000009
1351	-0.0000178
1352	-0.0000034
1353	-0.0000121
1354	-0.0000829
1355	-0.0002913
1356	-0.0001789
1357	-0.0000082
1358	0.0000000
1359	0.0000000
1360	-0.0000412
1361	-0.0002801
1362	-0.0007127
1363	-0.0003799
1364	-0.0000217
1365	-0.0000017
1366	-0.0000020
1367	0.0000000
1368	0.0000000
1369	0.0000000
1370	0.0000000
1371	0.0000000
1372	0.0000000
1373	-0.0000000
1374	-0.0000007
1375	-0.0000213
1376	-0.0000612
1377	-0.0002768
1378	-0.0011032
1379	-0.0019745
1380	-0.0014469
1381	-0.0021385
1382	-0.0008962
1383	-0.0022219
1384	-0.0026228
1385	-0.0024622
1386	-0.0017567
1387	-0.0008481
1388	-0.0000177
1389	0.0000000
1390	0.0000000
1391	0.0000000
1392	0.0000000
1393	0.0000000
1394	0.0000000
1395	0.0000000
1396	0.0000000
1397	-0.0000000
1398	-0.0000002
1399	-0.0000246
1400	-0.0001914
1401	-0.0012646
1402	-0.0022613
1403	-0.0030787
1404	-0.0032359
1405	-0.0032447
1406	-0.0024612
1407	-0.0028105
1408	-0.0028524
1409	-0.0026188
1410	-0.0019053
1411	-0.0010290
1412	-0.0002067
1413	-0.0000068
1414	-0.0000025
1415	0.0000000
1416	0.0000000
1417	0.0000000
1418	0.0000000
1419	0.0000000
1420	0.0000000
1421	0.0000000
1422	-0.0000000
1423	-0.0000080
1424	-0.0002962
1425	-0.0014218
1426	-0.0021167
1427	-0.0025143
1428	-0.0026324
1429	-0.0026005
1430	-0.0026821
1431	-0.0000020
1432	0.0000000
1433	-0.0002817
1434	-0.0017075
1435	-0.0011892
1436	-0.0003123
1437	-0.0000095
1438	-0.0000074
1439	-0.0000068
1440	0.0000000
1441	0.0000000
1442	0.0000000
1443	0.0000000
1444	0.0000000
1445	0.0000000
1446	-0.0000000
1447	-0.0000024
1448	-0.0000933
1449	-0.0007027
1450	-0.0019860
1451	-0.0023586
1452	-0.0026325
1453	-0.0025368
1454	-0.0028408
1455	-0.0027352
1456	-0.0024773
1457	-0.0021835
1458	-0.0017442
1459	-0.0010857
1460	-0.0002096
1461	-0.0000085
1462	-0.0000058
1463	-0.0000047
1464	0.0000000
1465	0.0000000
1466	0.0000000
1467	0.0000000
1468	0.0000000
1469	0.0000000
1470	-0.0000000
1471	-0.0000023
1472	-0.0001040
1473	-0.0006633
1474	-0.0017152
1475	-0.0021884
1476	-0.0026933
1477	-0.0030578
1478	-0.0031592
1479	-0.0032652
1480	-0.0026755
1481	-0.0017844
1482	-0.0015019
1483	-0.0005063
1484	-0.0000686
1485	-0.0000042
1486	-0.0000064
1487	-0.0000000
1488	0.0000000
1489	0.0000000
1490	0.0000000
1491	0.0000000
1492	0.0000000
1493	0.0000000
1494	0.0000000
1495	0.0000000
1496	0.0000000
1497	-0.0000197
1498	-0.0004494
1499	-0.0016032
1500	-0.0016810
1501	-0.0026735
1502	-0.0032427
1503	-0.0030444
1504	-0.0027982
1505	-0.0023442
1506	-0.0016517
1507	-0.0006708
1508	-0.0000735
1509	-0.0000005
1510	0.0000000
1511	0.0000000
1512	0.0000000
1513	0.0000000
1514	0.0000000
1515	0.0000000
1516	0.0000000
1517	0.0000000
1518	0.0000000
1519	-0.0000001
1520	-0.0000003
1521	0.0000000
1522	0.0000000
1523	0.0000000
1524	-0.0000213
1525	-0.0008673
1526	-0.0025078
1527	-0.0026986
1528	-0.0021183
1529	-0.0019070
1530	-0.0013669
1531	-0.0006274
1532	-0.0000700
1533	-0.0000010
1534	0.0000000
1535	0.0000000
1536	0.0000000
1537	0.0000000
1538	0.0000000
1539	0.0000000
1540	0.0000000
1541	0.0000000
1542	-0.0000000
1543	-0.0000085
1544	-0.0001147
1545	-0.0005825
1546	-0.0017469
1547	-0.0025598
1548	-0.0031175
1549	-0.0034441
1550	-0.0034305
1551	-0.0032737
1552	-0.0028262
1553	-0.0019185
1554	-0.0009330
1555	-0.0003245
1556	-0.0000095
1557	-0.0000022
1558	0.0000000
1559	0.0000000
1560	0.0000000
1561	0.0000000
1562	0.0000000
1563	0.0000000
1564	0.0000000
1565	0.0000000
1566	0.0000000
1567	-0.0000079
1568	-0.0001466
1569	-0.0006729
1570	-0.0016906
1571	-0.0025822
1572	-0.0018888
1573	-0.0010482
1574	-0.0010540
1575	-0.0009393
1576	-0.0006869
1577	-0.0003799
1578	-0.0001910
1579	-0.0000781
1580	-0.0000013
1581	-0.0000000
1582	-0.0000001
1583	0.0000000
1584	0.0000000
1585	0.0000000
1586	0.0000000
1587	0.0000000
1588	0.0000000
1589	0.0000000
1590	-0.0000000
1591	-0.0000098
1592	-0.0000648
1593	-0.0003034
1594	-0.0012248
1595	-0.0023832
1596	-0.0030090
1597	-0.0033261
1598	-0.0034246
1599	-0.0031880
1600	-0.0026945
1601	-0.0025741
1602	-0.0014852
1603	-0.0005756
1604	-0.0000982
1605	-0.0000019
1606	-0.0000000
1607	0.0000000
1608	0.0000000
1609	0.0000000
1610	0.0000000
1611	0.0000000
1612	0.0000000
1613	0.0000000
1614	-0.0000000
1615	-0.0000021
1616	-0.0002070
1617	-0.0010190
1618	-0.0019410
1619	-0.0026015
1620	-0.0031049
1621	-0.0033623
1622	-0.0021856
1623	-0.0018935
1624	-0.0025420
1625	-0.0021404
1626	-0.0014140
1627	-0.0007046
1628	-0.0000636
1629	-0.0000093
1630	-0.0000071
1631	-0.0000045
1632	-0.0000000
1633	0.0000000
1634	0.0000000
1635	0.0000000
1636	0.0000000
1637	0.0000000
1638	0.0000000
1639	0.0000000
1640	-0.0000043
1641	-0.0000003
1642	0.0000000
1643	-0.0001748
1644	-0.0017615
1645	-0.0028856
1646	-0.0030374
1647	-0.0027538
1648	-0.0029009
1649	-0.0025278
1650	-0.0017891
1651	-0.0007502
1652	-0.0001422
1653	-0.0000028
1654	-0.0000017
1655	-0.0000003
1656	0.0000000
1657	0.0000000
1658	0.0000000
1659	0.0000000
1660	0.0000000
1661	0.0000000
1662	0.0000000
1663	-0.0000002
1664	-0.0000631
1665	-0.0009252
1666	-0.0020748
1667	-0.0024564
1668	-0.0030874
1669	-0.0031552
1670	-0.0031543
1671	-0.0021674
1672	-0.0017548
1673	-0.0014136
1674	-0.0011104
1675	-0.0005800
1676	-0.0000704
1677	-0.0000093
1678	-0.0000006
1679	0.0000000
1680	0.0000000
1681	0.0000000
1682	0.0000000
1683	0.0000000
1684	0.0000000
1685	0.0000000
1686	-0.0000000
1687	-0.0000270
1688	-0.0006284
1689	-0.0012693
1690	-0.0016547
1691	-0.0016804
1692	-0.0020379
1693	-0.0018697
1694	-0.0021486
1695	-0.0024251
1696	-0.0020302
1697	-0.0022196
1698	-0.0017271
1699	-0.0000145
1700	0.0000000
1701	0.0000000
1702	0.0000000
1703	0.0000000
1704	0.0000000
1705	0.0000000
1706	0.0000000
1707	0.0000000
1708	0.0000000
1709	-0.0000000
1710	-0.0000001
1711	-0.0000123
1712	-0.0002864
1713	-0.0013736
1714	-0.0019188
1715	-0.0021361
1716	-0.0021969
1717	-0.0020364
1718	-0.0021974
1719	-0.0020485
1720	-0.0017301
1721	-0.0016986
1722	-0.0013458
1723	-0.0004278
1724	-0.0000813
1725	-0.0000046
1726	-0.0000043
1727	-0.0000047
1728	-0.0000000
1729	0.0000000
1730	0.0000000
1731	0.0000000
1732	0.0000000
1733	0.0000000
1734	-0.0000000
1735	-0.0000030
1736	-0.0000851
1737	-0.0008740
1738	-0.0017325
1739	-0.0022300
1740	-0.0026535
1741	-0.0028732
1742	-0.0030441
1743	-0.0027269
1744	-0.0021844
1745	-0.0018488
1746	-0.0012796
1747	-0.0003003
1748	-0.0000211
1749	-0.0000016
1750	-0.0000015
1751	-0.0000014
1752	0.0000000
1753	0.0000000
1754	0.0000000
1755	0.0000000
1756	0.0000000
1757	0.0000000
1758	0.0000000
1759	0.0000000
1760	-0.0000009
1761	-0.0000183
1762	-0.0001514
1763	-0.0011163
1764	-0.0021122
1765	-0.0025160
1766	-0.0026895
1767	-0.0026399
1768	-0.0023701
1769	-0.0019617
1770	-0.0010440
1771	-0.0002434
1772	-0.0000606
1773	-0.0000017
1774	-0.0000000
1775	-0.0000010
1776	0.0000000
1777	0.0000000
1778	0.0000000
1779	0.0000000
1780	0.0000000
1781	0.0000000
1782	0.0000000
1783	-0.0000012
1784	-0.0000218
1785	-0.0000859
1786	-0.0000008
1787	-0.0000016
1788	-0.0003116
1789	-0.0014199
1790	-0.0018227
1791	-0.0017541
1792	-0.0010733
1793	-0.0013581
1794	-0.0008466
1795	-0.0001475
1796	-0.0000044
1797	-0.0000000
1798	0.0000000
1799	0.0000000
1800	0.0000000
1801	0.0000000
1802	0.0000000
1803	0.0000000
1804	0.0000000
1805	0.0000000
1806	0.0000000
1807	-0.0000001
1808	-0.0000081
1809	-0.0001080
1810	-0.0002929
1811	-0.0005533
1812	-0.0006822
1813	-0.0002235
1814	-0.0002261
1815	-0.0006081
1816	-0.0010404
1817	-0.0012827
1818	-0.0007997
1819	-0.0001875
1820	-0.0000163
1821	-0.0000038
1822	-0.0000028
1823	0.0000000
1824	0.0000000
1825	0.0000000
1826	0.0000000
1827	0.0000000
1828	0.0000000
1829	-0.0000000
1830	-0.0000000
1831	-0.0000029
1832	-0.0000418
1833	-0.0002533
1834	-0.0006462
1835	-0.0014266
1836	-0.0020148
1837	-0.0023922
1838	-0.0025774
1839	-0.0026354
1840	-0.0023253
1841	-0.0016628
1842	-0.0006648
1843	-0.0001707
1844	-0.0000221
1845	-0.0000040
1846	-0.0000044
1847	-0.0000030
1848	0.0000000
1849	0.0000000
1850	0.0000000
1851	0.0000000
1852	0.0000000
1853	0.0000000
1854	0.0000000
1855	-0.0000004
1856	-0.0000383
1857	-0.0001451
1858	-0.0003938
1859	-0.0008290
1860	-0.0008267
1861	-0.0008340
1862	-0.0009057
1863	-0.0008594
1864	-0.0008556
1865	-0.0007305
1866	-0.0003987
1867	-0.0001359
1868	-0.0000135
1869	-0.0000037
1870	-0.0000046
1871	-0.0000048
1872	0.0000000
1873	0.0000000
1874	0.0000000
1875	0.0000000
1876	0.0000000
1877	0.0000000
1878	0.0000000
1879	-0.0000005
1880	-0.0000105
1881	-0.0001480
1882	-0.0006880
1883	-0.0015467
1884	-0.0015939
1885	-0.0019588
1886	-0.0024579
1887	-0.0026279
1888	-0.0020023
1889	-0.0019503
1890	-0.0011257
1891	-0.0002259
1892	-0.0000107
1893	-0.0000009
1894	-0.0000064
1895	-0.0000000
1896	0.0000000
1897	0.0000000
1898	0.0000000
1899	0.0000000
1900	0.0000000
1901	-0.0000000
1902	-0.0000000
1903	-0.0000137
1904	-0.0002297
1905	-0.0008532
1906	-0.0013552
1907	-0.0015807
1908	-0.0016581
1909	-0.0017118
1910	-0.0019279
1911	-0.0013499
1912	-0.0012210
1913	-0.0010635
1914	-0.0008830
1915	-0.0002833
1916	-0.0000303
1917	-0.0000071
1918	-0.0000050
1919	-0.0000034
1920	0.0000000
1921	0.0000000
1922	0.0000000
1923	0.0000000
1924	0.0000000
1925	0.0000000
1926	0.0000000
1927	-0.0000000
1928	-0.0000110
1929	-0.0003899
1930	-0.0013488
1931	-0.0017189
1932	-0.0017224
1933	-0.0023332
1934	-0.0025863
1935	-0.0025437
1936	-0.0022607
1937	-0.0019112
1938	-0.0011418
1939	-0.0003779
1940	-0.0000698
1941	-0.0000055
1942	-0.0000047
1943	-0.0000019
1944	0.0000000
1945	0.0000000
1946	0.0000000
1947	0.0000000
1948	0.0000000
1949	0.0000000
1950	-0.0000000
1951	-0.0000022
1952	-0.0000550
1953	-0.0007945
1954	-0.0016537
1955	-0.0021800
1956	-0.0024843
1957	-0.0028966
1958	-0.0030929
1959	-0.0030351
1960	-0.0027765
1961	-0.0022611
1962	-0.0014069
1963	-0.0004130
1964	-0.0000410
1965	-0.0000046
1966	-0.0000065
1967	-0.0000000
1968	0.0000000
1969	0.0000000
1970	0.0000000
1971	0.0000000
1972	0.0000000
1973	-0.0000000
1974	-0.0000001
1975	-0.0000081
1976	-0.0002003
1977	-0.0012629
1978	-0.0021074
1979	-0.0028321
1980	-0.0034185
1981	-0.0035760
1982	-0.0036227
1983	-0.0034993
1984	-0.0032289
1985	-0.0025058
1986	-0.0015359
1987	-0.0005629
1988	-0.0000346
1989	-0.0000043
1990	-0.0000001
