TIME_UNITS h
DATA_UNITS kg/s
0	-0.0000007
1	-0.0000017
2	-0.0000020
3	-0.0000010
4	-0.0000006
5	-0.0000003
6	-0.0000030
7	-0.0000408
8	-0.0002498
9	-0.0005176
10	-0.0008252
11	-0.0011419
12	-0.0012609
13	-0.0013529
14	-0.0014432
15	-0.0014754
16	-0.0014423
17	-0.0013043
18	-0.0010653
19	-0.0006735
20	-0.0002329
21	-0.0000262
22	-0.0000025
23	-0.0000012
24	-0.0000013
25	-0.0000009
26	-0.0000004
27	-0.0000004
28	0.0000000
29	0.0000000
30	0.0000000
31	0.0000000
32	-0.0001863
33	-0.0006031
34	-0.0010592
35	-0.0013976
36	-0.0015418
37	-0.0016156
38	-0.0014642
39	-0.0011636
40	-0.0009970
41	-0.0004195
42	-0.0002013
43	-0.0001473
44	-0.0000382
45	-0.0000001
46	0.0000000
47	0.0000000
48	0.0000000
49	0.0000000
50	0.0000000
51	0.0000000
52	0.0000000
53	0.0000000
54	0.0000000
55	0.0000000
56	0.0000000
57	-0.0000000
58	-0.0000100
59	-0.0001387
60	-0.0009219
61	-0.0009898
62	-0.0014333
63	-0.0014261
64	-0.0000012
65	0.0000000
66	-0.0000250
67	-0.0001127
68	-0.0000365
69	-0.0000013
70	-0.0000000
71	-0.0000010
72	-0.0000006
73	-0.0000007
74	-0.0000002
75	-0.0000001
76	-0.0000006
77	-0.0000006
78	-0.0000177
79	-0.0001393
80	-0.0001485
81	-0.0002803
82	-0.0004791
83	-0.0006097
84	-0.0006516
85	-0.0009192
86	-0.0011418
87	-0.0012009
88	-0.0009655
89	-0.0009299
90	-0.0006738
91	-0.0002994
92	-0.0000990
93	-0.0000084
94	-0.0000016
95	0.0000000
96	0.0000000
97	0.0000000
98	0.0000000
99	0.0000000
100	0.0000000
101	0.0000000
102	0.0000000
103	-0.0000263
104	-0.0002437
105	-0.0007643
106	-0.0011171
107	-0.0014795
108	-0.0014096
109	-0.0012523
110	-0.0008938
111	-0.0000036
112	0.0000000
113	-0.0000075
114	-0.0000502
115	-0.0000001
116	-0.0000000
117	0.0000000
118	0.0000000
119	0.0000000
120	0.0000000
121	-0.0000000
122	0.0000000
123	-0.0000000
124	-0.0000002
125	-0.0000001
126	-0.0000008
127	0.0000000
128	-0.0000102
129	-0.0000728
130	-0.0001524
131	-0.0002149
132	-0.0002989
133	-0.0002970
134	-0.0002640
135	-0.0002464
136	-0.0004142
137	-0.0005156
138	-0.0004643
139	-0.0003417
140	-0.0000615
141	-0.0000017
142	0.0000000
143	0.0000000
144	0.0000000
145	0.0000000
146	-0.0000000
147	-0.0000000
148	-0.0000001
149	0.0000000
150	-0.0000002
151	-0.0000353
152	-0.0001532
153	-0.0007171
154	-0.0012551
155	-0.0013883
156	-0.0018387
157	-0.0012175
158	-0.0013039
159	-0.0010862
160	-0.0006976
161	-0.0006274
162	-0.0005740
163	-0.0002657
164	-0.0001032
165	-0.0000180
166	-0.0000039
167	-0.0000030
168	0.0000000
169	0.0000000
170	0.0000000
171	0.0000000
172	-0.0000000
173	-0.0000000
174	-0.0000045
175	-0.0000324
176	-0.0001190
177	-0.0002282
178	-0.0002480
179	-0.0004849
180	-0.0009064
181	-0.0010046
182	-0.0009784
183	-0.0008308
184	-0.0003264
185	-0.0003910
186	-0.0004949
187	-0.0003559
188	-0.0000715
189	-0.0000002
190	0.0000000
191	0.0000000
192	0.0000000
193	0.0000000
194	0.0000000
195	0.0000000
196	0.0000000
197	-0.0000000
198	-0.0000001
199	-0.0000165
200	-0.0000920
201	-0.0002565
202	-0.0004066
203	-0.0006893
204	-0.0008385
205	-0.0007245
206	-0.0006879
207	-0.0007158
208	-0.0002646
209	-0.0004381
210	-0.0003655
211	-0.0000053
212	-0.0000003
213	-0.0000000
214	-0.0000000
215	0.0000000
216	0.0000000
217	0.0000000
218	0.0000000
219	0.0000000
220	0.0000000
221	0.0000000
222	0.0000000
223	-0.0000001
224	-0.0000004
225	-0.0000022
226	-0.0000002
227	-0.0000007
228	-0.0000030
229	-0.0000394
230	-0.0001244
231	-0.0002016
232	-0.0003494
233	-0.0004216
234	-0.0003073
235	-0.0001691
236	-0.0000350
237	0.0000000
238	0.0000000
239	0.0000000
240	0.0000000
241	0.0000000
242	0.0000000
243	0.0000000
244	0.0000000
245	0.0000000
246	0.0000000
247	-0.0000005
248	-0.0001467
249	-0.0005986
250	-0.0011522
251	-0.0014486
252	-0.0017101
253	-0.0019068
254	-0.0019601
255	-0.0019101
256	-0.0016628
257	-0.0015006
258	-0.0011843
259	-0.0007415
260	-0.0001848
261	-0.0000089
262	-0.0000010
263	0.0000000
264	0.0000000
265	0.0000000
266	0.0000000
267	0.0000000
268	0.0000000
269	-0.0000000
270	-0.0000001
271	-0.0000198
272	-0.0002571
273	-0.0004703
274	-0.0007144
275	-0.0012597
276	-0.0019355
277	-0.0020176
278	-0.0020327
279	-0.0020966
280	-0.0018325
281	-0.0016919
282	-0.0012551
283	-0.0005953
284	-0.0001691
285	-0.0000352
286	-0.0000110
287	-0.0000000
288	0.0000000
289	0.0000000
290	0.0000000
291	0.0000000
292	0.0000000
293	-0.0000000
294	-0.0000012
295	-0.0000647
296	-0.0005907
297	-0.0009791
298	-0.0014676
299	-0.0017445
300	-0.0018943
301	-0.0018926
302	-0.0016177
303	-0.0015199
304	-0.0016206
305	-0.0007956
306	-0.0009272
307	-0.0004803
308	-0.0001394
309	-0.0000038
310	0.0000000
311	0.0000000
312	0.0000000
313	0.0000000
314	0.0000000
315	0.0000000
316	0.0000000
317	0.0000000
318	0.0000000
319	-0.0000145
320	-0.0001440
321	-0.0005274
322	-0.0011139
323	-0.0014971
324	-0.0017189
325	-0.0018693
326	-0.0018693
327	-0.0018558
328	-0.0017570
329	-0.0014584
330	-0.0010902
331	-0.0005840
332	-0.0001799
333	-0.0000154
334	0.0000000
335	0.0000000
336	0.0000000
337	0.0000000
338	0.0000000
339	0.0000000
340	0.0000000
341	0.0000000
342	0.0000000
343	-0.0000255
344	-0.0002077
345	-0.0005421
346	-0.0009997
347	-0.0014818
348	-0.0018043
349	-0.0019760
350	-0.0020397
351	-0.0020204
352	-0.0018775
353	-0.0014842
354	-0.0008250
355	-0.0005610
356	-0.0001610
357	-0.0000175
358	-0.0000043
359	-0.0000000
360	0.0000000
361	0.0000000
362	0.0000000
363	0.0000000
364	0.0000000
365	0.0000000
366	0.0000000
367	0.0000000
368	0.0000000
369	-0.0000055
370	-0.0000884
371	-0.0005577
372	-0.0006413
373	-0.0006317
374	-0.0004559
375	-0.0008041
376	-0.0009564
377	-0.0010450
378	-0.0008932
379	-0.0005085
380	-0.0001162
381	-0.0000066
382	-0.0000011
383	-0.0000000
384	0.0000000
385	0.0000000
386	0.0000000
387	0.0000000
388	0.0000000
389	0.0000000
390	0.0000000
391	-0.0000101
392	-0.0000723
393	-0.0000346
394	-0.0000452
395	-0.0000989
396	-0.0002331
397	-0.0002312
398	-0.0000756
399	-0.0000935
400	-0.0003908
401	-0.0011099
402	-0.0009696
403	-0.0006374
404	-0.0001496
405	-0.0000058
406	-0.0000031
407	-0.0000002
408	0.0000000
409	0.0000000
410	0.0000000
411	0.0000000
412	0.0000000
413	0.0000000
414	0.0000000
415	-0.0000050
416	-0.0000879
417	-0.0002826
418	-0.0004291
419	-0.0005578
420	-0.0006301
421	-0.0007456
422	-0.0008265
423	-0.0010480
424	-0.0012115
425	-0.0010851
426	-0.0008364
427	-0.0006144
428	-0.0002345
429	-0.0000070
430	-0.0000008
431	-0.0000003
432	0.0000000
433	0.0000000
434	0.0000000
435	0.0000000
436	0.0000000
437	0.0000000
438	0.0000000
439	-0.0000003
440	-0.0000010
441	-0.0000084
442	-0.0000066
443	-0.0000000
444	0.0000000
445	0.0000000
446	-0.0001834
447	-0.0010971
448	-0.0004685
449	-0.0000010
450	0.0000000
451	0.0000000
452	0.0000000
453	-0.0000000
454	-0.0000000
455	-0.0000002
456	-0.0000005
457	0.0000000
458	0.0000000
459	0.0000000
460	0.0000000
461	0.0000000
462	-0.0000003
463	-0.0000106
464	-0.0000500
465	-0.0001276
466	-0.0002891
467	-0.0004563
468	-0.0004102
469	-0.0003926
470	-0.0005746
471	-0.0002984
472	-0.0007366
473	-0.0007706
474	-0.0006728
475	-0.0004243
476	-0.0000614
477	-0.0000000
478	0.0000000
479	-0.0000011
480	0.0000000
481	0.0000000
482	0.0000000
483	0.0000000
484	0.0000000
485	0.0000000
486	-0.0000003
487	-0.0000037
488	-0.0000060
489	-0.0000007
490	-0.0000055
491	-0.0001000
492	-0.0001782
493	-0.0004517
494	-0.0006144
495	-0.0006235
496	-0.0007848
497	-0.0008056
498	-0.0007501
499	-0.0005278
500	-0.0002649
501	-0.0000234
502	-0.0000004
503	-0.0000009
504	-0.0000025
505	-0.0000010
506	-0.0000025
507	-0.0000046
508	-0.0000058
509	-0.0000050
510	-0.0000862
511	-0.0001611
512	-0.0003008
513	-0.0000032
514	0.0000000
515	-0.0000604
516	-0.0003444
517	-0.0007645
518	-0.0009843
519	-0.0009782
520	-0.0008939
521	-0.0008718
522	-0.0008895
523	-0.0006973
524	-0.0003590
525	-0.0000364
526	-0.0000026
527	-0.0000000
528	0.0000000
529	0.0000000
530	0.0000000
531	0.0000000
532	0.0000000
533	0.0000000
534	-0.0000001
535	-0.0000025
536	-0.0001146
537	-0.0005614
538	-0.0007220
539	-0.0008052
540	-0.0006934
541	-0.0009785
542	-0.0011542
543	-0.0011365
544	-0.0009965
545	-0.0008753
546	-0.0007840
547	-0.0005997
548	-0.0002951
549	-0.0000389
550	-0.0000035
551	-0.0000000
552	0.0000000
553	0.0000000
554	0.0000000
555	0.0000000
556	0.0000000
557	0.0000000
558	-0.0000000
559	-0.0000033
560	-0.0001496
561	-0.0006404
562	-0.0009032
563	-0.0008893
564	-0.0010197
565	-0.0012815
566	-0.0013819
567	-0.0014498
568	-0.0014225
569	-0.0012840
570	-0.0010718
571	-0.0007722
572	-0.0002813
573	-0.0000571
574	-0.0000000
575	0.0000000
576	0.0000000
577	0.0000000
578	0.0000000
579	0.0000000
580	-0.0000000
581	-0.0000000
582	-0.0000002
583	-0.0000090
584	-0.0001655
585	-0.0007463
586	-0.0011434
587	-0.0014595
588	-0.0017317
589	-0.0018361
590	-0.0018380
591	-0.0018116
592	-0.0015572
593	-0.0014082
594	-0.0011076
595	-0.0008101
596	-0.0001993
597	-0.0000193
598	-0.0000037
599	0.0000000
600	0.0000000
601	0.0000000
602	0.0000000
603	0.0000000
604	0.0000000
605	-0.0000000
606	-0.0000014
607	-0.0000391
608	-0.0004130
609	-0.0011175
610	-0.0014919
611	-0.0017788
612	-0.0019960
613	-0.0021471
614	-0.0022433
615	-0.0022328
616	-0.0021355
617	-0.0018034
618	-0.0012433
619	-0.0006712
620	-0.0002081
621	-0.0000431
622	-0.0000069
623	-0.0000096
624	-0.0000000
625	0.0000000
626	0.0000000
627	0.0000000
628	0.0000000
629	0.0000000
630	-0.0000004
631	-0.0000208
632	-0.0005591
633	-0.0012956
634	-0.0016556
635	-0.0019968
636	-0.0021813
637	-0.0022845
638	-0.0023013
639	-0.0023503
640	-0.0023110
641	-0.0019839
642	-0.0012631
643	-0.0007504
644	-0.0002693
645	-0.0000572
646	-0.0000123
647	-0.0000140
648	-0.0000000
649	0.0000000
650	0.0000000
651	0.0000000
652	0.0000000
653	-0.0000000
654	-0.0000012
655	-0.0000572
656	-0.0006053
657	-0.0013617
658	-0.0017975
659	-0.0019630
660	-0.0022408
661	-0.0025159
662	-0.0025334
663	-0.0024470
664	-0.0025224
665	-0.0021670
666	-0.0015513
667	-0.0010556
668	-0.0003191
669	-0.0000388
670	-0.0000126
671	-0.0000090
672	-0.0000000
673	0.0000000
674	0.0000000
675	0.0000000
676	0.0000000
677	0.0000000
678	0.0000000
679	-0.0000005
680	-0.0000004
681	-0.0000008
682	-0.0000382
683	-0.0003172
684	-0.0000358
685	-0.0000978
686	-0.0003528
687	-0.0006187
688	-0.0009000
689	-0.0006701
690	-0.0004091
691	-0.0001682
692	-0.0000177
693	-0.0000103
694	-0.0000000
695	0.0000000
696	0.0000000
697	0.0000000
698	0.0000000
699	0.0000000
700	-0.0000000
701	-0.0000001
702	-0.0000001
703	-0.0000006
704	-0.0001290
705	-0.0004082
706	-0.0004304
707	-0.0009660
708	-0.0011068
709	-0.0012626
710	-0.0009584
711	-0.0010935
712	-0.0014200
713	-0.0012369
714	-0.0009382
715	-0.0003214
716	-0.0000420
717	-0.0000051
718	-0.0000022
719	0.0000000
720	0.0000000
721	0.0000000
722	0.0000000
723	0.0000000
724	0.0000000
725	0.0000000
726	-0.0000003
727	-0.0000130
728	-0.0001757
729	-0.0003760
730	-0.0006769
731	-0.0014573
732	-0.0018211
733	-0.0018675
734	-0.0013631
735	-0.0013985
736	-0.0018975
737	-0.0015041
738	-0.0011075
739	-0.0005492
740	-0.0000714
741	-0.0000117
742	-0.0000029
743	0.0000000
744	0.0000000
745	0.0000000
746	0.0000000
747	0.0000000
748	0.0000000
749	-0.0000000
750	-0.0000002
751	-0.0000033
752	-0.0000134
753	-0.0000012
754	-0.0000013
755	-0.0002187
756	-0.0006142
757	-0.0009812
758	-0.0011255
759	-0.0013651
760	-0.0014005
761	-0.0015205
762	-0.0011482
763	-0.0007150
764	-0.0002442
765	-0.0000075
766	-0.0000035
767	0.0000000
768	0.0000000
769	0.0000000
770	0.0000000
771	0.0000000
772	0.0000000
773	0.0000000
774	0.0000000
775	-0.0000024
776	-0.0001094
777	-0.0003775
778	-0.0009386
779	-0.0014232
780	-0.0018179
781	-0.0017916
782	-0.0018260
783	-0.0018841
784	-0.0017983
785	-0.0017482
786	-0.0013263
787	-0.0007929
788	-0.0001840
789	-0.0000392
790	-0.0000050
791	0.0000000
792	0.0000000
793	0.0000000
794	0.0000000
795	0.0000000
796	0.0000000
797	0.0000000
798	0.0000000
799	-0.0000000
800	-0.0001565
801	-0.0007283
802	-0.0013788
803	-0.0017985
804	-0.0021183
805	-0.0022218
806	-0.0022920
807	-0.0022446
808	-0.0020917
809	-0.0017652
810	-0.0012432
811	-0.0004693
812	-0.0000112
813	-0.0000049
814	-0.0000048
815	-0.0000045
816	0.0000000
817	0.0000000
818	0.0000000
819	0.0000000
820	0.0000000
821	0.0000000
822	-0.0000001
823	-0.0000143
824	-0.0002460
825	-0.0011315
826	-0.0015384
827	-0.0018578
828	-0.0021577
829	-0.0023734
830	-0.0024354
831	-0.0023587
832	-0.0020050
833	-0.0014340
834	-0.0007999
835	-0.0003207
836	-0.0001608
837	-0.0000085
838	-0.0000020
839	-0.0000001
840	0.0000000
841	0.0000000
842	0.0000000
843	0.0000000
844	0.0000000
845	0.0000000
846	0.0000000
847	-0.0000200
848	-0.0001029
849	-0.0003344
850	-0.0009569
851	-0.0014318
852	-0.0016978
853	-0.0015785
854	-0.0014577
855	-0.0012684
856	-0.0014416
857	-0.0015410
858	-0.0012941
859	-0.0009744
860	-0.0004156
861	-0.0000354
862	-0.0000000
863	0.0000000
864	0.0000000
865	0.0000000
866	0.0000000
867	0.0000000
868	0.0000000
869	-0.0000000
870	-0.0000007
871	-0.0000072
872	-0.0000423
873	-0.0004773
874	-0.0011367
875	-0.0016134
876	-0.0020333
877	-0.0021413
878	-0.0021942
879	-0.0021580
880	-0.0020366
881	-0.0016047
882	-0.0009103
883	-0.0007354
884	-0.0001068
885	-0.0000103
886	-0.0000017
887	-0.0000013
888	0.0000000
889	0.0000000
890	0.0000000
891	0.0000000
892	0.0000000
893	0.0000000
894	0.0000000
895	0.0000000
896	-0.0000829
897	-0.0006370
898	-0.0014128
899	-0.0017555
900	-0.0021006
901	-0.0022580
902	-0.0023830
903	-0.0023113
904	-0.0015482
905	-0.0009245
906	-0.0007958
907	-0.0005052
908	-0.0000530
909	-0.0000328
910	-0.0000098
911	-0.0000089
912	-0.0000000
913	0.0000000
914	0.0000000
915	0.0000000
916	0.0000000
917	0.0000000
918	0.0000000
919	-0.0000010
920	-0.0000344
921	-0.0000141
922	-0.0000879
923	-0.0003795
924	-0.0000215
925	-0.0000176
926	-0.0002195
927	-0.0007511
928	-0.0011078
929	-0.0014250
930	-0.0012132
931	-0.0007680
932	-0.0002200
933	-0.0000189
934	-0.0000037
935	-0.0000024
936	0.0000000
937	0.0000000
938	0.0000000
939	0.0000000
940	0.0000000
941	0.0000000
942	-0.0000000
943	-0.0000059
944	-0.0001593
945	-0.0009434
946	-0.0013259
947	-0.0016889
948	-0.0019653
949	-0.0020011
950	-0.0020643
951	-0.0020826
952	-0.0019614
953	-0.0017068
954	-0.0013647
955	-0.0007266
956	-0.0002735
957	-0.0000217
958	-0.0000053
959	-0.0000032
960	-0.0000000
961	0.0000000
962	0.0000000
963	0.0000000
964	0.0000000
965	0.0000000
966	-0.0000000
967	-0.0000059
968	-0.0002056
969	-0.0010026
970	-0.0013984
971	-0.0016682
972	-0.0016899
973	-0.0014314
974	-0.0015982
975	-0.0017304
976	-0.0015698
977	-0.0014395
978	-0.0010798
979	-0.0006818
980	-0.0001142
981	-0.0000104
982	-0.0000014
983	-0.0000004
984	0.0000000
985	0.0000000
986	0.0000000
987	0.0000000
988	0.0000000
989	0.0000000
990	0.0000000
991	0.0000000
992	-0.0000000
993	-0.0000561
994	-0.0001516
995	-0.0000949
996	-0.0000574
997	-0.0000859
998	-0.0004464
999	-0.0004743
1000	-0.0001981
1001	-0.0000440
1002	-0.0000079
1003	-0.0000038
1004	-0.0000003
1005	0.0000000
1006	0.0000000
1007	0.0000000
1008	0.0000000
1009	0.0000000
1010	0.0000000
1011	0.0000000
1012	0.0000000
1013	0.0000000
1014	0.0000000
1015	-0.0000025
1016	-0.0000306
1017	-0.0002148
1018	-0.0009659
1019	-0.0012562
1020	-0.0016224
1021	-0.0016357
1022	-0.0016109
1023	-0.0016846
1024	-0.0014537
1025	-0.0009089
1026	-0.0004554
1027	-0.0001506
1028	-0.0000589
1029	-0.0000026
1030	0.0000000
1031	0.0000000
1032	0.0000000
1033	0.0000000
1034	0.0000000
1035	0.0000000
1036	0.0000000
1037	0.0000000
1038	0.0000000
1039	-0.0000005
1040	-0.0000554
1041	-0.0003648
1042	-0.0010490
1043	-0.0015178
1044	-0.0005088
1045	-0.0014937
1046	-0.0014078
1047	-0.0012951
1048	-0.0008776
1049	-0.0009053
1050	-0.0006992
1051	-0.0002625
1052	-0.0000569
1053	-0.0000003
1054	-0.0000000
1055	-0.0000000
1056	0.0000000
1057	0.0000000
1058	0.0000000
1059	0.0000000
1060	0.0000000
1061	0.0000000
1062	-0.0000001
1063	-0.0000119
1064	-0.0001042
1065	-0.0004121
1066	-0.0012123
1067	-0.0015860
1068	-0.0016894
1069	-0.0019334
1070	-0.0020005
1071	-0.0019771
1072	-0.0018876
1073	-0.0016101
1074	-0.0012542
1075	-0.0006900
1076	-0.0002152
1077	-0.0000145
1078	-0.0000006
1079	0.0000000
1080	0.0000000
1081	0.0000000
1082	0.0000000
1083	0.0000000
1084	0.0000000
1085	0.0000000
1086	0.0000000
1087	-0.0000019
1088	-0.0000771
1089	-0.0001897
1090	-0.0003074
1091	-0.0004876
1092	-0.0003839
1093	-0.0007318
1094	-0.0008571
1095	-0.0006520
1096	-0.0005986
1097	-0.0002699
1098	-0.0000149
1099	-0.0000015
1100	0.0000000
1101	0.0000000
1102	0.0000000
1103	0.0000000
1104	0.0000000
1105	0.0000000
1106	0.0000000
1107	0.0000000
1108	0.0000000
1109	0.0000000
1110	-0.0000000
1111	-0.0000042
1112	-0.0000425
1113	-0.0001319
1114	-0.0002074
1115	-0.0004601
1116	-0.0006060
1117	-0.0004333
1118	-0.0007088
1119	-0.0013819
1120	-0.0014442
1121	-0.0011028
1122	-0.0005831
1123	-0.0003802
1124	-0.0000177
1125	-0.0000093
1126	-0.0000000
1127	0.0000000
1128	0.0000000
1129	0.0000000
1130	0.0000000
1131	0.0000000
1132	0.0000000
1133	0.0000000
1134	0.0000000
1135	-0.0000009
1136	-0.0000116
1137	-0.0002739
1138	-0.0006726
1139	-0.0006579
1140	-0.0003256
1141	-0.0006569
1142	-0.0007375
1143	-0.0005894
1144	-0.0006763
1145	-0.0000132
1146	-0.0000198
1147	-0.0000186
1148	-0.0000012
1149	0.0000000
1150	0.0000000
1151	-0.0000003
1152	0.0000000
1153	0.0000000
1154	0.0000000
1155	0.0000000
1156	0.0000000
1157	0.0000000
1158	0.0000000
1159	-0.0000055
1160	-0.0000653
1161	-0.0003278
1162	-0.0009146
1163	-0.0014922
1164	-0.0017770
1165	-0.0019810
1166	-0.0020262
1167	-0.0019299
1168	-0.0018419
1169	-0.0015828
1170	-0.0011883
1171	-0.0007115
1172	-0.0002000
1173	-0.0000017
1174	0.0000000
1175	0.0000000
1176	0.0000000
1177	0.0000000
1178	0.0000000
1179	0.0000000
1180	0.0000000
1181	0.0000000
1182	0.0000000
1183	-0.0000003
1184	-0.0000644
1185	-0.0005168
1186	-0.0012961
1187	-0.0016993
1188	-0.0020405
1189	-0.0021772
1190	-0.0023475
1191	-0.0022995
1192	-0.0020741
1193	-0.0017149
1194	-0.0011072
1195	-0.0005700
1196	-0.0001756
1197	-0.0000128
1198	-0.0000022
1199	-0.0000000
1200	0.0000000
1201	0.0000000
1202	0.0000000
1203	0.0000000
1204	0.0000000
1205	-0.0000000
1206	-0.0000003
1207	-0.0000151
1208	-0.0002474
1209	-0.0009126
1210	-0.0013480
1211	-0.0017478
1212	-0.0020347
1213	-0.0022685
1214	-0.0023750
1215	-0.0021591
1216	-0.0020255
1217	-0.0012623
1218	-0.0007994
1219	-0.0006093
1220	-0.0002245
1221	-0.0000103
1222	-0.0000097
1223	-0.0000091
1224	-0.0000000
1225	0.0000000
1226	0.0000000
1227	0.0000000
1228	0.0000000
1229	0.0000000
1230	-0.0000001
1231	-0.0000106
1232	-0.0000387
1233	-0.0001784
1234	-0.0002394
1235	-0.0010795
1236	-0.0015599
1237	-0.0014282
1238	-0.0019913
1239	-0.0019230
1240	-0.0018228
1241	-0.0014908
1242	-0.0012107
1243	-0.0007963
1244	-0.0002465
1245	-0.0000163
1246	-0.0000041
1247	0.0000000
1248	0.0000000
1249	0.0000000
1250	0.0000000
1251	0.0000000
1252	0.0000000
1253	0.0000000
1254	0.0000000
1255	-0.0000005
1256	-0.0000868
1257	-0.0005902
1258	-0.0012072
1259	-0.0015352
1260	-0.0017904
1261	-0.0018901
1262	-0.0017735
1263	-0.0018181
1264	-0.0017631
1265	-0.0015506
1266	-0.0011868
1267	-0.0006241
1268	-0.0001156
1269	-0.0000047
1270	-0.0000047
1271	-0.0000045
1272	0.0000000
1273	0.0000000
1274	0.0000000
1275	0.0000000
1276	0.0000000
1277	0.0000000
1278	0.0000000
1279	-0.0000001
1280	-0.0001037
1281	-0.0004789
1282	-0.0010497
1283	-0.0013780
1284	-0.0015478
1285	-0.0014851
1286	-0.0014972
1287	-0.0012820
1288	-0.0014774
1289	-0.0012122
1290	-0.0010387
1291	-0.0005201
1292	-0.0001204
1293	-0.0000041
1294	-0.0000025
1295	-0.0000021
1296	0.0000000
1297	0.0000000
1298	0.0000000
1299	0.0000000
1300	0.0000000
1301	0.0000000
1302	-0.0000000
1303	-0.0000000
1304	-0.0000001
1305	-0.0000731
1306	-0.0002188
1307	-0.0003712
1308	-0.0007002
1309	-0.0003876
1310	-0.0001888
1311	-0.0002830
1312	-0.0002707
1313	-0.0002734
1314	-0.0002734
1315	-0.0000817
1316	-0.0000326
1317	-0.0000000
1318	0.0000000
1319	0.0000000
1320	0.0000000
1321	0.0000000
1322	0.0000000
1323	0.0000000
1324	0.0000000
1325	0.0000000
1326	-0.0000000
1327	-0.0000016
1328	-0.0000279
1329	-0.0002956
1330	-0.0005725
1331	-0.0011077
1332	-0.0010698
1333	-0.0013285
1334	-0.0010120
1335	-0.0001892
1336	-0.0004582
1337	-0.0011067
1338	-0.0007036
1339	-0.0003456
1340	-0.0000525
1341	-0.0000007
1342	0.0000000
1343	0.0000000
1344	0.0000000
1345	0.0000000
1346	0.0000000
1347	0.0000000
1348	0.0000000
1349	0.0000000
1350	-0.0000005
1351	-0.0000103
1352	-0.0000020
1353	-0.0000070
1354	-0.0000481
1355	-0.0001689
1356	-0.0001037
1357	-0.0000047
1358	0.0000000
1359	0.0000000
1360	-0.0000239
1361	-0.0001624
1362	-0.0004132
1363	-0.0002202
1364	-0.0000126
1365	-0.0000010
1366	-0.0000012
1367	0.0000000
1368	0.0000000
1369	0.0000000
1370	0.0000000
1371	0.0000000
1372	0.0000000
1373	-0.0000000
1374	-0.0000004
1375	-0.0000124
1376	-0.0000355
1377	-0.0001605
1378	-0.0006396
1379	-0.0011448
1380	-0.0008389
1381	-0.0012399
1382	-0.0005196
1383	-0.0012882
1384	-0.0015207
1385	-0.0014275
1386	-0.0010185
1387	-0.0004917
1388	-0.0000103
1389	0.0000000
1390	0.0000000
1391	0.0000000
1392	0.0000000
1393	0.0000000
1394	0.0000000
1395	0.0000000
1396	0.0000000
1397	-0.0000000
1398	-0.0000001
1399	-0.0000143
1400	-0.0001109
1401	-0.0007332
1402	-0.0013110
1403	-0.0017850
1404	-0.0018761
1405	-0.0018812
1406	-0.0014270
1407	-0.0016295
1408	-0.0016538
1409	-0.0015183
1410	-0.0011046
1411	-0.0005966
1412	-0.0001199
1413	-0.0000040
1414	-0.0000015
1415	0.0000000
1416	0.0000000
1417	0.0000000
1418	0.0000000
1419	0.0000000
1420	0.0000000
1421	0.0000000
1422	-0.0000000
1423	-0.0000046
1424	-0.0001717
1425	-0.0008243
1426	-0.0012272
1427	-0.0014578
1428	-0.0015262
1429	-0.0015077
1430	-0.0015551
1431	-0.0000012
1432	0.0000000
1433	-0.0001633
1434	-0.0009900
1435	-0.0006895
1436	-0.0001811
1437	-0.0000055
1438	-0.0000043
1439	-0.0000040
1440	0.0000000
1441	0.0000000
1442	0.0000000
1443	0.0000000
1444	0.0000000
1445	0.0000000
1446	-0.0000000
1447	-0.0000014
1448	-0.0000541
1449	-0.0004074
1450	-0.0011515
1451	-0.0013675
1452	-0.0015263
1453	-0.0014708
1454	-0.0016471
1455	-0.0015858
1456	-0.0014363
1457	-0.0012659
1458	-0.0010113
1459	-0.0006295
1460	-0.0001215
1461	-0.0000049
1462	-0.0000033
1463	-0.0000027
1464	0.0000000
1465	0.0000000
1466	0.0000000
1467	0.0000000
1468	0.0000000
1469	0.0000000
1470	-0.0000000
1471	-0.0000013
1472	-0.0000603
1473	-0.0003846
1474	-0.0009944
1475	-0.0012688
1476	-0.0015615
1477	-0.0017729
1478	-0.0018316
1479	-0.0018931
1480	-0.0015512
1481	-0.0010346
1482	-0.0008708
1483	-0.0002935
1484	-0.0000398
1485	-0.0000025
1486	-0.0000037
1487	-0.0000000
1488	0.0000000
1489	0.0000000
1490	0.0000000
1491	0.0000000
1492	0.0000000
1493	0.0000000
1494	0.0000000
1495	0.0000000
1496	0.0000000
1497	-0.0000114
1498	-0.0002605
1499	-0.0009295
1500	-0.0009746
1501	-0.0015500
1502	-0.0018800
1503	-0.0017651
1504	-0.0016224
1505	-0.0013592
1506	-0.0009576
1507	-0.0003889
1508	-0.0000426
1509	-0.0000003
1510	0.0000000
1511	0.0000000
1512	0.0000000
1513	0.0000000
1514	0.0000000
1515	0.0000000
1516	0.0000000
1517	0.0000000
1518	0.0000000
1519	-0.0000001
1520	-0.0000002
1521	0.0000000
1522	0.0000000
1523	0.0000000
1524	-0.0000124
1525	-0.0005028
1526	-0.0014540
1527	-0.0015646
1528	-0.0012282
1529	-0.0011057
1530	-0.0007925
1531	-0.0003638
1532	-0.0000406
1533	-0.0000006
1534	0.0000000
1535	0.0000000
1536	0.0000000
1537	0.0000000
1538	0.0000000
1539	0.0000000
1540	0.0000000
1541	0.0000000
1542	-0.0000000
1543	-0.0000050
1544	-0.0000665
1545	-0.0003377
1546	-0.0010128
1547	-0.0014841
1548	-0.0018075
1549	-0.0019968
1550	-0.0019889
1551	-0.0018980
1552	-0.0016386
1553	-0.0011123
1554	-0.0005409
1555	-0.0001882
1556	-0.0000055
1557	-0.0000013
1558	0.0000000
1559	0.0000000
1560	0.0000000
1561	0.0000000
1562	0.0000000
1563	0.0000000
1564	0.0000000
1565	0.0000000
1566	0.0000000
1567	-0.0000046
1568	-0.0000850
1569	-0.0003902
1570	-0.0009802
1571	-0.0014971
1572	-0.0010951
1573	-0.0006077
1574	-0.0006111
1575	-0.0005446
1576	-0.0003982
1577	-0.0002202
1578	-0.0001108
1579	-0.0000453
1580	-0.0000007
1581	-0.0000000
1582	-0.0000001
1583	0.0000000
1584	0.0000000
1585	0.0000000
1586	0.0000000
1587	0.0000000
1588	0.0000000
1589	0.0000000
1590	-0.0000000
1591	-0.0000057
1592	-0.0000376
1593	-0.0001759
1594	-0.0007101
1595	-0.0013817
1596	-0.0017446
1597	-0.0019284
1598	-0.0019855
1599	-0.0018484
1600	-0.0015622
1601	-0.0014924
1602	-0.0008611
1603	-0.0003337
1604	-0.0000569
1605	-0.0000011
1606	-0.0000000
1607	0.0000000
1608	0.0000000
1609	0.0000000
1610	0.0000000
1611	0.0000000
1612	0.0000000
1613	0.0000000
1614	-0.0000000
1615	-0.0000012
1616	-0.0001200
1617	-0.0005908
1618	-0.0011254
1619	-0.0015083
1620	-0.0018002
1621	-0.0019494
1622	-0.0012672
1623	-0.0010978
1624	-0.0014738
1625	-0.0012410
1626	-0.0008198
1627	-0.0004085
1628	-0.0000368
1629	-0.0000054
1630	-0.0000041
1631	-0.0000026
1632	-0.0000000
1633	0.0000000
1634	0.0000000
1635	0.0000000
1636	0.0000000
1637	0.0000000
1638	0.0000000
1639	0.0000000
1640	-0.0000025
1641	-0.0000002
1642	0.0000000
1643	-0.0001014
1644	-0.0010213
1645	-0.0016730
1646	-0.0017611
1647	-0.0015966
1648	-0.0016819
1649	-0.0014656
1650	-0.0010373
1651	-0.0004349
1652	-0.0000824
1653	-0.0000016
1654	-0.0000010
1655	-0.0000002
1656	0.0000000
1657	0.0000000
1658	0.0000000
1659	0.0000000
1660	0.0000000
1661	0.0000000
1662	0.0000000
1663	-0.0000001
1664	-0.0000366
1665	-0.0005364
1666	-0.0012029
1667	-0.0014242
1668	-0.0017900
1669	-0.0018293
1670	-0.0018288
1671	-0.0012566
1672	-0.0010174
1673	-0.0008196
1674	-0.0006438
1675	-0.0003363
1676	-0.0000408
1677	-0.0000054
1678	-0.0000004
1679	0.0000000
1680	0.0000000
1681	0.0000000
1682	0.0000000
1683	0.0000000
1684	0.0000000
1685	0.0000000
1686	-0.0000000
1687	-0.0000157
1688	-0.0003643
1689	-0.0007359
1690	-0.0009594
1691	-0.0009742
1692	-0.0011816
1693	-0.0010840
1694	-0.0012457
1695	-0.0014060
1696	-0.0011771
1697	-0.0012869
1698	-0.0010014
1699	-0.0000084
1700	0.0000000
1701	0.0000000
1702	0.0000000
1703	0.0000000
1704	0.0000000
1705	0.0000000
1706	0.0000000
1707	0.0000000
1708	0.0000000
1709	-0.0000000
1710	-0.0000000
1711	-0.0000072
1712	-0.0001660
1713	-0.0007964
1714	-0.0011125
1715	-0.0012385
1716	-0.0012737
1717	-0.0011807
1718	-0.0012740
1719	-0.0011877
1720	-0.0010031
1721	-0.0009848
1722	-0.0007803
1723	-0.0002480
1724	-0.0000471
1725	-0.0000027
1726	-0.0000025
1727	-0.0000027
1728	-0.0000000
1729	0.0000000
1730	0.0000000
1731	0.0000000
1732	0.0000000
1733	0.0000000
1734	-0.0000000
1735	-0.0000018
1736	-0.0000493
1737	-0.0005067
1738	-0.0010045
1739	-0.0012929
1740	-0.0015385
1741	-0.0016658
1742	-0.0017649
1743	-0.0015810
1744	-0.0012665
1745	-0.0010719
1746	-0.0007419
1747	-0.0001741
1748	-0.0000122
1749	-0.0000009
1750	-0.0000009
1751	-0.0000008
1752	0.0000000
1753	0.0000000
1754	0.0000000
1755	0.0000000
1756	0.0000000
1757	0.0000000
1758	0.0000000
1759	0.0000000
1760	-0.0000005
1761	-0.0000106
1762	-0.0000878
1763	-0.0006472
1764	-0.0012246
1765	-0.0014587
1766	-0.0015593
1767	-0.0015306
1768	-0.0013742
1769	-0.0011373
1770	-0.0006053
1771	-0.0001411
1772	-0.0000351
1773	-0.0000010
1774	-0.0000000
1775	-0.0000006
1776	0.0000000
1777	0.0000000
1778	0.0000000
1779	0.0000000
1780	0.0000000
1781	0.0000000
1782	0.0000000
1783	-0.0000007
1784	-0.0000127
1785	-0.0000498
1786	-0.0000005
1787	-0.0000009
1788	-0.0001806
1789	-0.0008232
1790	-0.0010568
1791	-0.0010170
1792	-0.0006223
1793	-0.0007874
1794	-0.0004908
1795	-0.0000855
1796	-0.0000025
1797	-0.0000000
1798	0.0000000
1799	0.0000000
1800	0.0000000
1801	0.0000000
1802	0.0000000
1803	0.0000000
1804	0.0000000
1805	0.0000000
1806	0.0000000
1807	-0.0000001
1808	-0.0000047
1809	-0.0000626
1810	-0.0001698
1811	-0.0003208
1812	-0.0003955
1813	-0.0001296
1814	-0.0001311
1815	-0.0003526
1816	-0.0006032
1817	-0.0007437
1818	-0.0004637
1819	-0.0001087
1820	-0.0000095
1821	-0.0000022
1822	-0.0000016
1823	0.0000000
1824	0.0000000
1825	0.0000000
1826	0.0000000
1827	0.0000000
1828	0.0000000
1829	-0.0000000
1830	-0.0000000
1831	-0.0000017
1832	-0.0000243
1833	-0.0001469
1834	-0.0003746
1835	-0.0008271
1836	-0.0011681
1837	-0.0013870
1838	-0.0014943
1839	-0.0015280
1840	-0.0013482
1841	-0.0009640
1842	-0.0003854
1843	-0.0000990
1844	-0.0000128
1845	-0.0000023
1846	-0.0000025
1847	-0.0000017
1848	0.0000000
1849	0.0000000
1850	0.0000000
1851	0.0000000
1852	0.0000000
1853	0.0000000
1854	0.0000000
1855	-0.0000003
1856	-0.0000222
1857	-0.0000841
1858	-0.0002283
1859	-0.0004806
1860	-0.0004793
1861	-0.0004836
1862	-0.0005251
1863	-0.0004983
1864	-0.0004960
1865	-0.0004235
1866	-0.0002312
1867	-0.0000788
1868	-0.0000079
1869	-0.0000021
1870	-0.0000027
1871	-0.0000028
1872	0.0000000
1873	0.0000000
1874	0.0000000
1875	0.0000000
1876	0.0000000
1877	0.0000000
1878	0.0000000
1879	-0.0000003
1880	-0.0000061
1881	-0.0000858
1882	-0.0003989
1883	-0.0008967
1884	-0.0009241
1885	-0.0011357
1886	-0.0014250
1887	-0.0015236
1888	-0.0011609
1889	-0.0011308
1890	-0.0006526
1891	-0.0001310
1892	-0.0000062
1893	-0.0000006
1894	-0.0000037
1895	-0.0000000
1896	0.0000000
1897	0.0000000
1898	0.0000000
1899	0.0000000
1900	0.0000000
1901	-0.0000000
1902	-0.0000000
1903	-0.0000080
1904	-0.0001332
1905	-0.0004946
1906	-0.0007857
1907	-0.0009165
1908	-0.0009613
1909	-0.0009925
1910	-0.0011177
1911	-0.0007827
1912	-0.0007079
1913	-0.0006166
1914	-0.0005119
1915	-0.0001642
1916	-0.0000176
1917	-0.0000041
1918	-0.0000029
1919	-0.0000020
1920	0.0000000
1921	0.0000000
1922	0.0000000
1923	0.0000000
1924	0.0000000
1925	0.0000000
1926	0.0000000
1927	-0.0000000
1928	-0.0000064
1929	-0.0002261
1930	-0.0007820
1931	-0.0009966
1932	-0.0009986
1933	-0.0013527
1934	-0.0014995
1935	-0.0014748
1936	-0.0013107
1937	-0.0011081
1938	-0.0006620
1939	-0.0002191
1940	-0.0000404
1941	-0.0000032
1942	-0.0000027
1943	-0.0000011
1944	0.0000000
1945	0.0000000
1946	0.0000000
1947	0.0000000
1948	0.0000000
1949	0.0000000
1950	-0.0000000
1951	-0.0000013
1952	-0.0000319
1953	-0.0004606
1954	-0.0009588
1955	-0.0012639
1956	-0.0014403
1957	-0.0016794
1958	-0.0017932
1959	-0.0017597
1960	-0.0016097
1961	-0.0013109
1962	-0.0008157
1963	-0.0002395
1964	-0.0000238
1965	-0.0000027
1966	-0.0000037
1967	-0.0000000
1968	0.0000000
1969	0.0000000
1970	0.0000000
1971	0.0000000
1972	0.0000000
1973	-0.0000000
1974	-0.0000001
1975	-0.0000047
1976	-0.0001161
1977	-0.0007322
1978	-0.0012218
1979	-0.0016420
1980	-0.0019820
1981	-0.0020733
1982	-0.0021004
1983	-0.0020288
1984	-0.0018720
1985	-0.0014528
1986	-0.0008905
1987	-0.0003264
1988	-0.0000200
1989	-0.0000025
1990	-0.0000000
