TIME_UNITS h
DATA_UNITS kg/s
0	-0.0000007
1	-0.0000017
2	-0.0000020
3	-0.0000010
4	-0.0000006
5	-0.0000003
6	-0.0000030
7	-0.0000405
8	-0.0002479
9	-0.0005136
10	-0.0008188
11	-0.0011331
12	-0.0012512
13	-0.0013425
14	-0.0014321
15	-0.0014641
16	-0.0014312
17	-0.0012943
18	-0.0010571
19	-0.0006683
20	-0.0002311
21	-0.0000260
22	-0.0000025
23	-0.0000012
24	-0.0000013
25	-0.0000009
26	-0.0000004
27	-0.0000004
28	0.0000000
29	0.0000000
30	0.0000000
31	0.0000000
32	-0.0001849
33	-0.0005984
34	-0.0010511
35	-0.0013869
36	-0.0015300
37	-0.0016031
38	-0.0014530
39	-0.0011546
40	-0.0009893
41	-0.0004162
42	-0.0001997
43	-0.0001462
44	-0.0000379
45	-0.0000001
46	0.0000000
47	0.0000000
48	0.0000000
49	0.0000000
50	0.0000000
51	0.0000000
52	0.0000000
53	0.0000000
54	0.0000000
55	0.0000000
56	0.0000000
57	-0.0000000
58	-0.0000100
59	-0.0001376
60	-0.0009149
61	-0.0009822
62	-0.0014223
63	-0.0014151
64	-0.0000012
65	0.0000000
66	-0.0000248
67	-0.0001118
68	-0.0000362
69	-0.0000013
70	-0.0000000
71	-0.0000010
72	-0.0000006
73	-0.0000007
74	-0.0000002
75	-0.0000001
76	-0.0000006
77	-0.0000006
78	-0.0000176
79	-0.0001383
80	-0.0001474
81	-0.0002781
82	-0.0004754
83	-0.0006051
84	-0.0006466
85	-0.0009122
86	-0.0011330
87	-0.0011917
88	-0.0009581
89	-0.0009228
90	-0.0006687
91	-0.0002971
92	-0.0000982
93	-0.0000083
94	-0.0000016
95	0.0000000
96	0.0000000
97	0.0000000
98	0.0000000
99	0.0000000
100	0.0000000
101	0.0000000
102	0.0000000
103	-0.0000261
104	-0.0002418
105	-0.0007584
106	-0.0011085
107	-0.0014681
108	-0.0013987
109	-0.0012427
110	-0.0008869
111	-0.0000036
112	0.0000000
113	-0.0000074
114	-0.0000498
115	-0.0000001
116	-0.0000000
117	0.0000000
118	0.0000000
119	0.0000000
120	0.0000000
121	-0.0000000
122	0.0000000
123	-0.0000000
124	-0.0000002
125	-0.0000001
126	-0.0000008
127	0.0000000
128	-0.0000101
129	-0.0000722
130	-0.0001512
131	-0.0002132
132	-0.0002966
133	-0.0002947
134	-0.0002620
135	-0.0002445
136	-0.0004111
137	-0.0005116
138	-0.0004608
139	-0.0003391
140	-0.0000610
141	-0.0000017
142	0.0000000
143	0.0000000
144	0.0000000
145	0.0000000
146	-0.0000000
147	-0.0000000
148	-0.0000001
149	0.0000000
150	-0.0000002
151	-0.0000350
152	-0.0001520
153	-0.0007116
154	-0.0012454
155	-0.0013776
156	-0.0018246
157	-0.0012081
158	-0.0012939
159	-0.0010779
160	-0.0006922
161	-0.0006226
162	-0.0005696
163	-0.0002637
164	-0.0001024
165	-0.0000178
166	-0.0000038
167	-0.0000029
168	0.0000000
169	0.0000000
170	0.0000000
171	0.0000000
172	-0.0000000
173	-0.0000000
174	-0.0000044
175	-0.0000321
176	-0.0001181
177	-0.0002265
178	-0.0002461
179	-0.0004812
180	-0.0008994
181	-0.0009969
182	-0.0009708
183	-0.0008244
184	-0.0003238
185	-0.0003880
186	-0.0004911
187	-0.0003531
188	-0.0000709
189	-0.0000002
190	0.0000000
191	0.0000000
192	0.0000000
193	0.0000000
194	0.0000000
195	0.0000000
196	0.0000000
197	-0.0000000
198	-0.0000001
199	-0.0000164
200	-0.0000913
201	-0.0002545
202	-0.0004035
203	-0.0006840
204	-0.0008320
205	-0.0007189
206	-0.0006826
207	-0.0007103
208	-0.0002625
209	-0.0004348
210	-0.0003627
211	-0.0000052
212	-0.0000003
213	-0.0000000
214	-0.0000000
215	0.0000000
216	0.0000000
217	0.0000000
218	0.0000000
219	0.0000000
220	0.0000000
221	0.0000000
222	0.0000000
223	-0.0000001
224	-0.0000004
225	-0.0000022
226	-0.0000002
227	-0.0000007
228	-0.0000030
229	-0.0000391
230	-0.0001234
231	-0.0002000
232	-0.0003468
233	-0.0004183
234	-0.0003049
235	-0.0001678
236	-0.0000347
237	0.0000000
238	0.0000000
239	0.0000000
240	0.0000000
241	0.0000000
242	0.0000000
243	0.0000000
244	0.0000000
245	0.0000000
246	0.0000000
247	-0.0000005
248	-0.0001456
249	-0.0005940
250	-0.0011434
251	-0.0014375
252	-0.0016969
253	-0.0018921
254	-0.0019451
255	-0.0018954
256	-0.0016500
257	-0.0014890
258	-0.0011752
259	-0.0007358
260	-0.0001834
261	-0.0000088
262	-0.0000010
263	0.0000000
264	0.0000000
265	0.0000000
266	0.0000000
267	0.0000000
268	0.0000000
269	-0.0000000
270	-0.0000001
271	-0.0000197
272	-0.0002552
273	-0.0004667
274	-0.0007089
275	-0.0012500
276	-0.0019206
277	-0.0020021
278	-0.0020170
279	-0.0020805
280	-0.0018184
281	-0.0016789
282	-0.0012455
283	-0.0005907
284	-0.0001678
285	-0.0000349
286	-0.0000109
287	-0.0000000
288	0.0000000
289	0.0000000
290	0.0000000
291	0.0000000
292	0.0000000
293	-0.0000000
294	-0.0000012
295	-0.0000642
296	-0.0005862
297	-0.0009716
298	-0.0014563
299	-0.0017311
300	-0.0018797
301	-0.0018781
302	-0.0016053
303	-0.0015083
304	-0.0016081
305	-0.0007895
306	-0.0009201
307	-0.0004766
308	-0.0001384
309	-0.0000037
310	0.0000000
311	0.0000000
312	0.0000000
313	0.0000000
314	0.0000000
315	0.0000000
316	0.0000000
317	0.0000000
318	0.0000000
319	-0.0000144
320	-0.0001429
321	-0.0005233
322	-0.0011054
323	-0.0014856
324	-0.0017057
325	-0.0018549
326	-0.0018550
327	-0.0018415
328	-0.0017435
329	-0.0014472
330	-0.0010818
331	-0.0005796
332	-0.0001785
333	-0.0000153
334	0.0000000
335	0.0000000
336	0.0000000
337	0.0000000
338	0.0000000
339	0.0000000
340	0.0000000
341	0.0000000
342	0.0000000
343	-0.0000253
344	-0.0002061
345	-0.0005379
346	-0.0009921
347	-0.0014704
348	-0.0017904
349	-0.0019608
350	-0.0020240
351	-0.0020049
352	-0.0018631
353	-0.0014728
354	-0.0008186
355	-0.0005567
356	-0.0001598
357	-0.0000174
358	-0.0000043
359	-0.0000000
360	0.0000000
361	0.0000000
362	0.0000000
363	0.0000000
364	0.0000000
365	0.0000000
366	0.0000000
367	0.0000000
368	0.0000000
369	-0.0000055
370	-0.0000877
371	-0.0005534
372	-0.0006363
373	-0.0006268
374	-0.0004524
375	-0.0007979
376	-0.0009491
377	-0.0010370
378	-0.0008863
379	-0.0005046
380	-0.0001153
381	-0.0000066
382	-0.0000011
383	-0.0000000
384	0.0000000
385	0.0000000
386	0.0000000
387	0.0000000
388	0.0000000
389	0.0000000
390	0.0000000
391	-0.0000100
392	-0.0000718
393	-0.0000343
394	-0.0000448
395	-0.0000982
396	-0.0002313
397	-0.0002294
398	-0.0000750
399	-0.0000928
400	-0.0003878
401	-0.0011014
402	-0.0009621
403	-0.0006325
404	-0.0001484
405	-0.0000057
406	-0.0000031
407	-0.0000002
408	0.0000000
409	0.0000000
410	0.0000000
411	0.0000000
412	0.0000000
413	0.0000000
414	0.0000000
415	-0.0000050
416	-0.0000872
417	-0.0002804
418	-0.0004258
419	-0.0005535
420	-0.0006252
421	-0.0007399
422	-0.0008202
423	-0.0010399
424	-0.0012022
425	-0.0010768
426	-0.0008300
427	-0.0006096
428	-0.0002327
429	-0.0000069
430	-0.0000008
431	-0.0000003
432	0.0000000
433	0.0000000
434	0.0000000
435	0.0000000
436	0.0000000
437	0.0000000
438	0.0000000
439	-0.0000003
440	-0.0000010
441	-0.0000083
442	-0.0000066
443	-0.0000000
444	0.0000000
445	0.0000000
446	-0.0001820
447	-0.0010886
448	-0.0004649
449	-0.0000010
450	0.0000000
451	0.0000000
452	0.0000000
453	-0.0000000
454	-0.0000000
455	-0.0000002
456	-0.0000005
457	0.0000000
458	0.0000000
459	0.0000000
460	0.0000000
461	0.0000000
462	-0.0000003
463	-0.0000105
464	-0.0000496
465	-0.0001267
466	-0.0002868
467	-0.0004528
468	-0.0004071
469	-0.0003896
470	-0.0005702
471	-0.0002961
472	-0.0007309
473	-0.0007647
474	-0.0006676
475	-0.0004210
476	-0.0000609
477	-0.0000000
478	0.0000000
479	-0.0000011
480	0.0000000
481	0.0000000
482	0.0000000
483	0.0000000
484	0.0000000
485	0.0000000
486	-0.0000003
487	-0.0000037
488	-0.0000059
489	-0.0000007
490	-0.0000055
491	-0.0000992
492	-0.0001768
493	-0.0004483
494	-0.0006097
495	-0.0006187
496	-0.0007788
497	-0.0007994
498	-0.0007443
499	-0.0005238
500	-0.0002628
501	-0.0000232
502	-0.0000004
503	-0.0000009
504	-0.0000025
505	-0.0000010
506	-0.0000025
507	-0.0000046
508	-0.0000057
509	-0.0000049
510	-0.0000855
511	-0.0001598
512	-0.0002984
513	-0.0000031
514	0.0000000
515	-0.0000599
516	-0.0003418
517	-0.0007586
518	-0.0009767
519	-0.0009707
520	-0.0008870
521	-0.0008651
522	-0.0008826
523	-0.0006920
524	-0.0003563
525	-0.0000361
526	-0.0000026
527	-0.0000000
528	0.0000000
529	0.0000000
530	0.0000000
531	0.0000000
532	0.0000000
533	0.0000000
534	-0.0000001
535	-0.0000025
536	-0.0001138
537	-0.0005571
538	-0.0007164
539	-0.0007990
540	-0.0006881
541	-0.0009710
542	-0.0011454
543	-0.0011278
544	-0.0009889
545	-0.0008686
546	-0.0007779
547	-0.0005951
548	-0.0002929
549	-0.0000386
550	-0.0000035
551	-0.0000000
552	0.0000000
553	0.0000000
554	0.0000000
555	0.0000000
556	0.0000000
557	0.0000000
558	-0.0000000
559	-0.0000033
560	-0.0001485
561	-0.0006355
562	-0.0008963
563	-0.0008824
564	-0.0010119
565	-0.0012716
566	-0.0013712
567	-0.0014386
568	-0.0014115
569	-0.0012741
570	-0.0010636
571	-0.0007663
572	-0.0002792
573	-0.0000566
574	-0.0000000
575	0.0000000
576	0.0000000
577	0.0000000
578	0.0000000
579	0.0000000
580	-0.0000000
581	-0.0000000
582	-0.0000002
583	-0.0000090
584	-0.0001642
585	-0.0007405
586	-0.0011346
587	-0.0014483
588	-0.0017184
589	-0.0018220
590	-0.0018239
591	-0.0017977
592	-0.0015452
593	-0.0013974
594	-0.0010990
595	-0.0008039
596	-0.0001977
597	-0.0000192
598	-0.0000037
599	0.0000000
600	0.0000000
601	0.0000000
602	0.0000000
603	0.0000000
604	0.0000000
605	-0.0000000
606	-0.0000014
607	-0.0000388
608	-0.0004098
609	-0.0011090
610	-0.0014804
611	-0.0017651
612	-0.0019807
613	-0.0021306
614	-0.0022260
615	-0.0022156
616	-0.0021191
617	-0.0017895
618	-0.0012338
619	-0.0006660
620	-0.0002065
621	-0.0000428
622	-0.0000069
623	-0.0000095
624	-0.0000000
625	0.0000000
626	0.0000000
627	0.0000000
628	0.0000000
629	0.0000000
630	-0.0000004
631	-0.0000207
632	-0.0005548
633	-0.0012857
634	-0.0016429
635	-0.0019815
636	-0.0021645
637	-0.0022669
638	-0.0022836
639	-0.0023322
640	-0.0022932
641	-0.0019687
642	-0.0012534
643	-0.0007446
644	-0.0002672
645	-0.0000568
646	-0.0000122
647	-0.0000139
648	-0.0000000
649	0.0000000
650	0.0000000
651	0.0000000
652	0.0000000
653	-0.0000000
654	-0.0000012
655	-0.0000568
656	-0.0006007
657	-0.0013513
658	-0.0017837
659	-0.0019480
660	-0.0022235
661	-0.0024965
662	-0.0025139
663	-0.0024282
664	-0.0025030
665	-0.0021504
666	-0.0015394
667	-0.0010475
668	-0.0003166
669	-0.0000385
670	-0.0000125
671	-0.0000089
672	-0.0000000
673	0.0000000
674	0.0000000
675	0.0000000
676	0.0000000
677	0.0000000
678	0.0000000
679	-0.0000005
680	-0.0000004
681	-0.0000008
682	-0.0000379
683	-0.0003148
684	-0.0000355
685	-0.0000970
686	-0.0003501
687	-0.0006140
688	-0.0008931
689	-0.0006650
690	-0.0004060
691	-0.0001669
692	-0.0000175
693	-0.0000102
694	-0.0000000
695	0.0000000
696	0.0000000
697	0.0000000
698	0.0000000
699	0.0000000
700	-0.0000000
701	-0.0000001
702	-0.0000001
703	-0.0000006
704	-0.0001280
705	-0.0004050
706	-0.0004271
707	-0.0009586
708	-0.0010983
709	-0.0012529
710	-0.0009511
711	-0.0010851
712	-0.0014091
713	-0.0012273
714	-0.0009310
715	-0.0003190
716	-0.0000416
717	-0.0000051
718	-0.0000022
719	0.0000000
720	0.0000000
721	0.0000000
722	0.0000000
723	0.0000000
724	0.0000000
725	0.0000000
726	-0.0000003
727	-0.0000129
728	-0.0001744
729	-0.0003732
730	-0.0006717
731	-0.0014461
732	-0.0018072
733	-0.0018531
734	-0.0013526
735	-0.0013877
736	-0.0018829
737	-0.0014925
738	-0.0010990
739	-0.0005450
740	-0.0000709
741	-0.0000116
742	-0.0000029
743	0.0000000
744	0.0000000
745	0.0000000
746	0.0000000
747	0.0000000
748	0.0000000
749	-0.0000000
750	-0.0000002
751	-0.0000033
752	-0.0000133
753	-0.0000012
754	-0.0000013
755	-0.0002170
756	-0.0006095
757	-0.0009737
758	-0.0011169
759	-0.0013546
760	-0.0013898
761	-0.0015088
762	-0.0011394
763	-0.0007095
764	-0.0002423
765	-0.0000074
766	-0.0000035
767	0.0000000
768	0.0000000
769	0.0000000
770	0.0000000
771	0.0000000
772	0.0000000
773	0.0000000
774	0.0000000
775	-0.0000023
776	-0.0001085
777	-0.0003746
778	-0.0009314
779	-0.0014123
780	-0.0018040
781	-0.0017778
782	-0.0018120
783	-0.0018697
784	-0.0017845
785	-0.0017347
786	-0.0013161
787	-0.0007868
788	-0.0001826
789	-0.0000389
790	-0.0000049
791	0.0000000
792	0.0000000
793	0.0000000
794	0.0000000
795	0.0000000
796	0.0000000
797	0.0000000
798	0.0000000
799	-0.0000000
800	-0.0001553
801	-0.0007228
802	-0.0013682
803	-0.0017847
804	-0.0021020
805	-0.0022047
806	-0.0022743
807	-0.0022273
808	-0.0020757
809	-0.0017516
810	-0.0012336
811	-0.0004657
812	-0.0000112
813	-0.0000048
814	-0.0000048
815	-0.0000045
816	0.0000000
817	0.0000000
818	0.0000000
819	0.0000000
820	0.0000000
821	0.0000000
822	-0.0000001
823	-0.0000142
824	-0.0002441
825	-0.0011228
826	-0.0015265
827	-0.0018435
828	-0.0021411
829	-0.0023552
830	-0.0024167
831	-0.0023406
832	-0.0019896
833	-0.0014230
834	-0.0007937
835	-0.0003182
836	-0.0001595
837	-0.0000085
838	-0.0000020
839	-0.0000001
840	0.0000000
841	0.0000000
842	0.0000000
843	0.0000000
844	0.0000000
845	0.0000000
846	0.0000000
847	-0.0000198
848	-0.0001021
849	-0.0003318
850	-0.0009496
851	-0.0014208
852	-0.0016848
853	-0.0015664
854	-0.0014466
855	-0.0012587
856	-0.0014306
857	-0.0015292
858	-0.0012841
859	-0.0009669
860	-0.0004124
861	-0.0000351
862	-0.0000000
863	0.0000000
864	0.0000000
865	0.0000000
866	0.0000000
867	0.0000000
868	0.0000000
869	-0.0000000
870	-0.0000007
871	-0.0000071
872	-0.0000420
873	-0.0004736
874	-0.0011280
875	-0.0016010
876	-0.0020177
877	-0.0021249
878	-0.0021774
879	-0.0021414
880	-0.0020209
881	-0.0015924
882	-0.0009033
883	-0.0007297
884	-0.0001059
885	-0.0000103
886	-0.0000017
887	-0.0000012
888	0.0000000
889	0.0000000
890	0.0000000
891	0.0000000
892	0.0000000
893	0.0000000
894	0.0000000
895	0.0000000
896	-0.0000823
897	-0.0006321
898	-0.0014020
899	-0.0017420
900	-0.0020844
901	-0.0022407
902	-0.0023647
903	-0.0022935
904	-0.0015363
905	-0.0009174
906	-0.0007897
907	-0.0005013
908	-0.0000526
909	-0.0000325
910	-0.0000098
911	-0.0000088
912	-0.0000000
913	0.0000000
914	0.0000000
915	0.0000000
916	0.0000000
917	0.0000000
918	0.0000000
919	-0.0000009
920	-0.0000341
921	-0.0000140
922	-0.0000873
923	-0.0003766
924	-0.0000213
925	-0.0000175
926	-0.0002178
927	-0.0007453
928	-0.0010993
929	-0.0014140
930	-0.0012039
931	-0.0007621
932	-0.0002183
933	-0.0000188
934	-0.0000037
935	-0.0000023
936	0.0000000
937	0.0000000
938	0.0000000
939	0.0000000
940	0.0000000
941	0.0000000
942	-0.0000000
943	-0.0000059
944	-0.0001581
945	-0.0009361
946	-0.0013157
947	-0.0016759
948	-0.0019502
949	-0.0019857
950	-0.0020484
951	-0.0020667
952	-0.0019463
953	-0.0016937
954	-0.0013543
955	-0.0007210
956	-0.0002714
957	-0.0000215
958	-0.0000053
959	-0.0000032
960	-0.0000000
961	0.0000000
962	0.0000000
963	0.0000000
964	0.0000000
965	0.0000000
966	-0.0000000
967	-0.0000058
968	-0.0002040
969	-0.0009949
970	-0.0013876
971	-0.0016554
972	-0.0016769
973	-0.0014204
974	-0.0015859
975	-0.0017171
976	-0.0015577
977	-0.0014284
978	-0.0010715
979	-0.0006766
980	-0.0001133
981	-0.0000103
982	-0.0000013
983	-0.0000004
984	0.0000000
985	0.0000000
986	0.0000000
987	0.0000000
988	0.0000000
989	0.0000000
990	0.0000000
991	0.0000000
992	-0.0000000
993	-0.0000557
994	-0.0001504
995	-0.0000942
996	-0.0000570
997	-0.0000852
998	-0.0004430
999	-0.0004707
1000	-0.0001966
1001	-0.0000436
1002	-0.0000078
1003	-0.0000037
1004	-0.0000003
1005	0.0000000
1006	0.0000000
1007	0.0000000
1008	0.0000000
1009	0.0000000
1010	0.0000000
1011	0.0000000
1012	0.0000000
1013	0.0000000
1014	0.0000000
1015	-0.0000024
1016	-0.0000303
1017	-0.0002131
1018	-0.0009585
1019	-0.0012466
1020	-0.0016099
1021	-0.0016232
1022	-0.0015985
1023	-0.0016716
1024	-0.0014426
1025	-0.0009019
1026	-0.0004519
1027	-0.0001495
1028	-0.0000585
1029	-0.0000025
1030	0.0000000
1031	0.0000000
1032	0.0000000
1033	0.0000000
1034	0.0000000
1035	0.0000000
1036	0.0000000
1037	0.0000000
1038	0.0000000
1039	-0.0000005
1040	-0.0000549
1041	-0.0003620
1042	-0.0010409
1043	-0.0015061
1044	-0.0005049
1045	-0.0014823
1046	-0.0013969
1047	-0.0012851
1048	-0.0008709
1049	-0.0008984
1050	-0.0006938
1051	-0.0002604
1052	-0.0000565
1053	-0.0000003
1054	-0.0000000
1055	-0.0000000
1056	0.0000000
1057	0.0000000
1058	0.0000000
1059	0.0000000
1060	0.0000000
1061	0.0000000
1062	-0.0000001
1063	-0.0000118
1064	-0.0001034
1065	-0.0004089
1066	-0.0012030
1067	-0.0015738
1068	-0.0016764
1069	-0.0019185
1070	-0.0019851
1071	-0.0019619
1072	-0.0018731
1073	-0.0015977
1074	-0.0012446
1075	-0.0006847
1076	-0.0002135
1077	-0.0000144
1078	-0.0000006
1079	0.0000000
1080	0.0000000
1081	0.0000000
1082	0.0000000
1083	0.0000000
1084	0.0000000
1085	0.0000000
1086	0.0000000
1087	-0.0000019
1088	-0.0000765
1089	-0.0001882
1090	-0.0003050
1091	-0.0004839
1092	-0.0003809
1093	-0.0007262
1094	-0.0008505
1095	-0.0006470
1096	-0.0005940
1097	-0.0002678
1098	-0.0000148
1099	-0.0000015
1100	0.0000000
1101	0.0000000
1102	0.0000000
1103	0.0000000
1104	0.0000000
1105	0.0000000
1106	0.0000000
1107	0.0000000
1108	0.0000000
1109	0.0000000
1110	-0.0000000
1111	-0.0000042
1112	-0.0000421
1113	-0.0001309
1114	-0.0002058
1115	-0.0004565
1116	-0.0006013
1117	-0.0004300
1118	-0.0007033
1119	-0.0013713
1120	-0.0014331
1121	-0.0010943
1122	-0.0005786
1123	-0.0003773
1124	-0.0000176
1125	-0.0000092
1126	-0.0000000
1127	0.0000000
1128	0.0000000
1129	0.0000000
1130	0.0000000
1131	0.0000000
1132	0.0000000
1133	0.0000000
1134	0.0000000
1135	-0.0000009
1136	-0.0000115
1137	-0.0002718
1138	-0.0006674
1139	-0.0006528
1140	-0.0003231
1141	-0.0006519
1142	-0.0007318
1143	-0.0005849
1144	-0.0006711
1145	-0.0000131
1146	-0.0000196
1147	-0.0000185
1148	-0.0000011
1149	0.0000000
1150	0.0000000
1151	-0.0000003
1152	0.0000000
1153	0.0000000
1154	0.0000000
1155	0.0000000
1156	0.0000000
1157	0.0000000
1158	0.0000000
1159	-0.0000054
1160	-0.0000648
1161	-0.0003253
1162	-0.0009076
1163	-0.0014808
1164	-0.0017634
1165	-0.0019658
1166	-0.0020106
1167	-0.0019150
1168	-0.0018278
1169	-0.0015706
1170	-0.0011792
1171	-0.0007060
1172	-0.0001985
1173	-0.0000016
1174	0.0000000
1175	0.0000000
1176	0.0000000
1177	0.0000000
1178	0.0000000
1179	0.0000000
1180	0.0000000
1181	0.0000000
1182	0.0000000
1183	-0.0000003
1184	-0.0000639
1185	-0.0005128
1186	-0.0012862
1187	-0.0016862
1188	-0.0020248
1189	-0.0021605
1190	-0.0023295
1191	-0.0022818
1192	-0.0020582
1193	-0.0017018
1194	-0.0010987
1195	-0.0005656
1196	-0.0001743
1197	-0.0000127
1198	-0.0000022
1199	-0.0000000
1200	0.0000000
1201	0.0000000
1202	0.0000000
1203	0.0000000
1204	0.0000000
1205	-0.0000000
1206	-0.0000003
1207	-0.0000150
1208	-0.0002455
1209	-0.0009056
1210	-0.0013376
1211	-0.0017344
1212	-0.0020190
1213	-0.0022511
1214	-0.0023567
1215	-0.0021425
1216	-0.0020100
1217	-0.0012526
1218	-0.0007932
1219	-0.0006046
1220	-0.0002228
1221	-0.0000102
1222	-0.0000096
1223	-0.0000090
1224	-0.0000000
1225	0.0000000
1226	0.0000000
1227	0.0000000
1228	0.0000000
1229	0.0000000
1230	-0.0000001
1231	-0.0000106
1232	-0.0000384
1233	-0.0001770
1234	-0.0002376
1235	-0.0010712
1236	-0.0015479
1237	-0.0014172
1238	-0.0019760
1239	-0.0019082
1240	-0.0018088
1241	-0.0014794
1242	-0.0012014
1243	-0.0007902
1244	-0.0002446
1245	-0.0000162
1246	-0.0000041
1247	0.0000000
1248	0.0000000
1249	0.0000000
1250	0.0000000
1251	0.0000000
1252	0.0000000
1253	0.0000000
1254	0.0000000
1255	-0.0000005
1256	-0.0000861
1257	-0.0005857
1258	-0.0011980
1259	-0.0015234
1260	-0.0017766
1261	-0.0018756
1262	-0.0017599
1263	-0.0018041
1264	-0.0017496
1265	-0.0015386
1266	-0.0011777
1267	-0.0006193
1268	-0.0001147
1269	-0.0000047
1270	-0.0000046
1271	-0.0000045
1272	0.0000000
1273	0.0000000
1274	0.0000000
1275	0.0000000
1276	0.0000000
1277	0.0000000
1278	0.0000000
1279	-0.0000001
1280	-0.0001029
1281	-0.0004753
1282	-0.0010416
1283	-0.0013674
1284	-0.0015359
1285	-0.0014737
1286	-0.0014857
1287	-0.0012721
1288	-0.0014660
1289	-0.0012028
1290	-0.0010307
1291	-0.0005161
1292	-0.0001195
1293	-0.0000040
1294	-0.0000024
1295	-0.0000021
1296	0.0000000
1297	0.0000000
1298	0.0000000
1299	0.0000000
1300	0.0000000
1301	0.0000000
1302	-0.0000000
1303	-0.0000000
1304	-0.0000001
1305	-0.0000726
1306	-0.0002171
1307	-0.0003684
1308	-0.0006949
1309	-0.0003846
1310	-0.0001874
1311	-0.0002808
1312	-0.0002686
1313	-0.0002713
1314	-0.0002713
1315	-0.0000811
1316	-0.0000324
1317	-0.0000000
1318	0.0000000
1319	0.0000000
1320	0.0000000
1321	0.0000000
1322	0.0000000
1323	0.0000000
1324	0.0000000
1325	0.0000000
1326	-0.0000000
1327	-0.0000016
1328	-0.0000277
1329	-0.0002933
1330	-0.0005681
1331	-0.0010992
1332	-0.0010616
1333	-0.0013183
1334	-0.0010042
1335	-0.0001878
1336	-0.0004547
1337	-0.0010982
1338	-0.0006982
1339	-0.0003430
1340	-0.0000521
1341	-0.0000007
1342	0.0000000
1343	0.0000000
1344	0.0000000
1345	0.0000000
1346	0.0000000
1347	0.0000000
1348	0.0000000
1349	0.0000000
1350	-0.0000005
1351	-0.0000102
1352	-0.0000019
1353	-0.0000070
1354	-0.0000477
1355	-0.0001676
1356	-0.0001029
1357	-0.0000047
1358	0.0000000
1359	0.0000000
1360	-0.0000237
1361	-0.0001612
1362	-0.0004100
1363	-0.0002186
1364	-0.0000125
1365	-0.0000010
1366	-0.0000012
1367	0.0000000
1368	0.0000000
1369	0.0000000
1370	0.0000000
1371	0.0000000
1372	0.0000000
1373	-0.0000000
1374	-0.0000004
1375	-0.0000123
1376	-0.0000352
1377	-0.0001592
1378	-0.0006347
1379	-0.0011360
1380	-0.0008324
1381	-0.0012303
1382	-0.0005156
1383	-0.0012783
1384	-0.0015090
1385	-0.0014166
1386	-0.0010107
1387	-0.0004879
1388	-0.0000102
1389	0.0000000
1390	0.0000000
1391	0.0000000
1392	0.0000000
1393	0.0000000
1394	0.0000000
1395	0.0000000
1396	0.0000000
1397	-0.0000000
1398	-0.0000001
1399	-0.0000142
1400	-0.0001101
1401	-0.0007276
1402	-0.0013010
1403	-0.0017713
1404	-0.0018617
1405	-0.0018668
1406	-0.0014160
1407	-0.0016170
1408	-0.0016411
1409	-0.0015067
1410	-0.0010961
1411	-0.0005920
1412	-0.0001189
1413	-0.0000039
1414	-0.0000015
1415	0.0000000
1416	0.0000000
1417	0.0000000
1418	0.0000000
1419	0.0000000
1420	0.0000000
1421	0.0000000
1422	-0.0000000
1423	-0.0000046
1424	-0.0001704
1425	-0.0008180
1426	-0.0012178
1427	-0.0014466
1428	-0.0015145
1429	-0.0014962
1430	-0.0015431
1431	-0.0000012
1432	0.0000000
1433	-0.0001620
1434	-0.0009824
1435	-0.0006842
1436	-0.0001797
1437	-0.0000055
1438	-0.0000043
1439	-0.0000039
1440	0.0000000
1441	0.0000000
1442	0.0000000
1443	0.0000000
1444	0.0000000
1445	0.0000000
1446	-0.0000000
1447	-0.0000014
1448	-0.0000537
1449	-0.0004043
1450	-0.0011426
1451	-0.0013570
1452	-0.0015145
1453	-0.0014595
1454	-0.0016344
1455	-0.0015737
1456	-0.0014253
1457	-0.0012562
1458	-0.0010035
1459	-0.0006246
1460	-0.0001206
1461	-0.0000049
1462	-0.0000033
1463	-0.0000027
1464	0.0000000
1465	0.0000000
1466	0.0000000
1467	0.0000000
1468	0.0000000
1469	0.0000000
1470	-0.0000000
1471	-0.0000013
1472	-0.0000598
1473	-0.0003816
1474	-0.0009868
1475	-0.0012590
1476	-0.0015495
1477	-0.0017592
1478	-0.0018176
1479	-0.0018786
1480	-0.0015393
1481	-0.0010266
1482	-0.0008641
1483	-0.0002913
1484	-0.0000395
1485	-0.0000024
1486	-0.0000037
1487	-0.0000000
1488	0.0000000
1489	0.0000000
1490	0.0000000
1491	0.0000000
1492	0.0000000
1493	0.0000000
1494	0.0000000
1495	0.0000000
1496	0.0000000
1497	-0.0000114
1498	-0.0002585
1499	-0.0009224
1500	-0.0009671
1501	-0.0015381
1502	-0.0018656
1503	-0.0017515
1504	-0.0016099
1505	-0.0013487
1506	-0.0009503
1507	-0.0003859
1508	-0.0000423
1509	-0.0000003
1510	0.0000000
1511	0.0000000
1512	0.0000000
1513	0.0000000
1514	0.0000000
1515	0.0000000
1516	0.0000000
1517	0.0000000
1518	0.0000000
1519	-0.0000001
1520	-0.0000002
1521	0.0000000
1522	0.0000000
1523	0.0000000
1524	-0.0000123
1525	-0.0004990
1526	-0.0014428
1527	-0.0015526
1528	-0.0012187
1529	-0.0010972
1530	-0.0007864
1531	-0.0003610
1532	-0.0000403
1533	-0.0000006
1534	0.0000000
1535	0.0000000
1536	0.0000000
1537	0.0000000
1538	0.0000000
1539	0.0000000
1540	0.0000000
1541	0.0000000
1542	-0.0000000
1543	-0.0000049
1544	-0.0000660
1545	-0.0003351
1546	-0.0010050
1547	-0.0014727
1548	-0.0017936
1549	-0.0019815
1550	-0.0019737
1551	-0.0018834
1552	-0.0016260
1553	-0.0011038
1554	-0.0005368
1555	-0.0001867
1556	-0.0000054
1557	-0.0000013
1558	0.0000000
1559	0.0000000
1560	0.0000000
1561	0.0000000
1562	0.0000000
1563	0.0000000
1564	0.0000000
1565	0.0000000
1566	0.0000000
1567	-0.0000045
1568	-0.0000843
1569	-0.0003872
1570	-0.0009727
1571	-0.0014856
1572	-0.0010867
1573	-0.0006030
1574	-0.0006064
1575	-0.0005404
1576	-0.0003952
1577	-0.0002185
1578	-0.0001099
1579	-0.0000450
1580	-0.0000007
1581	-0.0000000
1582	-0.0000001
1583	0.0000000
1584	0.0000000
1585	0.0000000
1586	0.0000000
1587	0.0000000
1588	0.0000000
1589	0.0000000
1590	-0.0000000
1591	-0.0000056
1592	-0.0000373
1593	-0.0001746
1594	-0.0007047
1595	-0.0013711
1596	-0.0017312
1597	-0.0019136
1598	-0.0019703
1599	-0.0018342
1600	-0.0015502
1601	-0.0014809
1602	-0.0008545
1603	-0.0003311
1604	-0.0000565
1605	-0.0000011
1606	-0.0000000
1607	0.0000000
1608	0.0000000
1609	0.0000000
1610	0.0000000
1611	0.0000000
1612	0.0000000
1613	0.0000000
1614	-0.0000000
1615	-0.0000012
1616	-0.0001191
1617	-0.0005863
1618	-0.0011167
1619	-0.0014967
1620	-0.0017863
1621	-0.0019344
1622	-0.0012574
1623	-0.0010894
1624	-0.0014625
1625	-0.0012314
1626	-0.0008135
1627	-0.0004054
1628	-0.0000366
1629	-0.0000054
1630	-0.0000041
1631	-0.0000026
1632	-0.0000000
1633	0.0000000
1634	0.0000000
1635	0.0000000
1636	0.0000000
1637	0.0000000
1638	0.0000000
1639	0.0000000
1640	-0.0000025
1641	-0.0000001
1642	0.0000000
1643	-0.0001006
1644	-0.0010134
1645	-0.0016602
1646	-0.0017475
1647	-0.0015843
1648	-0.0016689
1649	-0.0014543
1650	-0.0010293
1651	-0.0004316
1652	-0.0000818
1653	-0.0000016
1654	-0.0000010
1655	-0.0000002
1656	0.0000000
1657	0.0000000
1658	0.0000000
1659	0.0000000
1660	0.0000000
1661	0.0000000
1662	0.0000000
1663	-0.0000001
1664	-0.0000363
1665	-0.0005323
1666	-0.0011937
1667	-0.0014132
1668	-0.0017762
1669	-0.0018153
1670	-0.0018147
1671	-0.0012470
1672	-0.0010096
1673	-0.0008133
1674	-0.0006388
1675	-0.0003337
1676	-0.0000405
1677	-0.0000053
1678	-0.0000004
1679	0.0000000
1680	0.0000000
1681	0.0000000
1682	0.0000000
1683	0.0000000
1684	0.0000000
1685	0.0000000
1686	-0.0000000
1687	-0.0000155
1688	-0.0003615
1689	-0.0007302
1690	-0.0009520
1691	-0.0009668
1692	-0.0011725
1693	-0.0010757
1694	-0.0012361
1695	-0.0013952
1696	-0.0011680
1697	-0.0012770
1698	-0.0009937
1699	-0.0000083
1700	0.0000000
1701	0.0000000
1702	0.0000000
1703	0.0000000
1704	0.0000000
1705	0.0000000
1706	0.0000000
1707	0.0000000
1708	0.0000000
1709	-0.0000000
1710	-0.0000000
1711	-0.0000071
1712	-0.0001648
1713	-0.0007903
1714	-0.0011040
1715	-0.0012290
1716	-0.0012639
1717	-0.0011716
1718	-0.0012642
1719	-0.0011786
1720	-0.0009954
1721	-0.0009773
1722	-0.0007743
1723	-0.0002461
1724	-0.0000467
1725	-0.0000027
1726	-0.0000025
1727	-0.0000027
1728	-0.0000000
1729	0.0000000
1730	0.0000000
1731	0.0000000
1732	0.0000000
1733	0.0000000
1734	-0.0000000
1735	-0.0000018
1736	-0.0000490
1737	-0.0005028
1738	-0.0009968
1739	-0.0012830
1740	-0.0015267
1741	-0.0016531
1742	-0.0017514
1743	-0.0015689
1744	-0.0012568
1745	-0.0010636
1746	-0.0007362
1747	-0.0001728
1748	-0.0000121
1749	-0.0000009
1750	-0.0000009
1751	-0.0000008
1752	0.0000000
1753	0.0000000
1754	0.0000000
1755	0.0000000
1756	0.0000000
1757	0.0000000
1758	0.0000000
1759	0.0000000
1760	-0.0000005
1761	-0.0000105
1762	-0.0000871
1763	-0.0006422
1764	-0.0012152
1765	-0.0014475
1766	-0.0015473
1767	-0.0015188
1768	-0.0013636
1769	-0.0011286
1770	-0.0006007
1771	-0.0001401
1772	-0.0000348
1773	-0.0000010
1774	-0.0000000
1775	-0.0000006
1776	0.0000000
1777	0.0000000
1778	0.0000000
1779	0.0000000
1780	0.0000000
1781	0.0000000
1782	0.0000000
1783	-0.0000007
1784	-0.0000126
1785	-0.0000494
1786	-0.0000005
1787	-0.0000009
1788	-0.0001793
1789	-0.0008169
1790	-0.0010486
1791	-0.0010092
1792	-0.0006175
1793	-0.0007813
1794	-0.0004871
1795	-0.0000849
1796	-0.0000025
1797	-0.0000000
1798	0.0000000
1799	0.0000000
1800	0.0000000
1801	0.0000000
1802	0.0000000
1803	0.0000000
1804	0.0000000
1805	0.0000000
1806	0.0000000
1807	-0.0000001
1808	-0.0000046
1809	-0.0000621
1810	-0.0001685
1811	-0.0003183
1812	-0.0003925
1813	-0.0001286
1814	-0.0001301
1815	-0.0003499
1816	-0.0005986
1817	-0.0007380
1818	-0.0004601
1819	-0.0001078
1820	-0.0000094
1821	-0.0000022
1822	-0.0000016
1823	0.0000000
1824	0.0000000
1825	0.0000000
1826	0.0000000
1827	0.0000000
1828	0.0000000
1829	-0.0000000
1830	-0.0000000
1831	-0.0000017
1832	-0.0000241
1833	-0.0001457
1834	-0.0003717
1835	-0.0008208
1836	-0.0011591
1837	-0.0013763
1838	-0.0014828
1839	-0.0015162
1840	-0.0013378
1841	-0.0009566
1842	-0.0003825
1843	-0.0000982
1844	-0.0000127
1845	-0.0000023
1846	-0.0000025
1847	-0.0000017
1848	0.0000000
1849	0.0000000
1850	0.0000000
1851	0.0000000
1852	0.0000000
1853	0.0000000
1854	0.0000000
1855	-0.0000003
1856	-0.0000220
1857	-0.0000835
1858	-0.0002266
1859	-0.0004770
1860	-0.0004756
1861	-0.0004798
1862	-0.0005211
1863	-0.0004945
1864	-0.0004922
1865	-0.0004203
1866	-0.0002294
1867	-0.0000782
1868	-0.0000078
1869	-0.0000021
1870	-0.0000026
1871	-0.0000028
1872	0.0000000
1873	0.0000000
1874	0.0000000
1875	0.0000000
1876	0.0000000
1877	0.0000000
1878	0.0000000
1879	-0.0000003
1880	-0.0000061
1881	-0.0000851
1882	-0.0003959
1883	-0.0008898
1884	-0.0009170
1885	-0.0011269
1886	-0.0014141
1887	-0.0015119
1888	-0.0011520
1889	-0.0011221
1890	-0.0006476
1891	-0.0001300
1892	-0.0000061
1893	-0.0000005
1894	-0.0000037
1895	-0.0000000
1896	0.0000000
1897	0.0000000
1898	0.0000000
1899	0.0000000
1900	0.0000000
1901	-0.0000000
1902	-0.0000000
1903	-0.0000079
1904	-0.0001321
1905	-0.0004908
1906	-0.0007797
1907	-0.0009094
1908	-0.0009540
1909	-0.0009849
1910	-0.0011091
1911	-0.0007766
1912	-0.0007025
1913	-0.0006119
1914	-0.0005080
1915	-0.0001630
1916	-0.0000174
1917	-0.0000041
1918	-0.0000029
1919	-0.0000020
1920	0.0000000
1921	0.0000000
1922	0.0000000
1923	0.0000000
1924	0.0000000
1925	0.0000000
1926	0.0000000
1927	-0.0000000
1928	-0.0000063
1929	-0.0002243
1930	-0.0007760
1931	-0.0009889
1932	-0.0009910
1933	-0.0013424
1934	-0.0014880
1935	-0.0014635
1936	-0.0013006
1937	-0.0010995
1938	-0.0006569
1939	-0.0002174
1940	-0.0000401
1941	-0.0000032
1942	-0.0000027
1943	-0.0000011
1944	0.0000000
1945	0.0000000
1946	0.0000000
1947	0.0000000
1948	0.0000000
1949	0.0000000
1950	-0.0000000
1951	-0.0000013
1952	-0.0000317
1953	-0.0004571
1954	-0.0009514
1955	-0.0012542
1956	-0.0014293
1957	-0.0016665
1958	-0.0017795
1959	-0.0017462
1960	-0.0015974
1961	-0.0013009
1962	-0.0008094
1963	-0.0002376
1964	-0.0000236
1965	-0.0000026
1966	-0.0000037
1967	-0.0000000
1968	0.0000000
1969	0.0000000
1970	0.0000000
1971	0.0000000
1972	0.0000000
1973	-0.0000000
1974	-0.0000001
1975	-0.0000047
1976	-0.0001152
1977	-0.0007266
1978	-0.0012125
1979	-0.0016294
1980	-0.0019668
1981	-0.0020574
1982	-0.0020843
1983	-0.0020132
1984	-0.0018577
1985	-0.0014416
1986	-0.0008837
1987	-0.0003239
1988	-0.0000199
1989	-0.0000025
1990	-0.0000000
