TIME_UNITS h
DATA_UNITS kg/s
0	-0.0000017
1	-0.0000043
2	-0.0000051
3	-0.0000025
4	-0.0000016
5	-0.0000006
6	-0.0000077
7	-0.0001033
8	-0.0006317
9	-0.0013086
10	-0.0020863
11	-0.0028871
12	-0.0031880
13	-0.0034207
14	-0.0036489
15	-0.0037304
16	-0.0036467
17	-0.0032978
18	-0.0026934
19	-0.0017029
20	-0.0005889
21	-0.0000663
22	-0.0000064
23	-0.0000030
24	-0.0000033
25	-0.0000024
26	-0.0000010
27	-0.0000010
28	0.0000000
29	0.0000000
30	0.0000000
31	0.0000000
32	-0.0004711
33	-0.0015248
34	-0.0026781
35	-0.0035338
36	-0.0038983
37	-0.0040847
38	-0.0037022
39	-0.0029420
40	-0.0025207
41	-0.0010606
42	-0.0005089
43	-0.0003725
44	-0.0000966
45	-0.0000004
46	0.0000000
47	0.0000000
48	0.0000000
49	0.0000000
50	0.0000000
51	0.0000000
52	0.0000000
53	0.0000000
54	0.0000000
55	0.0000000
56	0.0000000
57	-0.0000001
58	-0.0000254
59	-0.0003506
60	-0.0023310
61	-0.0025026
62	-0.0036239
63	-0.0036057
64	-0.0000031
65	0.0000000
66	-0.0000632
67	-0.0002850
68	-0.0000924
69	-0.0000033
70	-0.0000000
71	-0.0000025
72	-0.0000015
73	-0.0000019
74	-0.0000005
75	-0.0000001
76	-0.0000016
77	-0.0000015
78	-0.0000447
79	-0.0003523
80	-0.0003755
81	-0.0007087
82	-0.0012114
83	-0.0015416
84	-0.0016475
85	-0.0023242
86	-0.0028869
87	-0.0030363
88	-0.0024412
89	-0.0023512
90	-0.0017037
91	-0.0007570
92	-0.0002503
93	-0.0000213
94	-0.0000040
95	0.0000000
96	0.0000000
97	0.0000000
98	0.0000000
99	0.0000000
100	0.0000000
101	0.0000000
102	0.0000000
103	-0.0000665
104	-0.0006162
105	-0.0019325
106	-0.0028244
107	-0.0037407
108	-0.0035639
109	-0.0031664
110	-0.0022598
111	-0.0000092
112	0.0000000
113	-0.0000189
114	-0.0001269
115	-0.0000003
116	-0.0000000
117	0.0000000
118	0.0000000
119	0.0000000
120	0.0000000
121	-0.0000000
122	0.0000000
123	-0.0000001
124	-0.0000004
125	-0.0000003
126	-0.0000021
127	0.0000000
128	-0.0000258
129	-0.0001840
130	-0.0003853
131	-0.0005433
132	-0.0007557
133	-0.0007508
134	-0.0006675
135	-0.0006230
136	-0.0010474
137	-0.0013036
138	-0.0011740
139	-0.0008640
140	-0.0001555
141	-0.0000044
142	0.0000000
143	0.0000000
144	0.0000000
145	0.0000000
146	-0.0000000
147	-0.0000001
148	-0.0000002
149	0.0000000
150	-0.0000006
151	-0.0000891
152	-0.0003874
153	-0.0018131
154	-0.0031732
155	-0.0035101
156	-0.0046489
157	-0.0030782
158	-0.0032968
159	-0.0027463
160	-0.0017638
161	-0.0015864
162	-0.0014513
163	-0.0006719
164	-0.0002610
165	-0.0000454
166	-0.0000098
167	-0.0000075
168	0.0000000
169	0.0000000
170	0.0000000
171	0.0000000
172	-0.0000000
173	-0.0000000
174	-0.0000113
175	-0.0000818
176	-0.0003009
177	-0.0005770
178	-0.0006271
179	-0.0012260
180	-0.0022917
181	-0.0025401
182	-0.0024737
183	-0.0021006
184	-0.0008252
185	-0.0009885
186	-0.0012513
187	-0.0008998
188	-0.0001807
189	-0.0000006
190	0.0000000
191	0.0000000
192	0.0000000
193	0.0000000
194	0.0000000
195	0.0000000
196	0.0000000
197	-0.0000000
198	-0.0000002
199	-0.0000417
200	-0.0002326
201	-0.0006486
202	-0.0010281
203	-0.0017427
204	-0.0021200
205	-0.0018318
206	-0.0017393
207	-0.0018099
208	-0.0006689
209	-0.0011077
210	-0.0009240
211	-0.0000134
212	-0.0000009
213	-0.0000000
214	-0.0000000
215	0.0000000
216	0.0000000
217	0.0000000
218	0.0000000
219	0.0000000
220	0.0000000
221	0.0000000
222	0.0000000
223	-0.0000002
224	-0.0000010
225	-0.0000056
226	-0.0000006
227	-0.0000018
228	-0.0000077
229	-0.0000997
230	-0.0003145
231	-0.0005097
232	-0.0008835
233	-0.0010659
234	-0.0007769
235	-0.0004276
236	-0.0000885
237	0.0000000
238	0.0000000
239	0.0000000
240	0.0000000
241	0.0000000
242	0.0000000
243	0.0000000
244	0.0000000
245	0.0000000
246	0.0000000
247	-0.0000013
248	-0.0003709
249	-0.0015135
250	-0.0029132
251	-0.0036626
252	-0.0043237
253	-0.0048210
254	-0.0049560
255	-0.0048295
256	-0.0042041
257	-0.0037940
258	-0.0029943
259	-0.0018748
260	-0.0004673
261	-0.0000224
262	-0.0000026
263	0.0000000
264	0.0000000
265	0.0000000
266	0.0000000
267	0.0000000
268	0.0000000
269	-0.0000000
270	-0.0000003
271	-0.0000502
272	-0.0006501
273	-0.0011892
274	-0.0018062
275	-0.0031849
276	-0.0048937
277	-0.0051013
278	-0.0051393
279	-0.0053010
280	-0.0046332
281	-0.0042777
282	-0.0031734
283	-0.0015050
284	-0.0004276
285	-0.0000890
286	-0.0000278
287	-0.0000000
288	0.0000000
289	0.0000000
290	0.0000000
291	0.0000000
292	0.0000000
293	-0.0000000
294	-0.0000031
295	-0.0001635
296	-0.0014936
297	-0.0024756
298	-0.0037107
299	-0.0044108
300	-0.0047894
301	-0.0047853
302	-0.0040901
303	-0.0038430
304	-0.0040974
305	-0.0020117
306	-0.0023443
307	-0.0012143
308	-0.0003526
309	-0.0000095
310	0.0000000
311	0.0000000
312	0.0000000
313	0.0000000
314	0.0000000
315	0.0000000
316	0.0000000
317	0.0000000
318	0.0000000
319	-0.0000366
320	-0.0003641
321	-0.0013333
322	-0.0028164
323	-0.0037854
324	-0.0043461
325	-0.0047262
326	-0.0047264
327	-0.0046921
328	-0.0044423
329	-0.0036875
330	-0.0027564
331	-0.0014767
332	-0.0004548
333	-0.0000390
334	0.0000000
335	0.0000000
336	0.0000000
337	0.0000000
338	0.0000000
339	0.0000000
340	0.0000000
341	0.0000000
342	0.0000000
343	-0.0000644
344	-0.0005251
345	-0.0013706
346	-0.0025277
347	-0.0037466
348	-0.0045619
349	-0.0049960
350	-0.0051571
351	-0.0051084
352	-0.0047470
353	-0.0037526
354	-0.0020858
355	-0.0014185
356	-0.0004071
357	-0.0000442
358	-0.0000109
359	-0.0000001
360	0.0000000
361	0.0000000
362	0.0000000
363	0.0000000
364	0.0000000
365	0.0000000
366	0.0000000
367	0.0000000
368	0.0000000
369	-0.0000139
370	-0.0002236
371	-0.0014101
372	-0.0016214
373	-0.0015971
374	-0.0011527
375	-0.0020330
376	-0.0024182
377	-0.0026423
378	-0.0022583
379	-0.0012856
380	-0.0002938
381	-0.0000167
382	-0.0000027
383	-0.0000000
384	0.0000000
385	0.0000000
386	0.0000000
387	0.0000000
388	0.0000000
389	0.0000000
390	0.0000000
391	-0.0000255
392	-0.0001829
393	-0.0000874
394	-0.0001143
395	-0.0002502
396	-0.0005894
397	-0.0005845
398	-0.0001912
399	-0.0002365
400	-0.0009881
401	-0.0028063
402	-0.0024515
403	-0.0016117
404	-0.0003782
405	-0.0000146
406	-0.0000078
407	-0.0000006
408	0.0000000
409	0.0000000
410	0.0000000
411	0.0000000
412	0.0000000
413	0.0000000
414	0.0000000
415	-0.0000127
416	-0.0002223
417	-0.0007145
418	-0.0010850
419	-0.0014102
420	-0.0015931
421	-0.0018852
422	-0.0020898
423	-0.0026497
424	-0.0030631
425	-0.0027435
426	-0.0021147
427	-0.0015533
428	-0.0005928
429	-0.0000176
430	-0.0000021
431	-0.0000008
432	0.0000000
433	0.0000000
434	0.0000000
435	0.0000000
436	0.0000000
437	0.0000000
438	0.0000000
439	-0.0000007
440	-0.0000026
441	-0.0000212
442	-0.0000168
443	-0.0000000
444	0.0000000
445	0.0000000
446	-0.0004637
447	-0.0027738
448	-0.0011846
449	-0.0000025
450	0.0000000
451	0.0000000
452	0.0000000
453	-0.0000000
454	-0.0000000
455	-0.0000005
456	-0.0000012
457	0.0000000
458	0.0000000
459	0.0000000
460	0.0000000
461	0.0000000
462	-0.0000007
463	-0.0000268
464	-0.0001264
465	-0.0003227
466	-0.0007309
467	-0.0011538
468	-0.0010372
469	-0.0009927
470	-0.0014529
471	-0.0007545
472	-0.0018623
473	-0.0019483
474	-0.0017010
475	-0.0010728
476	-0.0001552
477	-0.0000001
478	0.0000000
479	-0.0000027
480	0.0000000
481	0.0000000
482	0.0000000
483	0.0000000
484	0.0000000
485	0.0000000
486	-0.0000008
487	-0.0000095
488	-0.0000151
489	-0.0000017
490	-0.0000140
491	-0.0002528
492	-0.0004505
493	-0.0011422
494	-0.0015534
495	-0.0015763
496	-0.0019843
497	-0.0020369
498	-0.0018965
499	-0.0013346
500	-0.0006697
501	-0.0000591
502	-0.0000010
503	-0.0000022
504	-0.0000063
505	-0.0000025
506	-0.0000063
507	-0.0000116
508	-0.0000146
509	-0.0000126
510	-0.0002179
511	-0.0004072
512	-0.0007604
513	-0.0000080
514	0.0000000
515	-0.0001527
516	-0.0008708
517	-0.0019330
518	-0.0024886
519	-0.0024733
520	-0.0022601
521	-0.0022044
522	-0.0022489
523	-0.0017632
524	-0.0009077
525	-0.0000919
526	-0.0000067
527	-0.0000000
528	0.0000000
529	0.0000000
530	0.0000000
531	0.0000000
532	0.0000000
533	0.0000000
534	-0.0000003
535	-0.0000064
536	-0.0002899
537	-0.0014195
538	-0.0018254
539	-0.0020358
540	-0.0017532
541	-0.0024740
542	-0.0029183
543	-0.0028736
544	-0.0025196
545	-0.0022131
546	-0.0019822
547	-0.0015164
548	-0.0007462
549	-0.0000983
550	-0.0000089
551	-0.0000000
552	0.0000000
553	0.0000000
554	0.0000000
555	0.0000000
556	0.0000000
557	0.0000000
558	-0.0000000
559	-0.0000083
560	-0.0003783
561	-0.0016192
562	-0.0022837
563	-0.0022484
564	-0.0025782
565	-0.0032400
566	-0.0034939
567	-0.0036655
568	-0.0035965
569	-0.0032464
570	-0.0027100
571	-0.0019525
572	-0.0007113
573	-0.0001443
574	-0.0000000
575	0.0000000
576	0.0000000
577	0.0000000
578	0.0000000
579	0.0000000
580	-0.0000000
581	-0.0000000
582	-0.0000005
583	-0.0000228
584	-0.0004184
585	-0.0018869
586	-0.0028910
587	-0.0036901
588	-0.0043785
589	-0.0046424
590	-0.0046472
591	-0.0045805
592	-0.0039371
593	-0.0035604
594	-0.0028003
595	-0.0020482
596	-0.0005038
597	-0.0000488
598	-0.0000095
599	0.0000000
600	0.0000000
601	0.0000000
602	0.0000000
603	0.0000000
604	0.0000000
605	-0.0000000
606	-0.0000036
607	-0.0000990
608	-0.0010442
609	-0.0028256
610	-0.0037721
611	-0.0044975
612	-0.0050467
613	-0.0054287
614	-0.0056718
615	-0.0056453
616	-0.0053995
617	-0.0045596
618	-0.0031436
619	-0.0016969
620	-0.0005262
621	-0.0001091
622	-0.0000175
623	-0.0000242
624	-0.0000000
625	0.0000000
626	0.0000000
627	0.0000000
628	0.0000000
629	0.0000000
630	-0.0000010
631	-0.0000527
632	-0.0014136
633	-0.0032758
634	-0.0041861
635	-0.0050487
636	-0.0055152
637	-0.0057760
638	-0.0058185
639	-0.0059424
640	-0.0058431
641	-0.0050161
642	-0.0031936
643	-0.0018972
644	-0.0006809
645	-0.0001447
646	-0.0000312
647	-0.0000354
648	-0.0000000
649	0.0000000
650	0.0000000
651	0.0000000
652	0.0000000
653	-0.0000000
654	-0.0000029
655	-0.0001447
656	-0.0015305
657	-0.0034430
658	-0.0045447
659	-0.0049633
660	-0.0056655
661	-0.0063611
662	-0.0064054
663	-0.0061870
664	-0.0063776
665	-0.0054791
666	-0.0039222
667	-0.0026689
668	-0.0008067
669	-0.0000981
670	-0.0000320
671	-0.0000228
672	-0.0000000
673	0.0000000
674	0.0000000
675	0.0000000
676	0.0000000
677	0.0000000
678	0.0000000
679	-0.0000014
680	-0.0000011
681	-0.0000021
682	-0.0000966
683	-0.0008021
684	-0.0000904
685	-0.0002472
686	-0.0008921
687	-0.0015644
688	-0.0022755
689	-0.0016943
690	-0.0010344
691	-0.0004252
692	-0.0000447
693	-0.0000261
694	-0.0000000
695	0.0000000
696	0.0000000
697	0.0000000
698	0.0000000
699	0.0000000
700	-0.0000001
701	-0.0000001
702	-0.0000003
703	-0.0000014
704	-0.0003261
705	-0.0010320
706	-0.0010883
707	-0.0024425
708	-0.0027984
709	-0.0031923
710	-0.0024233
711	-0.0027649
712	-0.0035904
713	-0.0031272
714	-0.0023722
715	-0.0008127
716	-0.0001061
717	-0.0000129
718	-0.0000055
719	0.0000000
720	0.0000000
721	0.0000000
722	0.0000000
723	0.0000000
724	0.0000000
725	0.0000000
726	-0.0000008
727	-0.0000328
728	-0.0004442
729	-0.0009508
730	-0.0017113
731	-0.0036846
732	-0.0046045
733	-0.0047217
734	-0.0034464
735	-0.0035359
736	-0.0047976
737	-0.0038029
738	-0.0028001
739	-0.0013886
740	-0.0001806
741	-0.0000295
742	-0.0000074
743	0.0000000
744	0.0000000
745	0.0000000
746	0.0000000
747	0.0000000
748	0.0000000
749	-0.0000001
750	-0.0000005
751	-0.0000084
752	-0.0000340
753	-0.0000030
754	-0.0000034
755	-0.0005528
756	-0.0015529
757	-0.0024808
758	-0.0028458
759	-0.0034514
760	-0.0035411
761	-0.0038444
762	-0.0029031
763	-0.0018077
764	-0.0006174
765	-0.0000190
766	-0.0000089
767	0.0000000
768	0.0000000
769	0.0000000
770	0.0000000
771	0.0000000
772	0.0000000
773	0.0000000
774	0.0000000
775	-0.0000060
776	-0.0002766
777	-0.0009545
778	-0.0023732
779	-0.0035984
780	-0.0045965
781	-0.0045297
782	-0.0046169
783	-0.0047638
784	-0.0045468
785	-0.0044200
786	-0.0033534
787	-0.0020048
788	-0.0004653
789	-0.0000992
790	-0.0000126
791	0.0000000
792	0.0000000
793	0.0000000
794	0.0000000
795	0.0000000
796	0.0000000
797	0.0000000
798	0.0000000
799	-0.0000001
800	-0.0003957
801	-0.0018415
802	-0.0034861
803	-0.0045473
804	-0.0053559
805	-0.0056175
806	-0.0057949
807	-0.0056752
808	-0.0052887
809	-0.0044630
810	-0.0031432
811	-0.0011865
812	-0.0000284
813	-0.0000123
814	-0.0000121
815	-0.0000115
816	0.0000000
817	0.0000000
818	0.0000000
819	0.0000000
820	0.0000000
821	0.0000000
822	-0.0000003
823	-0.0000363
824	-0.0006219
825	-0.0028609
826	-0.0038896
827	-0.0046971
828	-0.0054554
829	-0.0060009
830	-0.0061577
831	-0.0059637
832	-0.0050693
833	-0.0036256
834	-0.0020224
835	-0.0008108
836	-0.0004065
837	-0.0000215
838	-0.0000052
839	-0.0000001
840	0.0000000
841	0.0000000
842	0.0000000
843	0.0000000
844	0.0000000
845	0.0000000
846	0.0000000
847	-0.0000505
848	-0.0002602
849	-0.0008455
850	-0.0024195
851	-0.0036201
852	-0.0042928
853	-0.0039911
854	-0.0036857
855	-0.0032070
856	-0.0036450
857	-0.0038963
858	-0.0032719
859	-0.0024637
860	-0.0010507
861	-0.0000894
862	-0.0000000
863	0.0000000
864	0.0000000
865	0.0000000
866	0.0000000
867	0.0000000
868	0.0000000
869	-0.0000000
870	-0.0000019
871	-0.0000182
872	-0.0001071
873	-0.0012068
874	-0.0028741
875	-0.0040793
876	-0.0051410
877	-0.0054140
878	-0.0055478
879	-0.0054562
880	-0.0051492
881	-0.0040574
882	-0.0023016
883	-0.0018593
884	-0.0002699
885	-0.0000261
886	-0.0000042
887	-0.0000032
888	0.0000000
889	0.0000000
890	0.0000000
891	0.0000000
892	0.0000000
893	0.0000000
894	0.0000000
895	0.0000000
896	-0.0002097
897	-0.0016107
898	-0.0035722
899	-0.0044386
900	-0.0053111
901	-0.0057092
902	-0.0060251
903	-0.0058438
904	-0.0039145
905	-0.0023376
906	-0.0020122
907	-0.0012774
908	-0.0001341
909	-0.0000828
910	-0.0000249
911	-0.0000224
912	-0.0000000
913	0.0000000
914	0.0000000
915	0.0000000
916	0.0000000
917	0.0000000
918	0.0000000
919	-0.0000024
920	-0.0000869
921	-0.0000356
922	-0.0002224
923	-0.0009596
924	-0.0000544
925	-0.0000445
926	-0.0005550
927	-0.0018990
928	-0.0028010
929	-0.0036028
930	-0.0030674
931	-0.0019419
932	-0.0005562
933	-0.0000478
934	-0.0000093
935	-0.0000060
936	0.0000000
937	0.0000000
938	0.0000000
939	0.0000000
940	0.0000000
941	0.0000000
942	-0.0000001
943	-0.0000150
944	-0.0004028
945	-0.0023853
946	-0.0033524
947	-0.0042701
948	-0.0049691
949	-0.0050595
950	-0.0052193
951	-0.0052657
952	-0.0049591
953	-0.0043155
954	-0.0034506
955	-0.0018370
956	-0.0006916
957	-0.0000549
958	-0.0000135
959	-0.0000081
960	-0.0000000
961	0.0000000
962	0.0000000
963	0.0000000
964	0.0000000
965	0.0000000
966	-0.0000000
967	-0.0000148
968	-0.0005199
969	-0.0025350
970	-0.0035356
971	-0.0042178
972	-0.0042728
973	-0.0036191
974	-0.0040409
975	-0.0043751
976	-0.0039690
977	-0.0036395
978	-0.0027301
979	-0.0017238
980	-0.0002887
981	-0.0000262
982	-0.0000034
983	-0.0000010
984	0.0000000
985	0.0000000
986	0.0000000
987	0.0000000
988	0.0000000
989	0.0000000
990	0.0000000
991	0.0000000
992	-0.0000001
993	-0.0001419
994	-0.0003832
995	-0.0002400
996	-0.0001452
997	-0.0002171
998	-0.0011287
999	-0.0011992
1000	-0.0005009
1001	-0.0001112
1002	-0.0000199
1003	-0.0000096
1004	-0.0000008
1005	0.0000000
1006	0.0000000
1007	0.0000000
1008	0.0000000
1009	0.0000000
1010	0.0000000
1011	0.0000000
1012	0.0000000
1013	0.0000000
1014	0.0000000
1015	-0.0000062
1016	-0.0000773
1017	-0.0005430
1018	-0.0024423
1019	-0.0031762
1020	-0.0041020
1021	-0.0041357
1022	-0.0040730
1023	-0.0042593
1024	-0.0036756
1025	-0.0022980
1026	-0.0011513
1027	-0.0003808
1028	-0.0001489
1029	-0.0000065
1030	0.0000000
1031	0.0000000
1032	0.0000000
1033	0.0000000
1034	0.0000000
1035	0.0000000
1036	0.0000000
1037	0.0000000
1038	0.0000000
1039	-0.0000014
1040	-0.0001400
1041	-0.0009223
1042	-0.0026522
1043	-0.0038375
1044	-0.0012865
1045	-0.0037767
1046	-0.0035594
1047	-0.0032745
1048	-0.0022189
1049	-0.0022890
1050	-0.0017678
1051	-0.0006636
1052	-0.0001439
1053	-0.0000008
1054	-0.0000000
1055	-0.0000001
1056	0.0000000
1057	0.0000000
1058	0.0000000
1059	0.0000000
1060	0.0000000
1061	0.0000000
1062	-0.0000002
1063	-0.0000301
1064	-0.0002635
1065	-0.0010420
1066	-0.0030651
1067	-0.0040099
1068	-0.0042714
1069	-0.0048883
1070	-0.0050580
1071	-0.0049988
1072	-0.0047727
1073	-0.0040710
1074	-0.0031711
1075	-0.0017446
1076	-0.0005440
1077	-0.0000366
1078	-0.0000016
1079	0.0000000
1080	0.0000000
1081	0.0000000
1082	0.0000000
1083	0.0000000
1084	0.0000000
1085	0.0000000
1086	0.0000000
1087	-0.0000048
1088	-0.0001950
1089	-0.0004795
1090	-0.0007772
1091	-0.0012330
1092	-0.0009706
1093	-0.0018503
1094	-0.0021670
1095	-0.0016485
1096	-0.0015136
1097	-0.0006823
1098	-0.0000378
1099	-0.0000038
1100	0.0000000
1101	0.0000000
1102	0.0000000
1103	0.0000000
1104	0.0000000
1105	0.0000000
1106	0.0000000
1107	0.0000000
1108	0.0000000
1109	0.0000000
1110	-0.0000000
1111	-0.0000106
1112	-0.0001074
1113	-0.0003336
1114	-0.0005243
1115	-0.0011632
1116	-0.0015321
1117	-0.0010955
1118	-0.0017921
1119	-0.0034940
1120	-0.0036515
1121	-0.0027882
1122	-0.0014742
1123	-0.0009613
1124	-0.0000447
1125	-0.0000235
1126	-0.0000000
1127	0.0000000
1128	0.0000000
1129	0.0000000
1130	0.0000000
1131	0.0000000
1132	0.0000000
1133	0.0000000
1134	0.0000000
1135	-0.0000024
1136	-0.0000294
1137	-0.0006925
1138	-0.0017005
1139	-0.0016634
1140	-0.0008233
1141	-0.0016609
1142	-0.0018646
1143	-0.0014903
1144	-0.0017099
1145	-0.0000333
1146	-0.0000500
1147	-0.0000470
1148	-0.0000029
1149	0.0000000
1150	0.0000000
1151	-0.0000006
1152	0.0000000
1153	0.0000000
1154	0.0000000
1155	0.0000000
1156	0.0000000
1157	0.0000000
1158	0.0000000
1159	-0.0000139
1160	-0.0001652
1161	-0.0008288
1162	-0.0023126
1163	-0.0037730
1164	-0.0044929
1165	-0.0050088
1166	-0.0051230
1167	-0.0048794
1168	-0.0046571
1169	-0.0040019
1170	-0.0030045
1171	-0.0017988
1172	-0.0005058
1173	-0.0000042
1174	0.0000000
1175	0.0000000
1176	0.0000000
1177	0.0000000
1178	0.0000000
1179	0.0000000
1180	0.0000000
1181	0.0000000
1182	0.0000000
1183	-0.0000008
1184	-0.0001628
1185	-0.0013066
1186	-0.0032771
1187	-0.0042964
1188	-0.0051591
1189	-0.0055049
1190	-0.0059355
1191	-0.0058139
1192	-0.0052442
1193	-0.0043360
1194	-0.0027995
1195	-0.0014411
1196	-0.0004440
1197	-0.0000324
1198	-0.0000055
1199	-0.0000000
1200	0.0000000
1201	0.0000000
1202	0.0000000
1203	0.0000000
1204	0.0000000
1205	-0.0000000
1206	-0.0000007
1207	-0.0000382
1208	-0.0006256
1209	-0.0023075
1210	-0.0034082
1211	-0.0044192
1212	-0.0051444
1213	-0.0057357
1214	-0.0060048
1215	-0.0054589
1216	-0.0051213
1217	-0.0031917
1218	-0.0020211
1219	-0.0015406
1220	-0.0005676
1221	-0.0000261
1222	-0.0000245
1223	-0.0000230
1224	-0.0000000
1225	0.0000000
1226	0.0000000
1227	0.0000000
1228	0.0000000
1229	0.0000000
1230	-0.0000002
1231	-0.0000269
1232	-0.0000980
1233	-0.0004511
1234	-0.0006053
1235	-0.0027293
1236	-0.0039440
1237	-0.0036110
1238	-0.0050348
1239	-0.0048621
1240	-0.0046086
1241	-0.0037693
1242	-0.0030612
1243	-0.0020133
1244	-0.0006233
1245	-0.0000413
1246	-0.0000104
1247	0.0000000
1248	0.0000000
1249	0.0000000
1250	0.0000000
1251	0.0000000
1252	0.0000000
1253	0.0000000
1254	0.0000000
1255	-0.0000013
1256	-0.0002195
1257	-0.0014922
1258	-0.0030524
1259	-0.0038815
1260	-0.0045267
1261	-0.0047790
1262	-0.0044842
1263	-0.0045968
1264	-0.0044578
1265	-0.0039204
1266	-0.0030007
1267	-0.0015780
1268	-0.0002922
1269	-0.0000119
1270	-0.0000118
1271	-0.0000115
1272	0.0000000
1273	0.0000000
1274	0.0000000
1275	0.0000000
1276	0.0000000
1277	0.0000000
1278	0.0000000
1279	-0.0000003
1280	-0.0002622
1281	-0.0012110
1282	-0.0026540
1283	-0.0034841
1284	-0.0039134
1285	-0.0037549
1286	-0.0037854
1287	-0.0032413
1288	-0.0037354
1289	-0.0030648
1290	-0.0026262
1291	-0.0013149
1292	-0.0003044
1293	-0.0000103
1294	-0.0000062
1295	-0.0000053
1296	0.0000000
1297	0.0000000
1298	0.0000000
1299	0.0000000
1300	0.0000000
1301	0.0000000
1302	-0.0000000
1303	-0.0000000
1304	-0.0000003
1305	-0.0001849
1306	-0.0005531
1307	-0.0009386
1308	-0.0017705
1309	-0.0009799
1310	-0.0004775
1311	-0.0007156
1312	-0.0006844
1313	-0.0006913
1314	-0.0006912
1315	-0.0002066
1316	-0.0000826
1317	-0.0000000
1318	0.0000000
1319	0.0000000
1320	0.0000000
1321	0.0000000
1322	0.0000000
1323	0.0000000
1324	0.0000000
1325	0.0000000
1326	-0.0000000
1327	-0.0000041
1328	-0.0000705
1329	-0.0007473
1330	-0.0014474
1331	-0.0028007
1332	-0.0027048
1333	-0.0033590
1334	-0.0025588
1335	-0.0004784
1336	-0.0011586
1337	-0.0027981
1338	-0.0017790
1339	-0.0008739
1340	-0.0001328
1341	-0.0000017
1342	0.0000000
1343	0.0000000
1344	0.0000000
1345	0.0000000
1346	0.0000000
1347	0.0000000
1348	0.0000000
1349	0.0000000
1350	-0.0000013
1351	-0.0000261
1352	-0.0000049
1353	-0.0000178
1354	-0.0001216
1355	-0.0004270
1356	-0.0002622
1357	-0.0000120
1358	0.0000000
1359	0.0000000
1360	-0.0000603
1361	-0.0004106
1362	-0.0010448
1363	-0.0005569
1364	-0.0000318
1365	-0.0000025
1366	-0.0000030
1367	0.0000000
1368	0.0000000
1369	0.0000000
1370	0.0000000
1371	0.0000000
1372	0.0000000
1373	-0.0000000
1374	-0.0000010
1375	-0.0000313
1376	-0.0000898
1377	-0.0004057
1378	-0.0016172
1379	-0.0028944
1380	-0.0021210
1381	-0.0031349
1382	-0.0013138
1383	-0.0032571
1384	-0.0038448
1385	-0.0036094
1386	-0.0025752
1387	-0.0012432
1388	-0.0000260
1389	0.0000000
1390	0.0000000
1391	0.0000000
1392	0.0000000
1393	0.0000000
1394	0.0000000
1395	0.0000000
1396	0.0000000
1397	-0.0000000
1398	-0.0000003
1399	-0.0000361
1400	-0.0002805
1401	-0.0018538
1402	-0.0033148
1403	-0.0045131
1404	-0.0047435
1405	-0.0047564
1406	-0.0036079
1407	-0.0041199
1408	-0.0041814
1409	-0.0038389
1410	-0.0027929
1411	-0.0015085
1412	-0.0003030
1413	-0.0000100
1414	-0.0000037
1415	0.0000000
1416	0.0000000
1417	0.0000000
1418	0.0000000
1419	0.0000000
1420	0.0000000
1421	0.0000000
1422	-0.0000000
1423	-0.0000117
1424	-0.0004342
1425	-0.0020842
1426	-0.0031029
1427	-0.0036858
1428	-0.0038589
1429	-0.0038122
1430	-0.0039318
1431	-0.0000029
1432	0.0000000
1433	-0.0004129
1434	-0.0025030
1435	-0.0017433
1436	-0.0004578
1437	-0.0000140
1438	-0.0000109
1439	-0.0000100
1440	0.0000000
1441	0.0000000
1442	0.0000000
1443	0.0000000
1444	0.0000000
1445	0.0000000
1446	-0.0000000
1447	-0.0000035
1448	-0.0001368
1449	-0.0010302
1450	-0.0029114
1451	-0.0034575
1452	-0.0038590
1453	-0.0037188
1454	-0.0041644
1455	-0.0040096
1456	-0.0036315
1457	-0.0032008
1458	-0.0025569
1459	-0.0015915
1460	-0.0003073
1461	-0.0000125
1462	-0.0000084
1463	-0.0000069
1464	0.0000000
1465	0.0000000
1466	0.0000000
1467	0.0000000
1468	0.0000000
1469	0.0000000
1470	-0.0000000
1471	-0.0000034
1472	-0.0001524
1473	-0.0009724
1474	-0.0025143
1475	-0.0032079
1476	-0.0039482
1477	-0.0044825
1478	-0.0046311
1479	-0.0047865
1480	-0.0039220
1481	-0.0026158
1482	-0.0022017
1483	-0.0007421
1484	-0.0001006
1485	-0.0000062
1486	-0.0000093
1487	-0.0000000
1488	0.0000000
1489	0.0000000
1490	0.0000000
1491	0.0000000
1492	0.0000000
1493	0.0000000
1494	0.0000000
1495	0.0000000
1496	0.0000000
1497	-0.0000289
1498	-0.0006588
1499	-0.0023502
1500	-0.0024642
1501	-0.0039191
1502	-0.0047534
1503	-0.0044629
1504	-0.0041019
1505	-0.0034365
1506	-0.0024213
1507	-0.0009833
1508	-0.0001077
1509	-0.0000008
1510	0.0000000
1511	0.0000000
1512	0.0000000
1513	0.0000000
1514	0.0000000
1515	0.0000000
1516	0.0000000
1517	0.0000000
1518	0.0000000
1519	-0.0000001
1520	-0.0000005
1521	0.0000000
1522	0.0000000
1523	0.0000000
1524	-0.0000313
1525	-0.0012714
1526	-0.0036762
1527	-0.0039559
1528	-0.0031053
1529	-0.0027955
1530	-0.0020038
1531	-0.0009198
1532	-0.0001027
1533	-0.0000014
1534	0.0000000
1535	0.0000000
1536	0.0000000
1537	0.0000000
1538	0.0000000
1539	0.0000000
1540	0.0000000
1541	0.0000000
1542	-0.0000000
1543	-0.0000125
1544	-0.0001681
1545	-0.0008538
1546	-0.0025608
1547	-0.0037524
1548	-0.0045700
1549	-0.0050487
1550	-0.0050288
1551	-0.0047989
1552	-0.0041429
1553	-0.0028123
1554	-0.0013677
1555	-0.0004757
1556	-0.0000139
1557	-0.0000032
1558	0.0000000
1559	0.0000000
1560	0.0000000
1561	0.0000000
1562	0.0000000
1563	0.0000000
1564	0.0000000
1565	0.0000000
1566	0.0000000
1567	-0.0000115
1568	-0.0002149
1569	-0.0009865
1570	-0.0024783
1571	-0.0037852
1572	-0.0027688
1573	-0.0015365
1574	-0.0015450
1575	-0.0013769
1576	-0.0010069
1577	-0.0005568
1578	-0.0002800
1579	-0.0001145
1580	-0.0000019
1581	-0.0000001
1582	-0.0000001
1583	0.0000000
1584	0.0000000
1585	0.0000000
1586	0.0000000
1587	0.0000000
1588	0.0000000
1589	0.0000000
1590	-0.0000000
1591	-0.0000143
1592	-0.0000950
1593	-0.0004448
1594	-0.0017954
1595	-0.0034935
1596	-0.0044110
1597	-0.0048758
1598	-0.0050202
1599	-0.0046733
1600	-0.0039499
1601	-0.0037734
1602	-0.0021771
1603	-0.0008437
1604	-0.0001440
1605	-0.0000028
1606	-0.0000000
1607	0.0000000
1608	0.0000000
1609	0.0000000
1610	0.0000000
1611	0.0000000
1612	0.0000000
1613	0.0000000
1614	-0.0000000
1615	-0.0000030
1616	-0.0003035
1617	-0.0014938
1618	-0.0028454
1619	-0.0038136
1620	-0.0045515
1621	-0.0049288
1622	-0.0032039
1623	-0.0027757
1624	-0.0037263
1625	-0.0031377
1626	-0.0020729
1627	-0.0010329
1628	-0.0000932
1629	-0.0000137
1630	-0.0000104
1631	-0.0000066
1632	-0.0000000
1633	0.0000000
1634	0.0000000
1635	0.0000000
1636	0.0000000
1637	0.0000000
1638	0.0000000
1639	0.0000000
1640	-0.0000063
1641	-0.0000004
1642	0.0000000
1643	-0.0002563
1644	-0.0025822
1645	-0.0042300
1646	-0.0044526
1647	-0.0040368
1648	-0.0042524
1649	-0.0037055
1650	-0.0026226
1651	-0.0010997
1652	-0.0002084
1653	-0.0000041
1654	-0.0000025
1655	-0.0000005
1656	0.0000000
1657	0.0000000
1658	0.0000000
1659	0.0000000
1660	0.0000000
1661	0.0000000
1662	0.0000000
1663	-0.0000003
1664	-0.0000925
1665	-0.0013563
1666	-0.0030414
1667	-0.0036009
1668	-0.0045258
1669	-0.0046253
1670	-0.0046239
1671	-0.0031772
1672	-0.0025724
1673	-0.0020722
1674	-0.0016277
1675	-0.0008502
1676	-0.0001032
1677	-0.0000136
1678	-0.0000009
1679	0.0000000
1680	0.0000000
1681	0.0000000
1682	0.0000000
1683	0.0000000
1684	0.0000000
1685	0.0000000
1686	-0.0000000
1687	-0.0000396
1688	-0.0009211
1689	-0.0018606
1690	-0.0024257
1691	-0.0024633
1692	-0.0029874
1693	-0.0027408
1694	-0.0031496
1695	-0.0035550
1696	-0.0029761
1697	-0.0032538
1698	-0.0025318
1699	-0.0000212
1700	0.0000000
1701	0.0000000
1702	0.0000000
1703	0.0000000
1704	0.0000000
1705	0.0000000
1706	0.0000000
1707	0.0000000
1708	0.0000000
1709	-0.0000000
1710	-0.0000001
1711	-0.0000181
1712	-0.0004198
1713	-0.0020135
1714	-0.0028128
1715	-0.0031313
1716	-0.0032204
1717	-0.0029852
1718	-0.0032212
1719	-0.0030030
1720	-0.0025362
1721	-0.0024900
1722	-0.0019728
1723	-0.0006271
1724	-0.0001191
1725	-0.0000068
1726	-0.0000062
1727	-0.0000069
1728	-0.0000000
1729	0.0000000
1730	0.0000000
1731	0.0000000
1732	0.0000000
1733	0.0000000
1734	-0.0000000
1735	-0.0000045
1736	-0.0001248
1737	-0.0012812
1738	-0.0025397
1739	-0.0032690
1740	-0.0038899
1741	-0.0042119
1742	-0.0044624
1743	-0.0039974
1744	-0.0032021
1745	-0.0027101
1746	-0.0018758
1747	-0.0004402
1748	-0.0000310
1749	-0.0000023
1750	-0.0000023
1751	-0.0000020
1752	0.0000000
1753	0.0000000
1754	0.0000000
1755	0.0000000
1756	0.0000000
1757	0.0000000
1758	0.0000000
1759	0.0000000
1760	-0.0000013
1761	-0.0000268
1762	-0.0002220
1763	-0.0016364
1764	-0.0030962
1765	-0.0036882
1766	-0.0039425
1767	-0.0038698
1768	-0.0034744
1769	-0.0028756
1770	-0.0015304
1771	-0.0003569
1772	-0.0000888
1773	-0.0000024
1774	-0.0000000
1775	-0.0000015
1776	0.0000000
1777	0.0000000
1778	0.0000000
1779	0.0000000
1780	0.0000000
1781	0.0000000
1782	0.0000000
1783	-0.0000018
1784	-0.0000320
1785	-0.0001259
1786	-0.0000012
1787	-0.0000023
1788	-0.0004567
1789	-0.0020815
1790	-0.0026719
1791	-0.0025713
1792	-0.0015734
1793	-0.0019908
1794	-0.0012410
1795	-0.0002163
1796	-0.0000064
1797	-0.0000000
1798	0.0000000
1799	0.0000000
1800	0.0000000
1801	0.0000000
1802	0.0000000
1803	0.0000000
1804	0.0000000
1805	0.0000000
1806	0.0000000
1807	-0.0000002
1808	-0.0000118
1809	-0.0001583
1810	-0.0004293
1811	-0.0008111
1812	-0.0010001
1813	-0.0003276
1814	-0.0003314
1815	-0.0008914
1816	-0.0015251
1817	-0.0018804
1818	-0.0011723
1819	-0.0002748
1820	-0.0000239
1821	-0.0000056
1822	-0.0000041
1823	0.0000000
1824	0.0000000
1825	0.0000000
1826	0.0000000
1827	0.0000000
1828	0.0000000
1829	-0.0000000
1830	-0.0000000
1831	-0.0000042
1832	-0.0000613
1833	-0.0003713
1834	-0.0009472
1835	-0.0020913
1836	-0.0029534
1837	-0.0035068
1838	-0.0037782
1839	-0.0038633
1840	-0.0034087
1841	-0.0024375
1842	-0.0009745
1843	-0.0002503
1844	-0.0000325
1845	-0.0000059
1846	-0.0000064
1847	-0.0000044
1848	0.0000000
1849	0.0000000
1850	0.0000000
1851	0.0000000
1852	0.0000000
1853	0.0000000
1854	0.0000000
1855	-0.0000006
1856	-0.0000562
1857	-0.0002127
1858	-0.0005773
1859	-0.0012153
1860	-0.0012119
1861	-0.0012226
1862	-0.0013277
1863	-0.0012599
1864	-0.0012542
1865	-0.0010708
1866	-0.0005845
1867	-0.0001993
1868	-0.0000199
1869	-0.0000054
1870	-0.0000067
1871	-0.0000071
1872	0.0000000
1873	0.0000000
1874	0.0000000
1875	0.0000000
1876	0.0000000
1877	0.0000000
1878	0.0000000
1879	-0.0000007
1880	-0.0000154
1881	-0.0002169
1882	-0.0010086
1883	-0.0022673
1884	-0.0023366
1885	-0.0028714
1886	-0.0036030
1887	-0.0038522
1888	-0.0029351
1889	-0.0028590
1890	-0.0016501
1891	-0.0003312
1892	-0.0000156
1893	-0.0000014
1894	-0.0000094
1895	-0.0000000
1896	0.0000000
1897	0.0000000
1898	0.0000000
1899	0.0000000
1900	0.0000000
1901	-0.0000000
1902	-0.0000001
1903	-0.0000201
1904	-0.0003367
1905	-0.0012507
1906	-0.0019866
1907	-0.0023171
1908	-0.0024307
1909	-0.0025094
1910	-0.0028261
1911	-0.0019789
1912	-0.0017899
1913	-0.0015590
1914	-0.0012943
1915	-0.0004153
1916	-0.0000444
1917	-0.0000104
1918	-0.0000073
1919	-0.0000050
1920	0.0000000
1921	0.0000000
1922	0.0000000
1923	0.0000000
1924	0.0000000
1925	0.0000000
1926	0.0000000
1927	-0.0000000
1928	-0.0000162
1929	-0.0005716
1930	-0.0019772
1931	-0.0025197
1932	-0.0025249
1933	-0.0034203
1934	-0.0037913
1935	-0.0037288
1936	-0.0033140
1937	-0.0028016
1938	-0.0016738
1939	-0.0005540
1940	-0.0001023
1941	-0.0000081
1942	-0.0000069
1943	-0.0000028
1944	0.0000000
1945	0.0000000
1946	0.0000000
1947	0.0000000
1948	0.0000000
1949	0.0000000
1950	-0.0000000
1951	-0.0000033
1952	-0.0000807
1953	-0.0011647
1954	-0.0024243
1955	-0.0031956
1956	-0.0036417
1957	-0.0042461
1958	-0.0045340
1959	-0.0044493
1960	-0.0040700
1961	-0.0033145
1962	-0.0020624
1963	-0.0006055
1964	-0.0000601
1965	-0.0000067
1966	-0.0000095
1967	-0.0000000
1968	0.0000000
1969	0.0000000
1970	0.0000000
1971	0.0000000
1972	0.0000000
1973	-0.0000001
1974	-0.0000002
1975	-0.0000119
1976	-0.0002936
1977	-0.0018514
1978	-0.0030893
1979	-0.0041515
1980	-0.0050112
1981	-0.0052421
1982	-0.0053106
1983	-0.0051297
1984	-0.0047333
1985	-0.0036732
1986	-0.0022515
1987	-0.0008252
1988	-0.0000507
1989	-0.0000063
1990	-0.0000001
