TIME_UNITS h
DATA_UNITS kg/s
0	-0.0000006
1	-0.0000017
2	-0.0000020
3	-0.0000010
4	-0.0000006
5	-0.0000002
6	-0.0000030
7	-0.0000402
8	-0.0002462
9	-0.0005100
10	-0.0008131
11	-0.0011252
12	-0.0012424
13	-0.0013331
14	-0.0014221
15	-0.0014538
16	-0.0014212
17	-0.0012852
18	-0.0010497
19	-0.0006637
20	-0.0002295
21	-0.0000258
22	-0.0000025
23	-0.0000012
24	-0.0000013
25	-0.0000009
26	-0.0000004
27	-0.0000004
28	0.0000000
29	0.0000000
30	0.0000000
31	0.0000000
32	-0.0001836
33	-0.0005942
34	-0.0010437
35	-0.0013772
36	-0.0015193
37	-0.0015919
38	-0.0014428
39	-0.0011465
40	-0.0009824
41	-0.0004133
42	-0.0001983
43	-0.0001452
44	-0.0000377
45	-0.0000001
46	0.0000000
47	0.0000000
48	0.0000000
49	0.0000000
50	0.0000000
51	0.0000000
52	0.0000000
53	0.0000000
54	0.0000000
55	0.0000000
56	0.0000000
57	-0.0000000
58	-0.0000099
59	-0.0001367
60	-0.0009084
61	-0.0009753
62	-0.0014123
63	-0.0014052
64	-0.0000012
65	0.0000000
66	-0.0000246
67	-0.0001111
68	-0.0000360
69	-0.0000013
70	-0.0000000
71	-0.0000010
72	-0.0000006
73	-0.0000007
74	-0.0000002
75	-0.0000001
76	-0.0000006
77	-0.0000006
78	-0.0000174
79	-0.0001373
80	-0.0001463
81	-0.0002762
82	-0.0004721
83	-0.0006008
84	-0.0006420
85	-0.0009058
86	-0.0011251
87	-0.0011833
88	-0.0009514
89	-0.0009163
90	-0.0006640
91	-0.0002950
92	-0.0000976
93	-0.0000083
94	-0.0000016
95	0.0000000
96	0.0000000
97	0.0000000
98	0.0000000
99	0.0000000
100	0.0000000
101	0.0000000
102	0.0000000
103	-0.0000259
104	-0.0002401
105	-0.0007531
106	-0.0011007
107	-0.0014578
108	-0.0013889
109	-0.0012340
110	-0.0008807
111	-0.0000036
112	0.0000000
113	-0.0000074
114	-0.0000495
115	-0.0000001
116	-0.0000000
117	0.0000000
118	0.0000000
119	0.0000000
120	0.0000000
121	-0.0000000
122	0.0000000
123	-0.0000000
124	-0.0000002
125	-0.0000001
126	-0.0000008
127	0.0000000
128	-0.0000100
129	-0.0000717
130	-0.0001502
131	-0.0002117
132	-0.0002945
133	-0.0002926
134	-0.0002602
135	-0.0002428
136	-0.0004082
137	-0.0005080
138	-0.0004575
139	-0.0003367
140	-0.0000606
141	-0.0000017
142	0.0000000
143	0.0000000
144	0.0000000
145	0.0000000
146	-0.0000000
147	-0.0000000
148	-0.0000001
149	0.0000000
150	-0.0000002
151	-0.0000347
152	-0.0001510
153	-0.0007066
154	-0.0012367
155	-0.0013680
156	-0.0018118
157	-0.0011997
158	-0.0012848
159	-0.0010703
160	-0.0006874
161	-0.0006182
162	-0.0005656
163	-0.0002618
164	-0.0001017
165	-0.0000177
166	-0.0000038
167	-0.0000029
168	0.0000000
169	0.0000000
170	0.0000000
171	0.0000000
172	-0.0000000
173	-0.0000000
174	-0.0000044
175	-0.0000319
176	-0.0001173
177	-0.0002249
178	-0.0002444
179	-0.0004778
180	-0.0008931
181	-0.0009899
182	-0.0009640
183	-0.0008186
184	-0.0003216
185	-0.0003853
186	-0.0004877
187	-0.0003507
188	-0.0000704
189	-0.0000002
190	0.0000000
191	0.0000000
192	0.0000000
193	0.0000000
194	0.0000000
195	0.0000000
196	0.0000000
197	-0.0000000
198	-0.0000001
199	-0.0000163
200	-0.0000906
201	-0.0002528
202	-0.0004007
203	-0.0006792
204	-0.0008262
205	-0.0007139
206	-0.0006778
207	-0.0007054
208	-0.0002607
209	-0.0004317
210	-0.0003601
211	-0.0000052
212	-0.0000003
213	-0.0000000
214	-0.0000000
215	0.0000000
216	0.0000000
217	0.0000000
218	0.0000000
219	0.0000000
220	0.0000000
221	0.0000000
222	0.0000000
223	-0.0000001
224	-0.0000004
225	-0.0000022
226	-0.0000002
227	-0.0000007
228	-0.0000030
229	-0.0000388
230	-0.0001226
231	-0.0001986
232	-0.0003443
233	-0.0004154
234	-0.0003028
235	-0.0001666
236	-0.0000345
237	0.0000000
238	0.0000000
239	0.0000000
240	0.0000000
241	0.0000000
242	0.0000000
243	0.0000000
244	0.0000000
245	0.0000000
246	0.0000000
247	-0.0000005
248	-0.0001445
249	-0.0005898
250	-0.0011354
251	-0.0014274
252	-0.0016850
253	-0.0018789
254	-0.0019315
255	-0.0018822
256	-0.0016384
257	-0.0014786
258	-0.0011669
259	-0.0007306
260	-0.0001821
261	-0.0000087
262	-0.0000010
263	0.0000000
264	0.0000000
265	0.0000000
266	0.0000000
267	0.0000000
268	0.0000000
269	-0.0000000
270	-0.0000001
271	-0.0000196
272	-0.0002534
273	-0.0004635
274	-0.0007039
275	-0.0012412
276	-0.0019072
277	-0.0019881
278	-0.0020029
279	-0.0020659
280	-0.0018057
281	-0.0016671
282	-0.0012368
283	-0.0005865
284	-0.0001666
285	-0.0000347
286	-0.0000108
287	-0.0000000
288	0.0000000
289	0.0000000
290	0.0000000
291	0.0000000
292	0.0000000
293	-0.0000000
294	-0.0000012
295	-0.0000637
296	-0.0005821
297	-0.0009648
298	-0.0014461
299	-0.0017190
300	-0.0018665
301	-0.0018649
302	-0.0015940
303	-0.0014977
304	-0.0015968
305	-0.0007840
306	-0.0009136
307	-0.0004733
308	-0.0001374
309	-0.0000037
310	0.0000000
311	0.0000000
312	0.0000000
313	0.0000000
314	0.0000000
315	0.0000000
316	0.0000000
317	0.0000000
318	0.0000000
319	-0.0000143
320	-0.0001419
321	-0.0005196
322	-0.0010976
323	-0.0014752
324	-0.0016938
325	-0.0018419
326	-0.0018420
327	-0.0018286
328	-0.0017313
329	-0.0014371
330	-0.0010742
331	-0.0005755
332	-0.0001772
333	-0.0000152
334	0.0000000
335	0.0000000
336	0.0000000
337	0.0000000
338	0.0000000
339	0.0000000
340	0.0000000
341	0.0000000
342	0.0000000
343	-0.0000251
344	-0.0002047
345	-0.0005342
346	-0.0009851
347	-0.0014601
348	-0.0017779
349	-0.0019470
350	-0.0020098
351	-0.0019908
352	-0.0018500
353	-0.0014625
354	-0.0008129
355	-0.0005528
356	-0.0001587
357	-0.0000172
358	-0.0000042
359	-0.0000000
360	0.0000000
361	0.0000000
362	0.0000000
363	0.0000000
364	0.0000000
365	0.0000000
366	0.0000000
367	0.0000000
368	0.0000000
369	-0.0000054
370	-0.0000871
371	-0.0005496
372	-0.0006319
373	-0.0006224
374	-0.0004492
375	-0.0007923
376	-0.0009424
377	-0.0010298
378	-0.0008801
379	-0.0005010
380	-0.0001145
381	-0.0000065
382	-0.0000011
383	-0.0000000
384	0.0000000
385	0.0000000
386	0.0000000
387	0.0000000
388	0.0000000
389	0.0000000
390	0.0000000
391	-0.0000099
392	-0.0000713
393	-0.0000341
394	-0.0000445
395	-0.0000975
396	-0.0002297
397	-0.0002278
398	-0.0000745
399	-0.0000922
400	-0.0003851
401	-0.0010937
402	-0.0009554
403	-0.0006281
404	-0.0001474
405	-0.0000057
406	-0.0000030
407	-0.0000002
408	0.0000000
409	0.0000000
410	0.0000000
411	0.0000000
412	0.0000000
413	0.0000000
414	0.0000000
415	-0.0000050
416	-0.0000866
417	-0.0002784
418	-0.0004228
419	-0.0005496
420	-0.0006209
421	-0.0007347
422	-0.0008144
423	-0.0010326
424	-0.0011937
425	-0.0010692
426	-0.0008242
427	-0.0006054
428	-0.0002310
429	-0.0000069
430	-0.0000008
431	-0.0000003
432	0.0000000
433	0.0000000
434	0.0000000
435	0.0000000
436	0.0000000
437	0.0000000
438	0.0000000
439	-0.0000003
440	-0.0000010
441	-0.0000083
442	-0.0000066
443	-0.0000000
444	0.0000000
445	0.0000000
446	-0.0001807
447	-0.0010810
448	-0.0004617
449	-0.0000010
450	0.0000000
451	0.0000000
452	0.0000000
453	-0.0000000
454	-0.0000000
455	-0.0000002
456	-0.0000005
457	0.0000000
458	0.0000000
459	0.0000000
460	0.0000000
461	0.0000000
462	-0.0000003
463	-0.0000105
464	-0.0000493
465	-0.0001258
466	-0.0002848
467	-0.0004497
468	-0.0004042
469	-0.0003869
470	-0.0005662
471	-0.0002940
472	-0.0007258
473	-0.0007593
474	-0.0006629
475	-0.0004181
476	-0.0000605
477	-0.0000000
478	0.0000000
479	-0.0000011
480	0.0000000
481	0.0000000
482	0.0000000
483	0.0000000
484	0.0000000
485	0.0000000
486	-0.0000003
487	-0.0000037
488	-0.0000059
489	-0.0000007
490	-0.0000054
491	-0.0000985
492	-0.0001756
493	-0.0004451
494	-0.0006054
495	-0.0006143
496	-0.0007733
497	-0.0007938
498	-0.0007391
499	-0.0005201
500	-0.0002610
501	-0.0000230
502	-0.0000004
503	-0.0000009
504	-0.0000025
505	-0.0000010
506	-0.0000025
507	-0.0000045
508	-0.0000057
509	-0.0000049
510	-0.0000849
511	-0.0001587
512	-0.0002964
513	-0.0000031
514	0.0000000
515	-0.0000595
516	-0.0003394
517	-0.0007533
518	-0.0009699
519	-0.0009639
520	-0.0008808
521	-0.0008591
522	-0.0008764
523	-0.0006871
524	-0.0003538
525	-0.0000358
526	-0.0000026
527	-0.0000000
528	0.0000000
529	0.0000000
530	0.0000000
531	0.0000000
532	0.0000000
533	0.0000000
534	-0.0000001
535	-0.0000025
536	-0.0001130
537	-0.0005532
538	-0.0007114
539	-0.0007934
540	-0.0006832
541	-0.0009642
542	-0.0011373
543	-0.0011199
544	-0.0009819
545	-0.0008625
546	-0.0007725
547	-0.0005910
548	-0.0002908
549	-0.0000383
550	-0.0000035
551	-0.0000000
552	0.0000000
553	0.0000000
554	0.0000000
555	0.0000000
556	0.0000000
557	0.0000000
558	-0.0000000
559	-0.0000032
560	-0.0001474
561	-0.0006311
562	-0.0008900
563	-0.0008763
564	-0.0010048
565	-0.0012627
566	-0.0013616
567	-0.0014285
568	-0.0014016
569	-0.0012652
570	-0.0010562
571	-0.0007609
572	-0.0002772
573	-0.0000563
574	-0.0000000
575	0.0000000
576	0.0000000
577	0.0000000
578	0.0000000
579	0.0000000
580	-0.0000000
581	-0.0000000
582	-0.0000002
583	-0.0000089
584	-0.0001631
585	-0.0007353
586	-0.0011267
587	-0.0014381
588	-0.0017064
589	-0.0018092
590	-0.0018111
591	-0.0017851
592	-0.0015344
593	-0.0013876
594	-0.0010913
595	-0.0007982
596	-0.0001963
597	-0.0000190
598	-0.0000037
599	0.0000000
600	0.0000000
601	0.0000000
602	0.0000000
603	0.0000000
604	0.0000000
605	-0.0000000
606	-0.0000014
607	-0.0000386
608	-0.0004069
609	-0.0011012
610	-0.0014700
611	-0.0017528
612	-0.0019668
613	-0.0021157
614	-0.0022104
615	-0.0022001
616	-0.0021043
617	-0.0017770
618	-0.0012251
619	-0.0006613
620	-0.0002051
621	-0.0000425
622	-0.0000068
623	-0.0000094
624	-0.0000000
625	0.0000000
626	0.0000000
627	0.0000000
628	0.0000000
629	0.0000000
630	-0.0000004
631	-0.0000205
632	-0.0005509
633	-0.0012767
634	-0.0016314
635	-0.0019676
636	-0.0021494
637	-0.0022510
638	-0.0022676
639	-0.0023159
640	-0.0022772
641	-0.0019549
642	-0.0012446
643	-0.0007394
644	-0.0002654
645	-0.0000564
646	-0.0000122
647	-0.0000138
648	-0.0000000
649	0.0000000
650	0.0000000
651	0.0000000
652	0.0000000
653	-0.0000000
654	-0.0000011
655	-0.0000564
656	-0.0005965
657	-0.0013418
658	-0.0017712
659	-0.0019343
660	-0.0022080
661	-0.0024790
662	-0.0024963
663	-0.0024112
664	-0.0024855
665	-0.0021353
666	-0.0015286
667	-0.0010401
668	-0.0003144
669	-0.0000382
670	-0.0000125
671	-0.0000089
672	-0.0000000
673	0.0000000
674	0.0000000
675	0.0000000
676	0.0000000
677	0.0000000
678	0.0000000
679	-0.0000005
680	-0.0000004
681	-0.0000008
682	-0.0000377
683	-0.0003126
684	-0.0000352
685	-0.0000963
686	-0.0003477
687	-0.0006097
688	-0.0008868
689	-0.0006603
690	-0.0004031
691	-0.0001657
692	-0.0000174
693	-0.0000102
694	-0.0000000
695	0.0000000
696	0.0000000
697	0.0000000
698	0.0000000
699	0.0000000
700	-0.0000000
701	-0.0000001
702	-0.0000001
703	-0.0000006
704	-0.0001271
705	-0.0004022
706	-0.0004241
707	-0.0009519
708	-0.0010906
709	-0.0012441
710	-0.0009444
711	-0.0010775
712	-0.0013993
713	-0.0012187
714	-0.0009245
715	-0.0003167
716	-0.0000413
717	-0.0000050
718	-0.0000022
719	0.0000000
720	0.0000000
721	0.0000000
722	0.0000000
723	0.0000000
724	0.0000000
725	0.0000000
726	-0.0000003
727	-0.0000128
728	-0.0001731
729	-0.0003705
730	-0.0006669
731	-0.0014360
732	-0.0017945
733	-0.0018401
734	-0.0013431
735	-0.0013780
736	-0.0018697
737	-0.0014821
738	-0.0010913
739	-0.0005412
740	-0.0000704
741	-0.0000115
742	-0.0000029
743	0.0000000
744	0.0000000
745	0.0000000
746	0.0000000
747	0.0000000
748	0.0000000
749	-0.0000000
750	-0.0000002
751	-0.0000033
752	-0.0000132
753	-0.0000012
754	-0.0000013
755	-0.0002155
756	-0.0006052
757	-0.0009668
758	-0.0011091
759	-0.0013451
760	-0.0013800
761	-0.0014982
762	-0.0011314
763	-0.0007045
764	-0.0002406
765	-0.0000074
766	-0.0000035
767	0.0000000
768	0.0000000
769	0.0000000
770	0.0000000
771	0.0000000
772	0.0000000
773	0.0000000
774	0.0000000
775	-0.0000023
776	-0.0001078
777	-0.0003720
778	-0.0009249
779	-0.0014024
780	-0.0017913
781	-0.0017653
782	-0.0017993
783	-0.0018566
784	-0.0017720
785	-0.0017226
786	-0.0013069
787	-0.0007813
788	-0.0001814
789	-0.0000386
790	-0.0000049
791	0.0000000
792	0.0000000
793	0.0000000
794	0.0000000
795	0.0000000
796	0.0000000
797	0.0000000
798	0.0000000
799	-0.0000000
800	-0.0001542
801	-0.0007177
802	-0.0013586
803	-0.0017722
804	-0.0020873
805	-0.0021893
806	-0.0022584
807	-0.0022117
808	-0.0020611
809	-0.0017393
810	-0.0012250
811	-0.0004624
812	-0.0000111
813	-0.0000048
814	-0.0000047
815	-0.0000045
816	0.0000000
817	0.0000000
818	0.0000000
819	0.0000000
820	0.0000000
821	0.0000000
822	-0.0000001
823	-0.0000141
824	-0.0002424
825	-0.0011150
826	-0.0015159
827	-0.0018306
828	-0.0021261
829	-0.0023387
830	-0.0023998
831	-0.0023242
832	-0.0019756
833	-0.0014130
834	-0.0007882
835	-0.0003160
836	-0.0001584
837	-0.0000084
838	-0.0000020
839	-0.0000001
840	0.0000000
841	0.0000000
842	0.0000000
843	0.0000000
844	0.0000000
845	0.0000000
846	0.0000000
847	-0.0000197
848	-0.0001014
849	-0.0003295
850	-0.0009429
851	-0.0014108
852	-0.0016730
853	-0.0015554
854	-0.0014364
855	-0.0012498
856	-0.0014205
857	-0.0015185
858	-0.0012751
859	-0.0009602
860	-0.0004095
861	-0.0000349
862	-0.0000000
863	0.0000000
864	0.0000000
865	0.0000000
866	0.0000000
867	0.0000000
868	0.0000000
869	-0.0000000
870	-0.0000007
871	-0.0000071
872	-0.0000417
873	-0.0004703
874	-0.0011201
875	-0.0015898
876	-0.0020035
877	-0.0021100
878	-0.0021621
879	-0.0021264
880	-0.0020068
881	-0.0015813
882	-0.0008970
883	-0.0007246
884	-0.0001052
885	-0.0000102
886	-0.0000017
887	-0.0000012
888	0.0000000
889	0.0000000
890	0.0000000
891	0.0000000
892	0.0000000
893	0.0000000
894	0.0000000
895	0.0000000
896	-0.0000817
897	-0.0006277
898	-0.0013921
899	-0.0017298
900	-0.0020698
901	-0.0022250
902	-0.0023481
903	-0.0022774
904	-0.0015256
905	-0.0009110
906	-0.0007842
907	-0.0004978
908	-0.0000523
909	-0.0000323
910	-0.0000097
911	-0.0000087
912	-0.0000000
913	0.0000000
914	0.0000000
915	0.0000000
916	0.0000000
917	0.0000000
918	0.0000000
919	-0.0000009
920	-0.0000339
921	-0.0000139
922	-0.0000867
923	-0.0003740
924	-0.0000212
925	-0.0000173
926	-0.0002163
927	-0.0007401
928	-0.0010916
929	-0.0014041
930	-0.0011954
931	-0.0007568
932	-0.0002168
933	-0.0000186
934	-0.0000036
935	-0.0000023
936	0.0000000
937	0.0000000
938	0.0000000
939	0.0000000
940	0.0000000
941	0.0000000
942	-0.0000000
943	-0.0000059
944	-0.0001570
945	-0.0009296
946	-0.0013065
947	-0.0016642
948	-0.0019365
949	-0.0019718
950	-0.0020341
951	-0.0020522
952	-0.0019327
953	-0.0016818
954	-0.0013448
955	-0.0007159
956	-0.0002695
957	-0.0000214
958	-0.0000053
959	-0.0000031
960	-0.0000000
961	0.0000000
962	0.0000000
963	0.0000000
964	0.0000000
965	0.0000000
966	-0.0000000
967	-0.0000058
968	-0.0002026
969	-0.0009879
970	-0.0013779
971	-0.0016438
972	-0.0016652
973	-0.0014104
974	-0.0015748
975	-0.0017051
976	-0.0015468
977	-0.0014184
978	-0.0010640
979	-0.0006718
980	-0.0001125
981	-0.0000102
982	-0.0000013
983	-0.0000004
984	0.0000000
985	0.0000000
986	0.0000000
987	0.0000000
988	0.0000000
989	0.0000000
990	0.0000000
991	0.0000000
992	-0.0000000
993	-0.0000553
994	-0.0001494
995	-0.0000935
996	-0.0000566
997	-0.0000846
998	-0.0004399
999	-0.0004674
1000	-0.0001952
1001	-0.0000433
1002	-0.0000078
1003	-0.0000037
1004	-0.0000003
1005	0.0000000
1006	0.0000000
1007	0.0000000
1008	0.0000000
1009	0.0000000
1010	0.0000000
1011	0.0000000
1012	0.0000000
1013	0.0000000
1014	0.0000000
1015	-0.0000024
1016	-0.0000301
1017	-0.0002116
1018	-0.0009518
1019	-0.0012378
1020	-0.0015986
1021	-0.0016118
1022	-0.0015873
1023	-0.0016599
1024	-0.0014325
1025	-0.0008956
1026	-0.0004487
1027	-0.0001484
1028	-0.0000580
1029	-0.0000025
1030	0.0000000
1031	0.0000000
1032	0.0000000
1033	0.0000000
1034	0.0000000
1035	0.0000000
1036	0.0000000
1037	0.0000000
1038	0.0000000
1039	-0.0000005
1040	-0.0000546
1041	-0.0003594
1042	-0.0010336
1043	-0.0014955
1044	-0.0005014
1045	-0.0014719
1046	-0.0013872
1047	-0.0012761
1048	-0.0008648
1049	-0.0008921
1050	-0.0006890
1051	-0.0002586
1052	-0.0000561
1053	-0.0000003
1054	-0.0000000
1055	-0.0000000
1056	0.0000000
1057	0.0000000
1058	0.0000000
1059	0.0000000
1060	0.0000000
1061	0.0000000
1062	-0.0000001
1063	-0.0000117
1064	-0.0001027
1065	-0.0004061
1066	-0.0011945
1067	-0.0015628
1068	-0.0016647
1069	-0.0019051
1070	-0.0019712
1071	-0.0019481
1072	-0.0018600
1073	-0.0015866
1074	-0.0012358
1075	-0.0006799
1076	-0.0002120
1077	-0.0000143
1078	-0.0000006
1079	0.0000000
1080	0.0000000
1081	0.0000000
1082	0.0000000
1083	0.0000000
1084	0.0000000
1085	0.0000000
1086	0.0000000
1087	-0.0000019
1088	-0.0000760
1089	-0.0001869
1090	-0.0003029
1091	-0.0004805
1092	-0.0003783
1093	-0.0007211
1094	-0.0008445
1095	-0.0006425
1096	-0.0005899
1097	-0.0002659
1098	-0.0000147
1099	-0.0000015
1100	0.0000000
1101	0.0000000
1102	0.0000000
1103	0.0000000
1104	0.0000000
1105	0.0000000
1106	0.0000000
1107	0.0000000
1108	0.0000000
1109	0.0000000
1110	-0.0000000
1111	-0.0000041
1112	-0.0000419
1113	-0.0001300
1114	-0.0002043
1115	-0.0004533
1116	-0.0005971
1117	-0.0004270
1118	-0.0006984
1119	-0.0013617
1120	-0.0014231
1121	-0.0010866
1122	-0.0005745
1123	-0.0003746
1124	-0.0000174
1125	-0.0000091
1126	-0.0000000
1127	0.0000000
1128	0.0000000
1129	0.0000000
1130	0.0000000
1131	0.0000000
1132	0.0000000
1133	0.0000000
1134	0.0000000
1135	-0.0000009
1136	-0.0000115
1137	-0.0002699
1138	-0.0006627
1139	-0.0006483
1140	-0.0003208
1141	-0.0006473
1142	-0.0007267
1143	-0.0005808
1144	-0.0006664
1145	-0.0000130
1146	-0.0000195
1147	-0.0000183
1148	-0.0000011
1149	0.0000000
1150	0.0000000
1151	-0.0000003
1152	0.0000000
1153	0.0000000
1154	0.0000000
1155	0.0000000
1156	0.0000000
1157	0.0000000
1158	0.0000000
1159	-0.0000054
1160	-0.0000644
1161	-0.0003230
1162	-0.0009013
1163	-0.0014704
1164	-0.0017510
1165	-0.0019521
1166	-0.0019965
1167	-0.0019016
1168	-0.0018150
1169	-0.0015596
1170	-0.0011709
1171	-0.0007010
1172	-0.0001971
1173	-0.0000016
1174	0.0000000
1175	0.0000000
1176	0.0000000
1177	0.0000000
1178	0.0000000
1179	0.0000000
1180	0.0000000
1181	0.0000000
1182	0.0000000
1183	-0.0000003
1184	-0.0000635
1185	-0.0005092
1186	-0.0012772
1187	-0.0016744
1188	-0.0020106
1189	-0.0021454
1190	-0.0023132
1191	-0.0022658
1192	-0.0020438
1193	-0.0016898
1194	-0.0010910
1195	-0.0005616
1196	-0.0001730
1197	-0.0000126
1198	-0.0000021
1199	-0.0000000
1200	0.0000000
1201	0.0000000
1202	0.0000000
1203	0.0000000
1204	0.0000000
1205	-0.0000000
1206	-0.0000003
1207	-0.0000149
1208	-0.0002438
1209	-0.0008993
1210	-0.0013283
1211	-0.0017223
1212	-0.0020049
1213	-0.0022353
1214	-0.0023402
1215	-0.0021275
1216	-0.0019959
1217	-0.0012439
1218	-0.0007877
1219	-0.0006004
1220	-0.0002212
1221	-0.0000102
1222	-0.0000096
1223	-0.0000090
1224	-0.0000000
1225	0.0000000
1226	0.0000000
1227	0.0000000
1228	0.0000000
1229	0.0000000
1230	-0.0000001
1231	-0.0000105
1232	-0.0000382
1233	-0.0001758
1234	-0.0002359
1235	-0.0010637
1236	-0.0015371
1237	-0.0014073
1238	-0.0019622
1239	-0.0018948
1240	-0.0017961
1241	-0.0014690
1242	-0.0011930
1243	-0.0007846
1244	-0.0002429
1245	-0.0000161
1246	-0.0000040
1247	0.0000000
1248	0.0000000
1249	0.0000000
1250	0.0000000
1251	0.0000000
1252	0.0000000
1253	0.0000000
1254	0.0000000
1255	-0.0000005
1256	-0.0000855
1257	-0.0005816
1258	-0.0011896
1259	-0.0015127
1260	-0.0017642
1261	-0.0018625
1262	-0.0017476
1263	-0.0017915
1264	-0.0017373
1265	-0.0015279
1266	-0.0011694
1267	-0.0006150
1268	-0.0001139
1269	-0.0000046
1270	-0.0000046
1271	-0.0000045
1272	0.0000000
1273	0.0000000
1274	0.0000000
1275	0.0000000
1276	0.0000000
1277	0.0000000
1278	0.0000000
1279	-0.0000001
1280	-0.0001022
1281	-0.0004719
1282	-0.0010343
1283	-0.0013578
1284	-0.0015251
1285	-0.0014634
1286	-0.0014752
1287	-0.0012632
1288	-0.0014558
1289	-0.0011944
1290	-0.0010235
1291	-0.0005125
1292	-0.0001186
1293	-0.0000040
1294	-0.0000024
1295	-0.0000021
1296	0.0000000
1297	0.0000000
1298	0.0000000
1299	0.0000000
1300	0.0000000
1301	0.0000000
1302	-0.0000000
1303	-0.0000000
1304	-0.0000001
1305	-0.0000721
1306	-0.0002156
1307	-0.0003658
1308	-0.0006900
1309	-0.0003819
1310	-0.0001861
1311	-0.0002789
1312	-0.0002667
1313	-0.0002694
1314	-0.0002694
1315	-0.0000805
1316	-0.0000322
1317	-0.0000000
1318	0.0000000
1319	0.0000000
1320	0.0000000
1321	0.0000000
1322	0.0000000
1323	0.0000000
1324	0.0000000
1325	0.0000000
1326	-0.0000000
1327	-0.0000016
1328	-0.0000275
1329	-0.0002912
1330	-0.0005641
1331	-0.0010915
1332	-0.0010541
1333	-0.0013091
1334	-0.0009972
1335	-0.0001865
1336	-0.0004515
1337	-0.0010905
1338	-0.0006933
1339	-0.0003406
1340	-0.0000518
1341	-0.0000007
1342	0.0000000
1343	0.0000000
1344	0.0000000
1345	0.0000000
1346	0.0000000
1347	0.0000000
1348	0.0000000
1349	0.0000000
1350	-0.0000005
1351	-0.0000102
1352	-0.0000019
1353	-0.0000069
1354	-0.0000474
1355	-0.0001664
1356	-0.0001022
1357	-0.0000047
1358	0.0000000
1359	0.0000000
1360	-0.0000235
1361	-0.0001600
1362	-0.0004072
1363	-0.0002170
1364	-0.0000124
1365	-0.0000010
1366	-0.0000012
1367	0.0000000
1368	0.0000000
1369	0.0000000
1370	0.0000000
1371	0.0000000
1372	0.0000000
1373	-0.0000000
1374	-0.0000004
1375	-0.0000122
1376	-0.0000350
1377	-0.0001581
1378	-0.0006302
1379	-0.0011280
1380	-0.0008266
1381	-0.0012217
1382	-0.0005120
1383	-0.0012694
1384	-0.0014984
1385	-0.0014066
1386	-0.0010036
1387	-0.0004845
1388	-0.0000101
1389	0.0000000
1390	0.0000000
1391	0.0000000
1392	0.0000000
1393	0.0000000
1394	0.0000000
1395	0.0000000
1396	0.0000000
1397	-0.0000000
1398	-0.0000001
1399	-0.0000141
1400	-0.0001093
1401	-0.0007225
1402	-0.0012919
1403	-0.0017588
1404	-0.0018486
1405	-0.0018537
1406	-0.0014061
1407	-0.0016056
1408	-0.0016296
1409	-0.0014961
1410	-0.0010885
1411	-0.0005879
1412	-0.0001181
1413	-0.0000039
1414	-0.0000014
1415	0.0000000
1416	0.0000000
1417	0.0000000
1418	0.0000000
1419	0.0000000
1420	0.0000000
1421	0.0000000
1422	-0.0000000
1423	-0.0000046
1424	-0.0001692
1425	-0.0008123
1426	-0.0012093
1427	-0.0014364
1428	-0.0015039
1429	-0.0014857
1430	-0.0015323
1431	-0.0000011
1432	0.0000000
1433	-0.0001609
1434	-0.0009755
1435	-0.0006794
1436	-0.0001784
1437	-0.0000054
1438	-0.0000042
1439	-0.0000039
1440	0.0000000
1441	0.0000000
1442	0.0000000
1443	0.0000000
1444	0.0000000
1445	0.0000000
1446	-0.0000000
1447	-0.0000014
1448	-0.0000533
1449	-0.0004015
1450	-0.0011346
1451	-0.0013475
1452	-0.0015039
1453	-0.0014493
1454	-0.0016230
1455	-0.0015626
1456	-0.0014153
1457	-0.0012474
1458	-0.0009965
1459	-0.0006203
1460	-0.0001198
1461	-0.0000049
1462	-0.0000033
1463	-0.0000027
1464	0.0000000
1465	0.0000000
1466	0.0000000
1467	0.0000000
1468	0.0000000
1469	0.0000000
1470	-0.0000000
1471	-0.0000013
1472	-0.0000594
1473	-0.0003790
1474	-0.0009799
1475	-0.0012502
1476	-0.0015387
1477	-0.0017469
1478	-0.0018048
1479	-0.0018654
1480	-0.0015285
1481	-0.0010194
1482	-0.0008580
1483	-0.0002892
1484	-0.0000392
1485	-0.0000024
1486	-0.0000036
1487	-0.0000000
1488	0.0000000
1489	0.0000000
1490	0.0000000
1491	0.0000000
1492	0.0000000
1493	0.0000000
1494	0.0000000
1495	0.0000000
1496	0.0000000
1497	-0.0000113
1498	-0.0002567
1499	-0.0009159
1500	-0.0009603
1501	-0.0015273
1502	-0.0018525
1503	-0.0017393
1504	-0.0015986
1505	-0.0013393
1506	-0.0009436
1507	-0.0003832
1508	-0.0000420
1509	-0.0000003
1510	0.0000000
1511	0.0000000
1512	0.0000000
1513	0.0000000
1514	0.0000000
1515	0.0000000
1516	0.0000000
1517	0.0000000
1518	0.0000000
1519	-0.0000001
1520	-0.0000002
1521	0.0000000
1522	0.0000000
1523	0.0000000
1524	-0.0000122
1525	-0.0004955
1526	-0.0014327
1527	-0.0015417
1528	-0.0012102
1529	-0.0010895
1530	-0.0007809
1531	-0.0003585
1532	-0.0000400
1533	-0.0000006
1534	0.0000000
1535	0.0000000
1536	0.0000000
1537	0.0000000
1538	0.0000000
1539	0.0000000
1540	0.0000000
1541	0.0000000
1542	-0.0000000
1543	-0.0000049
1544	-0.0000655
1545	-0.0003328
1546	-0.0009980
1547	-0.0014624
1548	-0.0017810
1549	-0.0019676
1550	-0.0019598
1551	-0.0018702
1552	-0.0016146
1553	-0.0010960
1554	-0.0005330
1555	-0.0001854
1556	-0.0000054
1557	-0.0000013
1558	0.0000000
1559	0.0000000
1560	0.0000000
1561	0.0000000
1562	0.0000000
1563	0.0000000
1564	0.0000000
1565	0.0000000
1566	0.0000000
1567	-0.0000045
1568	-0.0000837
1569	-0.0003845
1570	-0.0009659
1571	-0.0014752
1572	-0.0010791
1573	-0.0005988
1574	-0.0006021
1575	-0.0005366
1576	-0.0003924
1577	-0.0002170
1578	-0.0001091
1579	-0.0000446
1580	-0.0000007
1581	-0.0000000
1582	-0.0000001
1583	0.0000000
1584	0.0000000
1585	0.0000000
1586	0.0000000
1587	0.0000000
1588	0.0000000
1589	0.0000000
1590	-0.0000000
1591	-0.0000056
1592	-0.0000370
1593	-0.0001733
1594	-0.0006997
1595	-0.0013615
1596	-0.0017191
1597	-0.0019002
1598	-0.0019565
1599	-0.0018213
1600	-0.0015394
1601	-0.0014706
1602	-0.0008485
1603	-0.0003288
1604	-0.0000561
1605	-0.0000011
1606	-0.0000000
1607	0.0000000
1608	0.0000000
1609	0.0000000
1610	0.0000000
1611	0.0000000
1612	0.0000000
1613	0.0000000
1614	-0.0000000
1615	-0.0000012
1616	-0.0001183
1617	-0.0005822
1618	-0.0011089
1619	-0.0014862
1620	-0.0017738
1621	-0.0019209
1622	-0.0012486
1623	-0.0010817
1624	-0.0014522
1625	-0.0012228
1626	-0.0008078
1627	-0.0004026
1628	-0.0000363
1629	-0.0000053
1630	-0.0000040
1631	-0.0000026
1632	-0.0000000
1633	0.0000000
1634	0.0000000
1635	0.0000000
1636	0.0000000
1637	0.0000000
1638	0.0000000
1639	0.0000000
1640	-0.0000025
1641	-0.0000001
1642	0.0000000
1643	-0.0000999
1644	-0.0010063
1645	-0.0016485
1646	-0.0017353
1647	-0.0015732
1648	-0.0016573
1649	-0.0014441
1650	-0.0010221
1651	-0.0004286
1652	-0.0000812
1653	-0.0000016
1654	-0.0000010
1655	-0.0000002
1656	0.0000000
1657	0.0000000
1658	0.0000000
1659	0.0000000
1660	0.0000000
1661	0.0000000
1662	0.0000000
1663	-0.0000001
1664	-0.0000361
1665	-0.0005286
1666	-0.0011853
1667	-0.0014033
1668	-0.0017638
1669	-0.0018026
1670	-0.0018020
1671	-0.0012382
1672	-0.0010025
1673	-0.0008076
1674	-0.0006343
1675	-0.0003313
1676	-0.0000402
1677	-0.0000053
1678	-0.0000004
1679	0.0000000
1680	0.0000000
1681	0.0000000
1682	0.0000000
1683	0.0000000
1684	0.0000000
1685	0.0000000
1686	-0.0000000
1687	-0.0000154
1688	-0.0003590
1689	-0.0007251
1690	-0.0009453
1691	-0.0009600
1692	-0.0011643
1693	-0.0010681
1694	-0.0012275
1695	-0.0013855
1696	-0.0011598
1697	-0.0012681
1698	-0.0009867
1699	-0.0000083
1700	0.0000000
1701	0.0000000
1702	0.0000000
1703	0.0000000
1704	0.0000000
1705	0.0000000
1706	0.0000000
1707	0.0000000
1708	0.0000000
1709	-0.0000000
1710	-0.0000000
1711	-0.0000070
1712	-0.0001636
1713	-0.0007847
1714	-0.0010962
1715	-0.0012203
1716	-0.0012551
1717	-0.0011634
1718	-0.0012554
1719	-0.0011703
1720	-0.0009884
1721	-0.0009704
1722	-0.0007689
1723	-0.0002444
1724	-0.0000464
1725	-0.0000026
1726	-0.0000024
1727	-0.0000027
1728	-0.0000000
1729	0.0000000
1730	0.0000000
1731	0.0000000
1732	0.0000000
1733	0.0000000
1734	-0.0000000
1735	-0.0000017
1736	-0.0000486
1737	-0.0004993
1738	-0.0009898
1739	-0.0012740
1740	-0.0015160
1741	-0.0016415
1742	-0.0017391
1743	-0.0015579
1744	-0.0012479
1745	-0.0010562
1746	-0.0007311
1747	-0.0001715
1748	-0.0000121
1749	-0.0000009
1750	-0.0000009
1751	-0.0000008
1752	0.0000000
1753	0.0000000
1754	0.0000000
1755	0.0000000
1756	0.0000000
1757	0.0000000
1758	0.0000000
1759	0.0000000
1760	-0.0000005
1761	-0.0000105
1762	-0.0000865
1763	-0.0006377
1764	-0.0012067
1765	-0.0014374
1766	-0.0015365
1767	-0.0015082
1768	-0.0013541
1769	-0.0011207
1770	-0.0005964
1771	-0.0001391
1772	-0.0000346
1773	-0.0000009
1774	-0.0000000
1775	-0.0000006
1776	0.0000000
1777	0.0000000
1778	0.0000000
1779	0.0000000
1780	0.0000000
1781	0.0000000
1782	0.0000000
1783	-0.0000007
1784	-0.0000125
1785	-0.0000491
1786	-0.0000005
1787	-0.0000009
1788	-0.0001780
1789	-0.0008112
1790	-0.0010413
1791	-0.0010021
1792	-0.0006132
1793	-0.0007759
1794	-0.0004836
1795	-0.0000843
1796	-0.0000025
1797	-0.0000000
1798	0.0000000
1799	0.0000000
1800	0.0000000
1801	0.0000000
1802	0.0000000
1803	0.0000000
1804	0.0000000
1805	0.0000000
1806	0.0000000
1807	-0.0000001
1808	-0.0000046
1809	-0.0000617
1810	-0.0001673
1811	-0.0003161
1812	-0.0003897
1813	-0.0001277
1814	-0.0001292
1815	-0.0003474
1816	-0.0005944
1817	-0.0007328
1818	-0.0004569
1819	-0.0001071
1820	-0.0000093
1821	-0.0000022
1822	-0.0000016
1823	0.0000000
1824	0.0000000
1825	0.0000000
1826	0.0000000
1827	0.0000000
1828	0.0000000
1829	-0.0000000
1830	-0.0000000
1831	-0.0000016
1832	-0.0000239
1833	-0.0001447
1834	-0.0003691
1835	-0.0008150
1836	-0.0011510
1837	-0.0013667
1838	-0.0014725
1839	-0.0015056
1840	-0.0013284
1841	-0.0009499
1842	-0.0003798
1843	-0.0000975
1844	-0.0000127
1845	-0.0000023
1846	-0.0000025
1847	-0.0000017
1848	0.0000000
1849	0.0000000
1850	0.0000000
1851	0.0000000
1852	0.0000000
1853	0.0000000
1854	0.0000000
1855	-0.0000002
1856	-0.0000219
1857	-0.0000829
1858	-0.0002250
1859	-0.0004736
1860	-0.0004723
1861	-0.0004765
1862	-0.0005174
1863	-0.0004910
1864	-0.0004888
1865	-0.0004173
1866	-0.0002278
1867	-0.0000777
1868	-0.0000077
1869	-0.0000021
1870	-0.0000026
1871	-0.0000028
1872	0.0000000
1873	0.0000000
1874	0.0000000
1875	0.0000000
1876	0.0000000
1877	0.0000000
1878	0.0000000
1879	-0.0000003
1880	-0.0000060
1881	-0.0000845
1882	-0.0003931
1883	-0.0008836
1884	-0.0009106
1885	-0.0011190
1886	-0.0014042
1887	-0.0015013
1888	-0.0011439
1889	-0.0011142
1890	-0.0006431
1891	-0.0001291
1892	-0.0000061
1893	-0.0000005
1894	-0.0000037
1895	-0.0000000
1896	0.0000000
1897	0.0000000
1898	0.0000000
1899	0.0000000
1900	0.0000000
1901	-0.0000000
1902	-0.0000000
1903	-0.0000079
1904	-0.0001312
1905	-0.0004874
1906	-0.0007742
1907	-0.0009030
1908	-0.0009473
1909	-0.0009780
1910	-0.0011014
1911	-0.0007712
1912	-0.0006976
1913	-0.0006076
1914	-0.0005044
1915	-0.0001618
1916	-0.0000173
1917	-0.0000041
1918	-0.0000028
1919	-0.0000019
1920	0.0000000
1921	0.0000000
1922	0.0000000
1923	0.0000000
1924	0.0000000
1925	0.0000000
1926	0.0000000
1927	-0.0000000
1928	-0.0000063
1929	-0.0002228
1930	-0.0007705
1931	-0.0009820
1932	-0.0009840
1933	-0.0013330
1934	-0.0014775
1935	-0.0014532
1936	-0.0012915
1937	-0.0010918
1938	-0.0006523
1939	-0.0002159
1940	-0.0000399
1941	-0.0000031
1942	-0.0000027
1943	-0.0000011
1944	0.0000000
1945	0.0000000
1946	0.0000000
1947	0.0000000
1948	0.0000000
1949	0.0000000
1950	-0.0000000
1951	-0.0000013
1952	-0.0000314
1953	-0.0004539
1954	-0.0009448
1955	-0.0012454
1956	-0.0014192
1957	-0.0016548
1958	-0.0017670
1959	-0.0017340
1960	-0.0015862
1961	-0.0012917
1962	-0.0008038
1963	-0.0002360
1964	-0.0000234
1965	-0.0000026
1966	-0.0000037
1967	-0.0000000
1968	0.0000000
1969	0.0000000
1970	0.0000000
1971	0.0000000
1972	0.0000000
1973	-0.0000000
1974	-0.0000001
1975	-0.0000046
1976	-0.0001144
1977	-0.0007215
1978	-0.0012040
1979	-0.0016179
1980	-0.0019530
1981	-0.0020430
1982	-0.0020697
1983	-0.0019991
1984	-0.0018447
1985	-0.0014315
1986	-0.0008775
1987	-0.0003216
1988	-0.0000197
1989	-0.0000024
1990	-0.0000000
