TIME_UNITS h
DATA_UNITS kg/s
0	-0.0000017
1	-0.0000044
2	-0.0000053
3	-0.0000026
4	-0.0000016
5	-0.0000007
6	-0.0000078
7	-0.0001057
8	-0.0006465
9	-0.0013393
10	-0.0021352
11	-0.0029548
12	-0.0032628
13	-0.0035009
14	-0.0037345
15	-0.0038178
16	-0.0037322
17	-0.0033751
18	-0.0027565
19	-0.0017428
20	-0.0006027
21	-0.0000678
22	-0.0000066
23	-0.0000031
24	-0.0000034
25	-0.0000024
26	-0.0000011
27	-0.0000010
28	0.0000000
29	0.0000000
30	0.0000000
31	0.0000000
32	-0.0004821
33	-0.0015605
34	-0.0027409
35	-0.0036166
36	-0.0039897
37	-0.0041805
38	-0.0037889
39	-0.0030109
40	-0.0025798
41	-0.0010854
42	-0.0005208
43	-0.0003812
44	-0.0000989
45	-0.0000004
46	0.0000000
47	0.0000000
48	0.0000000
49	0.0000000
50	0.0000000
51	0.0000000
52	0.0000000
53	0.0000000
54	0.0000000
55	0.0000000
56	0.0000000
57	-0.0000001
58	-0.0000260
59	-0.0003589
60	-0.0023857
61	-0.0025613
62	-0.0037089
63	-0.0036902
64	-0.0000031
65	0.0000000
66	-0.0000647
67	-0.0002917
68	-0.0000945
69	-0.0000033
70	-0.0000000
71	-0.0000026
72	-0.0000016
73	-0.0000019
74	-0.0000006
75	-0.0000002
76	-0.0000017
77	-0.0000016
78	-0.0000458
79	-0.0003606
80	-0.0003843
81	-0.0007253
82	-0.0012398
83	-0.0015778
84	-0.0016861
85	-0.0023786
86	-0.0029546
87	-0.0031075
88	-0.0024984
89	-0.0024063
90	-0.0017437
91	-0.0007747
92	-0.0002562
93	-0.0000218
94	-0.0000041
95	0.0000000
96	0.0000000
97	0.0000000
98	0.0000000
99	0.0000000
100	0.0000000
101	0.0000000
102	0.0000000
103	-0.0000680
104	-0.0006306
105	-0.0019778
106	-0.0028906
107	-0.0038283
108	-0.0036474
109	-0.0032406
110	-0.0023128
111	-0.0000094
112	0.0000000
113	-0.0000193
114	-0.0001299
115	-0.0000003
116	-0.0000000
117	0.0000000
118	0.0000000
119	0.0000000
120	0.0000000
121	-0.0000000
122	0.0000000
123	-0.0000001
124	-0.0000004
125	-0.0000003
126	-0.0000021
127	0.0000000
128	-0.0000264
129	-0.0001883
130	-0.0003943
131	-0.0005560
132	-0.0007734
133	-0.0007684
134	-0.0006832
135	-0.0006376
136	-0.0010719
137	-0.0013342
138	-0.0012015
139	-0.0008842
140	-0.0001591
141	-0.0000045
142	0.0000000
143	0.0000000
144	0.0000000
145	0.0000000
146	-0.0000000
147	-0.0000001
148	-0.0000002
149	0.0000000
150	-0.0000006
151	-0.0000912
152	-0.0003965
153	-0.0018556
154	-0.0032476
155	-0.0035924
156	-0.0047579
157	-0.0031504
158	-0.0033741
159	-0.0028107
160	-0.0018051
161	-0.0016236
162	-0.0014853
163	-0.0006876
164	-0.0002671
165	-0.0000465
166	-0.0000100
167	-0.0000077
168	0.0000000
169	0.0000000
170	0.0000000
171	0.0000000
172	-0.0000000
173	-0.0000001
174	-0.0000116
175	-0.0000838
176	-0.0003079
177	-0.0005906
178	-0.0006418
179	-0.0012548
180	-0.0023454
181	-0.0025997
182	-0.0025317
183	-0.0021498
184	-0.0008445
185	-0.0010117
186	-0.0012806
187	-0.0009209
188	-0.0001850
189	-0.0000006
190	0.0000000
191	0.0000000
192	0.0000000
193	0.0000000
194	0.0000000
195	0.0000000
196	0.0000000
197	-0.0000000
198	-0.0000002
199	-0.0000427
200	-0.0002380
201	-0.0006638
202	-0.0010522
203	-0.0017836
204	-0.0021697
205	-0.0018747
206	-0.0017801
207	-0.0018523
208	-0.0006846
209	-0.0011337
210	-0.0009457
211	-0.0000137
212	-0.0000009
213	-0.0000000
214	-0.0000000
215	0.0000000
216	0.0000000
217	0.0000000
218	0.0000000
219	0.0000000
220	0.0000000
221	0.0000000
222	0.0000000
223	-0.0000002
224	-0.0000010
225	-0.0000057
226	-0.0000006
227	-0.0000018
228	-0.0000079
229	-0.0001020
230	-0.0003218
231	-0.0005216
232	-0.0009042
233	-0.0010909
234	-0.0007951
235	-0.0004376
236	-0.0000906
237	0.0000000
238	0.0000000
239	0.0000000
240	0.0000000
241	0.0000000
242	0.0000000
243	0.0000000
244	0.0000000
245	0.0000000
246	0.0000000
247	-0.0000013
248	-0.0003796
249	-0.0015489
250	-0.0029815
251	-0.0037484
252	-0.0044250
253	-0.0049340
254	-0.0050721
255	-0.0049427
256	-0.0043026
257	-0.0038829
258	-0.0030645
259	-0.0019187
260	-0.0004782
261	-0.0000229
262	-0.0000027
263	0.0000000
264	0.0000000
265	0.0000000
266	0.0000000
267	0.0000000
268	0.0000000
269	-0.0000000
270	-0.0000003
271	-0.0000514
272	-0.0006654
273	-0.0012171
274	-0.0018485
275	-0.0032596
276	-0.0050084
277	-0.0052208
278	-0.0052598
279	-0.0054253
280	-0.0047418
281	-0.0043780
282	-0.0032478
283	-0.0015403
284	-0.0004376
285	-0.0000911
286	-0.0000284
287	-0.0000000
288	0.0000000
289	0.0000000
290	0.0000000
291	0.0000000
292	0.0000000
293	-0.0000000
294	-0.0000032
295	-0.0001673
296	-0.0015286
297	-0.0025336
298	-0.0037977
299	-0.0045141
300	-0.0049017
301	-0.0048975
302	-0.0041860
303	-0.0039331
304	-0.0041934
305	-0.0020588
306	-0.0023993
307	-0.0012428
308	-0.0003608
309	-0.0000097
310	0.0000000
311	0.0000000
312	0.0000000
313	0.0000000
314	0.0000000
315	0.0000000
316	0.0000000
317	0.0000000
318	0.0000000
319	-0.0000375
320	-0.0003727
321	-0.0013646
322	-0.0028824
323	-0.0038741
324	-0.0044480
325	-0.0048370
326	-0.0048372
327	-0.0048021
328	-0.0045465
329	-0.0037739
330	-0.0028210
331	-0.0015113
332	-0.0004654
333	-0.0000399
334	0.0000000
335	0.0000000
336	0.0000000
337	0.0000000
338	0.0000000
339	0.0000000
340	0.0000000
341	0.0000000
342	0.0000000
343	-0.0000659
344	-0.0005375
345	-0.0014027
346	-0.0025870
347	-0.0038344
348	-0.0046688
349	-0.0051130
350	-0.0052779
351	-0.0052281
352	-0.0048583
353	-0.0038406
354	-0.0021347
355	-0.0014518
356	-0.0004166
357	-0.0000453
358	-0.0000111
359	-0.0000001
360	0.0000000
361	0.0000000
362	0.0000000
363	0.0000000
364	0.0000000
365	0.0000000
366	0.0000000
367	0.0000000
368	0.0000000
369	-0.0000142
370	-0.0002288
371	-0.0014432
372	-0.0016594
373	-0.0016346
374	-0.0011797
375	-0.0020807
376	-0.0024749
377	-0.0027042
378	-0.0023112
379	-0.0013157
380	-0.0003007
381	-0.0000171
382	-0.0000028
383	-0.0000000
384	0.0000000
385	0.0000000
386	0.0000000
387	0.0000000
388	0.0000000
389	0.0000000
390	0.0000000
391	-0.0000261
392	-0.0001872
393	-0.0000895
394	-0.0001169
395	-0.0002560
396	-0.0006032
397	-0.0005982
398	-0.0001957
399	-0.0002420
400	-0.0010113
401	-0.0028721
402	-0.0025089
403	-0.0016494
404	-0.0003871
405	-0.0000150
406	-0.0000080
407	-0.0000006
408	0.0000000
409	0.0000000
410	0.0000000
411	0.0000000
412	0.0000000
413	0.0000000
414	0.0000000
415	-0.0000130
416	-0.0002275
417	-0.0007312
418	-0.0011104
419	-0.0014433
420	-0.0016304
421	-0.0019294
422	-0.0021388
423	-0.0027117
424	-0.0031348
425	-0.0028078
426	-0.0021643
427	-0.0015897
428	-0.0006067
429	-0.0000180
430	-0.0000021
431	-0.0000008
432	0.0000000
433	0.0000000
434	0.0000000
435	0.0000000
436	0.0000000
437	0.0000000
438	0.0000000
439	-0.0000007
440	-0.0000027
441	-0.0000217
442	-0.0000172
443	-0.0000000
444	0.0000000
445	0.0000000
446	-0.0004745
447	-0.0028388
448	-0.0012124
449	-0.0000026
450	0.0000000
451	0.0000000
452	0.0000000
453	-0.0000000
454	-0.0000000
455	-0.0000005
456	-0.0000012
457	0.0000000
458	0.0000000
459	0.0000000
460	0.0000000
461	0.0000000
462	-0.0000008
463	-0.0000275
464	-0.0001294
465	-0.0003303
466	-0.0007480
467	-0.0011808
468	-0.0010615
469	-0.0010160
470	-0.0014869
471	-0.0007722
472	-0.0019060
473	-0.0019940
474	-0.0017409
475	-0.0010979
476	-0.0001588
477	-0.0000001
478	0.0000000
479	-0.0000028
480	0.0000000
481	0.0000000
482	0.0000000
483	0.0000000
484	0.0000000
485	0.0000000
486	-0.0000008
487	-0.0000097
488	-0.0000155
489	-0.0000018
490	-0.0000143
491	-0.0002588
492	-0.0004610
493	-0.0011689
494	-0.0015898
495	-0.0016133
496	-0.0020308
497	-0.0020847
498	-0.0019409
499	-0.0013659
500	-0.0006854
501	-0.0000605
502	-0.0000010
503	-0.0000023
504	-0.0000065
505	-0.0000026
506	-0.0000065
507	-0.0000119
508	-0.0000150
509	-0.0000129
510	-0.0002230
511	-0.0004167
512	-0.0007783
513	-0.0000082
514	0.0000000
515	-0.0001562
516	-0.0008912
517	-0.0019783
518	-0.0025469
519	-0.0025312
520	-0.0023131
521	-0.0022560
522	-0.0023016
523	-0.0018045
524	-0.0009290
525	-0.0000941
526	-0.0000068
527	-0.0000000
528	0.0000000
529	0.0000000
530	0.0000000
531	0.0000000
532	0.0000000
533	0.0000000
534	-0.0000003
535	-0.0000066
536	-0.0002967
537	-0.0014528
538	-0.0018682
539	-0.0020835
540	-0.0017943
541	-0.0025320
542	-0.0029867
543	-0.0029410
544	-0.0025786
545	-0.0022649
546	-0.0020286
547	-0.0015519
548	-0.0007637
549	-0.0001007
550	-0.0000091
551	-0.0000000
552	0.0000000
553	0.0000000
554	0.0000000
555	0.0000000
556	0.0000000
557	0.0000000
558	-0.0000000
559	-0.0000085
560	-0.0003872
561	-0.0016572
562	-0.0023372
563	-0.0023011
564	-0.0026386
565	-0.0033160
566	-0.0035758
567	-0.0037514
568	-0.0036808
569	-0.0033225
570	-0.0027735
571	-0.0019982
572	-0.0007280
573	-0.0001477
574	-0.0000000
575	0.0000000
576	0.0000000
577	0.0000000
578	0.0000000
579	0.0000000
580	-0.0000000
581	-0.0000000
582	-0.0000005
583	-0.0000234
584	-0.0004283
585	-0.0019311
586	-0.0029587
587	-0.0037766
588	-0.0044811
589	-0.0047512
590	-0.0047562
591	-0.0046879
592	-0.0040294
593	-0.0036438
594	-0.0028660
595	-0.0020962
596	-0.0005156
597	-0.0000500
598	-0.0000097
599	0.0000000
600	0.0000000
601	0.0000000
602	0.0000000
603	0.0000000
604	0.0000000
605	-0.0000000
606	-0.0000037
607	-0.0001013
608	-0.0010687
609	-0.0028918
610	-0.0038605
611	-0.0046029
612	-0.0051650
613	-0.0055559
614	-0.0058047
615	-0.0057776
616	-0.0055260
617	-0.0046664
618	-0.0032173
619	-0.0017367
620	-0.0005386
621	-0.0001116
622	-0.0000179
623	-0.0000248
624	-0.0000000
625	0.0000000
626	0.0000000
627	0.0000000
628	0.0000000
629	0.0000000
630	-0.0000010
631	-0.0000539
632	-0.0014468
633	-0.0033526
634	-0.0042842
635	-0.0051671
636	-0.0056444
637	-0.0059114
638	-0.0059548
639	-0.0060816
640	-0.0059800
641	-0.0051337
642	-0.0032685
643	-0.0019417
644	-0.0006969
645	-0.0001481
646	-0.0000319
647	-0.0000363
648	-0.0000000
649	0.0000000
650	0.0000000
651	0.0000000
652	0.0000000
653	-0.0000001
654	-0.0000030
655	-0.0001481
656	-0.0015664
657	-0.0035237
658	-0.0046512
659	-0.0050796
660	-0.0057983
661	-0.0065101
662	-0.0065555
663	-0.0063320
664	-0.0065271
665	-0.0056075
666	-0.0040141
667	-0.0027314
668	-0.0008257
669	-0.0001004
670	-0.0000327
671	-0.0000233
672	-0.0000000
673	0.0000000
674	0.0000000
675	0.0000000
676	0.0000000
677	0.0000000
678	0.0000000
679	-0.0000014
680	-0.0000011
681	-0.0000021
682	-0.0000989
683	-0.0008209
684	-0.0000926
685	-0.0002530
686	-0.0009130
687	-0.0016011
688	-0.0023288
689	-0.0017340
690	-0.0010586
691	-0.0004352
692	-0.0000457
693	-0.0000267
694	-0.0000000
695	0.0000000
696	0.0000000
697	0.0000000
698	0.0000000
699	0.0000000
700	-0.0000001
701	-0.0000001
702	-0.0000003
703	-0.0000015
704	-0.0003337
705	-0.0010562
706	-0.0011138
707	-0.0024998
708	-0.0028640
709	-0.0032671
710	-0.0024800
711	-0.0028297
712	-0.0036745
713	-0.0032005
714	-0.0024278
715	-0.0008318
716	-0.0001086
717	-0.0000133
718	-0.0000057
719	0.0000000
720	0.0000000
721	0.0000000
722	0.0000000
723	0.0000000
724	0.0000000
725	0.0000000
726	-0.0000008
727	-0.0000336
728	-0.0004547
729	-0.0009731
730	-0.0017515
731	-0.0037710
732	-0.0047125
733	-0.0048323
734	-0.0035271
735	-0.0036188
736	-0.0049101
737	-0.0038920
738	-0.0028657
739	-0.0014211
740	-0.0001849
741	-0.0000301
742	-0.0000076
743	0.0000000
744	0.0000000
745	0.0000000
746	0.0000000
747	0.0000000
748	0.0000000
749	-0.0000001
750	-0.0000006
751	-0.0000086
752	-0.0000348
753	-0.0000031
754	-0.0000035
755	-0.0005658
756	-0.0015893
757	-0.0025390
758	-0.0029125
759	-0.0035323
760	-0.0036241
761	-0.0039345
762	-0.0029711
763	-0.0018501
764	-0.0006318
765	-0.0000194
766	-0.0000091
767	0.0000000
768	0.0000000
769	0.0000000
770	0.0000000
771	0.0000000
772	0.0000000
773	0.0000000
774	0.0000000
775	-0.0000061
776	-0.0002830
777	-0.0009769
778	-0.0024288
779	-0.0036828
780	-0.0047042
781	-0.0046359
782	-0.0047251
783	-0.0048755
784	-0.0046534
785	-0.0045236
786	-0.0034320
787	-0.0020518
788	-0.0004762
789	-0.0001015
790	-0.0000129
791	0.0000000
792	0.0000000
793	0.0000000
794	0.0000000
795	0.0000000
796	0.0000000
797	0.0000000
798	0.0000000
799	-0.0000001
800	-0.0004050
801	-0.0018847
802	-0.0035678
803	-0.0046539
804	-0.0054814
805	-0.0057491
806	-0.0059307
807	-0.0058082
808	-0.0054126
809	-0.0045676
810	-0.0032169
811	-0.0012143
812	-0.0000291
813	-0.0000126
814	-0.0000124
815	-0.0000118
816	0.0000000
817	0.0000000
818	0.0000000
819	0.0000000
820	0.0000000
821	0.0000000
822	-0.0000003
823	-0.0000371
824	-0.0006364
825	-0.0029280
826	-0.0039807
827	-0.0048072
828	-0.0055833
829	-0.0061416
830	-0.0063020
831	-0.0061035
832	-0.0051881
833	-0.0037106
834	-0.0020698
835	-0.0008298
836	-0.0004160
837	-0.0000221
838	-0.0000053
839	-0.0000002
840	0.0000000
841	0.0000000
842	0.0000000
843	0.0000000
844	0.0000000
845	0.0000000
846	0.0000000
847	-0.0000517
848	-0.0002663
849	-0.0008653
850	-0.0024762
851	-0.0037050
852	-0.0043934
853	-0.0040846
854	-0.0037721
855	-0.0032822
856	-0.0037305
857	-0.0039876
858	-0.0033486
859	-0.0025215
860	-0.0010753
861	-0.0000915
862	-0.0000000
863	0.0000000
864	0.0000000
865	0.0000000
866	0.0000000
867	0.0000000
868	0.0000000
869	-0.0000000
870	-0.0000019
871	-0.0000186
872	-0.0001096
873	-0.0012351
874	-0.0029414
875	-0.0041749
876	-0.0052614
877	-0.0055409
878	-0.0056778
879	-0.0055841
880	-0.0052699
881	-0.0041525
882	-0.0023556
883	-0.0019028
884	-0.0002763
885	-0.0000267
886	-0.0000043
887	-0.0000032
888	0.0000000
889	0.0000000
890	0.0000000
891	0.0000000
892	0.0000000
893	0.0000000
894	0.0000000
895	0.0000000
896	-0.0002146
897	-0.0016484
898	-0.0036559
899	-0.0045426
900	-0.0054355
901	-0.0058430
902	-0.0061663
903	-0.0059807
904	-0.0040063
905	-0.0023924
906	-0.0020594
907	-0.0013073
908	-0.0001372
909	-0.0000848
910	-0.0000255
911	-0.0000229
912	-0.0000000
913	0.0000000
914	0.0000000
915	0.0000000
916	0.0000000
917	0.0000000
918	0.0000000
919	-0.0000025
920	-0.0000890
921	-0.0000364
922	-0.0002276
923	-0.0009821
924	-0.0000556
925	-0.0000455
926	-0.0005680
927	-0.0019435
928	-0.0028666
929	-0.0036873
930	-0.0031393
931	-0.0019874
932	-0.0005692
933	-0.0000489
934	-0.0000096
935	-0.0000061
936	0.0000000
937	0.0000000
938	0.0000000
939	0.0000000
940	0.0000000
941	0.0000000
942	-0.0000001
943	-0.0000154
944	-0.0004123
945	-0.0024412
946	-0.0034310
947	-0.0043702
948	-0.0050855
949	-0.0051781
950	-0.0053417
951	-0.0053891
952	-0.0050753
953	-0.0044166
954	-0.0035315
955	-0.0018801
956	-0.0007078
957	-0.0000562
958	-0.0000138
959	-0.0000082
960	-0.0000000
961	0.0000000
962	0.0000000
963	0.0000000
964	0.0000000
965	0.0000000
966	-0.0000000
967	-0.0000152
968	-0.0005321
969	-0.0025944
970	-0.0036185
971	-0.0043166
972	-0.0043729
973	-0.0037039
974	-0.0041356
975	-0.0044776
976	-0.0040620
977	-0.0037248
978	-0.0027941
979	-0.0017642
980	-0.0002955
981	-0.0000268
982	-0.0000035
983	-0.0000010
984	0.0000000
985	0.0000000
986	0.0000000
987	0.0000000
988	0.0000000
989	0.0000000
990	0.0000000
991	0.0000000
992	-0.0000001
993	-0.0001452
994	-0.0003922
995	-0.0002456
996	-0.0001486
997	-0.0002222
998	-0.0011552
999	-0.0012273
1000	-0.0005126
1001	-0.0001138
1002	-0.0000204
1003	-0.0000098
1004	-0.0000008
1005	0.0000000
1006	0.0000000
1007	0.0000000
1008	0.0000000
1009	0.0000000
1010	0.0000000
1011	0.0000000
1012	0.0000000
1013	0.0000000
1014	0.0000000
1015	-0.0000064
1016	-0.0000791
1017	-0.0005557
1018	-0.0024995
1019	-0.0032506
1020	-0.0041981
1021	-0.0042327
1022	-0.0041684
1023	-0.0043591
1024	-0.0037617
1025	-0.0023519
1026	-0.0011783
1027	-0.0003897
1028	-0.0001524
1029	-0.0000066
1030	0.0000000
1031	0.0000000
1032	0.0000000
1033	0.0000000
1034	0.0000000
1035	0.0000000
1036	0.0000000
1037	0.0000000
1038	0.0000000
1039	-0.0000014
1040	-0.0001433
1041	-0.0009439
1042	-0.0027144
1043	-0.0039274
1044	-0.0013166
1045	-0.0038652
1046	-0.0036428
1047	-0.0033512
1048	-0.0022709
1049	-0.0023426
1050	-0.0018093
1051	-0.0006792
1052	-0.0001473
1053	-0.0000008
1054	-0.0000001
1055	-0.0000001
1056	0.0000000
1057	0.0000000
1058	0.0000000
1059	0.0000000
1060	0.0000000
1061	0.0000000
1062	-0.0000002
1063	-0.0000308
1064	-0.0002696
1065	-0.0010664
1066	-0.0031369
1067	-0.0041039
1068	-0.0043715
1069	-0.0050028
1070	-0.0051765
1071	-0.0051159
1072	-0.0048845
1073	-0.0041664
1074	-0.0032454
1075	-0.0017855
1076	-0.0005568
1077	-0.0000375
1078	-0.0000016
1079	0.0000000
1080	0.0000000
1081	0.0000000
1082	0.0000000
1083	0.0000000
1084	0.0000000
1085	0.0000000
1086	0.0000000
1087	-0.0000049
1088	-0.0001996
1089	-0.0004908
1090	-0.0007954
1091	-0.0012619
1092	-0.0009933
1093	-0.0018937
1094	-0.0022178
1095	-0.0016872
1096	-0.0015491
1097	-0.0006983
1098	-0.0000387
1099	-0.0000039
1100	0.0000000
1101	0.0000000
1102	0.0000000
1103	0.0000000
1104	0.0000000
1105	0.0000000
1106	0.0000000
1107	0.0000000
1108	0.0000000
1109	0.0000000
1110	-0.0000000
1111	-0.0000108
1112	-0.0001099
1113	-0.0003414
1114	-0.0005366
1115	-0.0011905
1116	-0.0015680
1117	-0.0011212
1118	-0.0018341
1119	-0.0035758
1120	-0.0037371
1121	-0.0028535
1122	-0.0015087
1123	-0.0009839
1124	-0.0000458
1125	-0.0000240
1126	-0.0000000
1127	0.0000000
1128	0.0000000
1129	0.0000000
1130	0.0000000
1131	0.0000000
1132	0.0000000
1133	0.0000000
1134	0.0000000
1135	-0.0000024
1136	-0.0000301
1137	-0.0007087
1138	-0.0017404
1139	-0.0017024
1140	-0.0008426
1141	-0.0016999
1142	-0.0019083
1143	-0.0015252
1144	-0.0017499
1145	-0.0000341
1146	-0.0000511
1147	-0.0000481
1148	-0.0000030
1149	0.0000000
1150	0.0000000
1151	-0.0000007
1152	0.0000000
1153	0.0000000
1154	0.0000000
1155	0.0000000
1156	0.0000000
1157	0.0000000
1158	0.0000000
1159	-0.0000142
1160	-0.0001691
1161	-0.0008482
1162	-0.0023668
1163	-0.0038614
1164	-0.0045982
1165	-0.0051262
1166	-0.0052430
1167	-0.0049938
1168	-0.0047662
1169	-0.0040957
1170	-0.0030750
1171	-0.0018410
1172	-0.0005176
1173	-0.0000043
1174	0.0000000
1175	0.0000000
1176	0.0000000
1177	0.0000000
1178	0.0000000
1179	0.0000000
1180	0.0000000
1181	0.0000000
1182	0.0000000
1183	-0.0000008
1184	-0.0001666
1185	-0.0013372
1186	-0.0033540
1187	-0.0043971
1188	-0.0052800
1189	-0.0056339
1190	-0.0060746
1191	-0.0059502
1192	-0.0053671
1193	-0.0044376
1194	-0.0028651
1195	-0.0014749
1196	-0.0004544
1197	-0.0000331
1198	-0.0000056
1199	-0.0000000
1200	0.0000000
1201	0.0000000
1202	0.0000000
1203	0.0000000
1204	0.0000000
1205	-0.0000000
1206	-0.0000007
1207	-0.0000391
1208	-0.0006403
1209	-0.0023616
1210	-0.0034881
1211	-0.0045228
1212	-0.0052650
1213	-0.0058701
1214	-0.0061455
1215	-0.0055869
1216	-0.0052413
1217	-0.0032665
1218	-0.0020685
1219	-0.0015767
1220	-0.0005809
1221	-0.0000267
1222	-0.0000251
1223	-0.0000236
1224	-0.0000000
1225	0.0000000
1226	0.0000000
1227	0.0000000
1228	0.0000000
1229	0.0000000
1230	-0.0000003
1231	-0.0000275
1232	-0.0001003
1233	-0.0004617
1234	-0.0006195
1235	-0.0027933
1236	-0.0040364
1237	-0.0036956
1238	-0.0051528
1239	-0.0049760
1240	-0.0047166
1241	-0.0038577
1242	-0.0031329
1243	-0.0020605
1244	-0.0006379
1245	-0.0000422
1246	-0.0000106
1247	0.0000000
1248	0.0000000
1249	0.0000000
1250	0.0000000
1251	0.0000000
1252	0.0000000
1253	0.0000000
1254	0.0000000
1255	-0.0000013
1256	-0.0002246
1257	-0.0015272
1258	-0.0031239
1259	-0.0039724
1260	-0.0046328
1261	-0.0048910
1262	-0.0045892
1263	-0.0047045
1264	-0.0045623
1265	-0.0040123
1266	-0.0030711
1267	-0.0016149
1268	-0.0002991
1269	-0.0000122
1270	-0.0000121
1271	-0.0000117
1272	0.0000000
1273	0.0000000
1274	0.0000000
1275	0.0000000
1276	0.0000000
1277	0.0000000
1278	0.0000000
1279	-0.0000003
1280	-0.0002683
1281	-0.0012393
1282	-0.0027162
1283	-0.0035658
1284	-0.0040051
1285	-0.0038429
1286	-0.0038741
1287	-0.0033173
1288	-0.0038229
1289	-0.0031366
1290	-0.0026878
1291	-0.0013457
1292	-0.0003116
1293	-0.0000105
1294	-0.0000063
1295	-0.0000054
1296	0.0000000
1297	0.0000000
1298	0.0000000
1299	0.0000000
1300	0.0000000
1301	0.0000000
1302	-0.0000000
1303	-0.0000000
1304	-0.0000003
1305	-0.0001893
1306	-0.0005661
1307	-0.0009606
1308	-0.0018120
1309	-0.0010029
1310	-0.0004886
1311	-0.0007323
1312	-0.0007004
1313	-0.0007075
1314	-0.0007074
1315	-0.0002115
1316	-0.0000845
1317	-0.0000000
1318	0.0000000
1319	0.0000000
1320	0.0000000
1321	0.0000000
1322	0.0000000
1323	0.0000000
1324	0.0000000
1325	0.0000000
1326	-0.0000000
1327	-0.0000041
1328	-0.0000721
1329	-0.0007648
1330	-0.0014813
1331	-0.0028664
1332	-0.0027682
1333	-0.0034377
1334	-0.0026187
1335	-0.0004897
1336	-0.0011857
1337	-0.0028637
1338	-0.0018207
1339	-0.0008943
1340	-0.0001359
1341	-0.0000018
1342	0.0000000
1343	0.0000000
1344	0.0000000
1345	0.0000000
1346	0.0000000
1347	0.0000000
1348	0.0000000
1349	0.0000000
1350	-0.0000013
1351	-0.0000267
1352	-0.0000051
1353	-0.0000182
1354	-0.0001244
1355	-0.0004371
1356	-0.0002683
1357	-0.0000122
1358	0.0000000
1359	0.0000000
1360	-0.0000618
1361	-0.0004202
1362	-0.0010693
1363	-0.0005699
1364	-0.0000325
1365	-0.0000026
1366	-0.0000030
1367	0.0000000
1368	0.0000000
1369	0.0000000
1370	0.0000000
1371	0.0000000
1372	0.0000000
1373	-0.0000000
1374	-0.0000010
1375	-0.0000320
1376	-0.0000919
1377	-0.0004152
1378	-0.0016551
1379	-0.0029622
1380	-0.0021707
1381	-0.0032083
1382	-0.0013446
1383	-0.0033335
1384	-0.0039350
1385	-0.0036940
1386	-0.0026355
1387	-0.0012724
1388	-0.0000266
1389	0.0000000
1390	0.0000000
1391	0.0000000
1392	0.0000000
1393	0.0000000
1394	0.0000000
1395	0.0000000
1396	0.0000000
1397	-0.0000000
1398	-0.0000003
1399	-0.0000370
1400	-0.0002871
1401	-0.0018973
1402	-0.0033925
1403	-0.0046188
1404	-0.0048547
1405	-0.0048679
1406	-0.0036925
1407	-0.0042165
1408	-0.0042794
1409	-0.0039289
1410	-0.0028584
1411	-0.0015438
1412	-0.0003101
1413	-0.0000103
1414	-0.0000038
1415	0.0000000
1416	0.0000000
1417	0.0000000
1418	0.0000000
1419	0.0000000
1420	0.0000000
1421	0.0000000
1422	-0.0000000
1423	-0.0000120
1424	-0.0004444
1425	-0.0021331
1426	-0.0031756
1427	-0.0037722
1428	-0.0039494
1429	-0.0039015
1430	-0.0040239
1431	-0.0000030
1432	0.0000000
1433	-0.0004226
1434	-0.0025617
1435	-0.0017841
1436	-0.0004685
1437	-0.0000143
1438	-0.0000111
1439	-0.0000102
1440	0.0000000
1441	0.0000000
1442	0.0000000
1443	0.0000000
1444	0.0000000
1445	0.0000000
1446	-0.0000000
1447	-0.0000036
1448	-0.0001400
1449	-0.0010543
1450	-0.0029796
1451	-0.0035385
1452	-0.0039494
1453	-0.0038059
1454	-0.0042620
1455	-0.0041036
1456	-0.0037166
1457	-0.0032758
1458	-0.0026168
1459	-0.0016288
1460	-0.0003145
1461	-0.0000128
1462	-0.0000086
1463	-0.0000071
1464	0.0000000
1465	0.0000000
1466	0.0000000
1467	0.0000000
1468	0.0000000
1469	0.0000000
1470	-0.0000000
1471	-0.0000035
1472	-0.0001560
1473	-0.0009952
1474	-0.0025732
1475	-0.0032831
1476	-0.0040407
1477	-0.0045875
1478	-0.0047396
1479	-0.0048987
1480	-0.0040139
1481	-0.0026771
1482	-0.0022533
1483	-0.0007595
1484	-0.0001030
1485	-0.0000064
1486	-0.0000096
1487	-0.0000000
1488	0.0000000
1489	0.0000000
1490	0.0000000
1491	0.0000000
1492	0.0000000
1493	0.0000000
1494	0.0000000
1495	0.0000000
1496	0.0000000
1497	-0.0000296
1498	-0.0006742
1499	-0.0024053
1500	-0.0025219
1501	-0.0040109
1502	-0.0048648
1503	-0.0045674
1504	-0.0041981
1505	-0.0035170
1506	-0.0024780
1507	-0.0010063
1508	-0.0001102
1509	-0.0000008
1510	0.0000000
1511	0.0000000
1512	0.0000000
1513	0.0000000
1514	0.0000000
1515	0.0000000
1516	0.0000000
1517	0.0000000
1518	0.0000000
1519	-0.0000002
1520	-0.0000005
1521	0.0000000
1522	0.0000000
1523	0.0000000
1524	-0.0000320
1525	-0.0013012
1526	-0.0037624
1527	-0.0040486
1528	-0.0031781
1529	-0.0028610
1530	-0.0020507
1531	-0.0009413
1532	-0.0001051
1533	-0.0000015
1534	0.0000000
1535	0.0000000
1536	0.0000000
1537	0.0000000
1538	0.0000000
1539	0.0000000
1540	0.0000000
1541	0.0000000
1542	-0.0000000
1543	-0.0000128
1544	-0.0001720
1545	-0.0008739
1546	-0.0026208
1547	-0.0038403
1548	-0.0046771
1549	-0.0051671
1550	-0.0051467
1551	-0.0049114
1552	-0.0042400
1553	-0.0028782
1554	-0.0013998
1555	-0.0004869
1556	-0.0000142
1557	-0.0000033
1558	0.0000000
1559	0.0000000
1560	0.0000000
1561	0.0000000
1562	0.0000000
1563	0.0000000
1564	0.0000000
1565	0.0000000
1566	0.0000000
1567	-0.0000118
1568	-0.0002199
1569	-0.0010096
1570	-0.0025364
1571	-0.0038739
1572	-0.0028337
1573	-0.0015726
1574	-0.0015812
1575	-0.0014091
1576	-0.0010305
1577	-0.0005699
1578	-0.0002866
1579	-0.0001172
1580	-0.0000019
1581	-0.0000001
1582	-0.0000001
1583	0.0000000
1584	0.0000000
1585	0.0000000
1586	0.0000000
1587	0.0000000
1588	0.0000000
1589	0.0000000
1590	-0.0000000
1591	-0.0000146
1592	-0.0000972
1593	-0.0004552
1594	-0.0018375
1595	-0.0035754
1596	-0.0045144
1597	-0.0049901
1598	-0.0051378
1599	-0.0047829
1600	-0.0040425
1601	-0.0038618
1602	-0.0022281
1603	-0.0008635
1604	-0.0001473
1605	-0.0000029
1606	-0.0000001
1607	0.0000000
1608	0.0000000
1609	0.0000000
1610	0.0000000
1611	0.0000000
1612	0.0000000
1613	0.0000000
1614	-0.0000000
1615	-0.0000031
1616	-0.0003106
1617	-0.0015288
1618	-0.0029121
1619	-0.0039030
1620	-0.0046582
1621	-0.0050443
1622	-0.0032790
1623	-0.0028407
1624	-0.0038136
1625	-0.0032112
1626	-0.0021214
1627	-0.0010572
1628	-0.0000954
1629	-0.0000140
1630	-0.0000106
1631	-0.0000068
1632	-0.0000000
1633	0.0000000
1634	0.0000000
1635	0.0000000
1636	0.0000000
1637	0.0000000
1638	0.0000000
1639	0.0000000
1640	-0.0000064
1641	-0.0000004
1642	0.0000000
1643	-0.0002623
1644	-0.0026427
1645	-0.0043291
1646	-0.0045570
1647	-0.0041314
1648	-0.0043521
1649	-0.0037923
1650	-0.0026841
1651	-0.0011254
1652	-0.0002133
1653	-0.0000041
1654	-0.0000025
1655	-0.0000005
1656	0.0000000
1657	0.0000000
1658	0.0000000
1659	0.0000000
1660	0.0000000
1661	0.0000000
1662	0.0000000
1663	-0.0000003
1664	-0.0000947
1665	-0.0013881
1666	-0.0031127
1667	-0.0036853
1668	-0.0046318
1669	-0.0047337
1670	-0.0047323
1671	-0.0032517
1672	-0.0026327
1673	-0.0021208
1674	-0.0016658
1675	-0.0008701
1676	-0.0001056
1677	-0.0000139
1678	-0.0000009
1679	0.0000000
1680	0.0000000
1681	0.0000000
1682	0.0000000
1683	0.0000000
1684	0.0000000
1685	0.0000000
1686	-0.0000000
1687	-0.0000405
1688	-0.0009427
1689	-0.0019042
1690	-0.0024825
1691	-0.0025210
1692	-0.0030574
1693	-0.0028050
1694	-0.0032234
1695	-0.0036383
1696	-0.0030458
1697	-0.0033301
1698	-0.0025912
1699	-0.0000217
1700	0.0000000
1701	0.0000000
1702	0.0000000
1703	0.0000000
1704	0.0000000
1705	0.0000000
1706	0.0000000
1707	0.0000000
1708	0.0000000
1709	-0.0000000
1710	-0.0000001
1711	-0.0000185
1712	-0.0004296
1713	-0.0020607
1714	-0.0028788
1715	-0.0032047
1716	-0.0032959
1717	-0.0030551
1718	-0.0032967
1719	-0.0030734
1720	-0.0025957
1721	-0.0025484
1722	-0.0020191
1723	-0.0006418
1724	-0.0001219
1725	-0.0000069
1726	-0.0000064
1727	-0.0000071
1728	-0.0000000
1729	0.0000000
1730	0.0000000
1731	0.0000000
1732	0.0000000
1733	0.0000000
1734	-0.0000000
1735	-0.0000046
1736	-0.0001277
1737	-0.0013112
1738	-0.0025992
1739	-0.0033457
1740	-0.0039810
1741	-0.0043106
1742	-0.0045670
1743	-0.0040911
1744	-0.0032772
1745	-0.0027736
1746	-0.0019198
1747	-0.0004505
1748	-0.0000317
1749	-0.0000023
1750	-0.0000023
1751	-0.0000021
1752	0.0000000
1753	0.0000000
1754	0.0000000
1755	0.0000000
1756	0.0000000
1757	0.0000000
1758	0.0000000
1759	0.0000000
1760	-0.0000013
1761	-0.0000274
1762	-0.0002272
1763	-0.0016747
1764	-0.0031688
1765	-0.0037746
1766	-0.0040349
1767	-0.0039605
1768	-0.0035559
1769	-0.0029430
1770	-0.0015663
1771	-0.0003652
1772	-0.0000909
1773	-0.0000025
1774	-0.0000001
1775	-0.0000016
1776	0.0000000
1777	0.0000000
1778	0.0000000
1779	0.0000000
1780	0.0000000
1781	0.0000000
1782	0.0000000
1783	-0.0000018
1784	-0.0000327
1785	-0.0001289
1786	-0.0000012
1787	-0.0000024
1788	-0.0004674
1789	-0.0021302
1790	-0.0027345
1791	-0.0026316
1792	-0.0016103
1793	-0.0020374
1794	-0.0012701
1795	-0.0002213
1796	-0.0000065
1797	-0.0000000
1798	0.0000000
1799	0.0000000
1800	0.0000000
1801	0.0000000
1802	0.0000000
1803	0.0000000
1804	0.0000000
1805	0.0000000
1806	0.0000000
1807	-0.0000002
1808	-0.0000121
1809	-0.0001621
1810	-0.0004394
1811	-0.0008301
1812	-0.0010235
1813	-0.0003353
1814	-0.0003392
1815	-0.0009123
1816	-0.0015608
1817	-0.0019244
1818	-0.0011998
1819	-0.0002812
1820	-0.0000245
1821	-0.0000058
1822	-0.0000042
1823	0.0000000
1824	0.0000000
1825	0.0000000
1826	0.0000000
1827	0.0000000
1828	0.0000000
1829	-0.0000000
1830	-0.0000000
1831	-0.0000043
1832	-0.0000628
1833	-0.0003800
1834	-0.0009694
1835	-0.0021403
1836	-0.0030227
1837	-0.0035890
1838	-0.0038668
1839	-0.0039538
1840	-0.0034886
1841	-0.0024946
1842	-0.0009974
1843	-0.0002561
1844	-0.0000332
1845	-0.0000060
1846	-0.0000066
1847	-0.0000045
1848	0.0000000
1849	0.0000000
1850	0.0000000
1851	0.0000000
1852	0.0000000
1853	0.0000000
1854	0.0000000
1855	-0.0000007
1856	-0.0000575
1857	-0.0002177
1858	-0.0005908
1859	-0.0012437
1860	-0.0012403
1861	-0.0012513
1862	-0.0013589
1863	-0.0012894
1864	-0.0012836
1865	-0.0010959
1866	-0.0005982
1867	-0.0002039
1868	-0.0000203
1869	-0.0000055
1870	-0.0000069
1871	-0.0000073
1872	0.0000000
1873	0.0000000
1874	0.0000000
1875	0.0000000
1876	0.0000000
1877	0.0000000
1878	0.0000000
1879	-0.0000007
1880	-0.0000158
1881	-0.0002220
1882	-0.0010322
1883	-0.0023204
1884	-0.0023913
1885	-0.0029387
1886	-0.0036875
1887	-0.0039425
1888	-0.0030039
1889	-0.0029260
1890	-0.0016888
1891	-0.0003389
1892	-0.0000160
1893	-0.0000014
1894	-0.0000096
1895	-0.0000000
1896	0.0000000
1897	0.0000000
1898	0.0000000
1899	0.0000000
1900	0.0000000
1901	-0.0000000
1902	-0.0000001
1903	-0.0000206
1904	-0.0003446
1905	-0.0012800
1906	-0.0020332
1907	-0.0023715
1908	-0.0024876
1909	-0.0025682
1910	-0.0028923
1911	-0.0020252
1912	-0.0018318
1913	-0.0015955
1914	-0.0013247
1915	-0.0004250
1916	-0.0000454
1917	-0.0000107
1918	-0.0000075
1919	-0.0000051
1920	0.0000000
1921	0.0000000
1922	0.0000000
1923	0.0000000
1924	0.0000000
1925	0.0000000
1926	0.0000000
1927	-0.0000000
1928	-0.0000165
1929	-0.0005850
1930	-0.0020235
1931	-0.0025788
1932	-0.0025841
1933	-0.0035004
1934	-0.0038801
1935	-0.0038162
1936	-0.0033916
1937	-0.0028672
1938	-0.0017130
1939	-0.0005670
1940	-0.0001047
1941	-0.0000083
1942	-0.0000071
1943	-0.0000029
1944	0.0000000
1945	0.0000000
1946	0.0000000
1947	0.0000000
1948	0.0000000
1949	0.0000000
1950	-0.0000000
1951	-0.0000034
1952	-0.0000825
1953	-0.0011920
1954	-0.0024811
1955	-0.0032705
1956	-0.0037270
1957	-0.0043457
1958	-0.0046402
1959	-0.0045535
1960	-0.0041654
1961	-0.0033922
1962	-0.0021107
1963	-0.0006197
1964	-0.0000615
1965	-0.0000069
1966	-0.0000097
1967	-0.0000000
1968	0.0000000
1969	0.0000000
1970	0.0000000
1971	0.0000000
1972	0.0000000
1973	-0.0000001
1974	-0.0000002
1975	-0.0000121
1976	-0.0003004
1977	-0.0018948
1978	-0.0031617
1979	-0.0042488
1980	-0.0051287
1981	-0.0053650
1982	-0.0054351
1983	-0.0052499
1984	-0.0048442
1985	-0.0037593
1986	-0.0023043
1987	-0.0008445
1988	-0.0000519
1989	-0.0000064
1990	-0.0000001
