TIME_UNITS h
DATA_UNITS kg/s
0	-0.0000000
1	-0.0000001
2	-0.0000001
3	-0.0000000
4	-0.0000000
5	-0.0000000
6	-0.0000001
7	-0.0000018
8	-0.0000111
9	-0.0000231
10	-0.0000368
11	-0.0000509
12	-0.0000562
13	-0.0000603
14	-0.0000643
15	-0.0000658
16	-0.0000643
17	-0.0000581
18	-0.0000475
19	-0.0000300
20	-0.0000104
21	-0.0000012
22	-0.0000001
23	-0.0000001
24	-0.0000001
25	-0.0000000
26	-0.0000000
27	-0.0000000
28	0.0000000
29	0.0000000
30	0.0000000
31	0.0000000
32	-0.0000083
33	-0.0000269
34	-0.0000472
35	-0.0000623
36	-0.0000687
37	-0.0000720
38	-0.0000653
39	-0.0000519
40	-0.0000444
41	-0.0000187
42	-0.0000090
43	-0.0000066
44	-0.0000017
45	-0.0000000
46	0.0000000
47	0.0000000
48	0.0000000
49	0.0000000
50	0.0000000
51	0.0000000
52	0.0000000
53	0.0000000
54	0.0000000
55	0.0000000
56	0.0000000
57	-0.0000000
58	-0.0000004
59	-0.0000062
60	-0.0000411
61	-0.0000441
62	-0.0000639
63	-0.0000636
64	-0.0000001
65	0.0000000
66	-0.0000011
67	-0.0000050
68	-0.0000016
69	-0.0000001
70	-0.0000000
71	-0.0000000
72	-0.0000000
73	-0.0000000
74	-0.0000000
75	-0.0000000
76	-0.0000000
77	-0.0000000
78	-0.0000008
79	-0.0000062
80	-0.0000066
81	-0.0000125
82	-0.0000214
83	-0.0000272
84	-0.0000290
85	-0.0000410
86	-0.0000509
87	-0.0000535
88	-0.0000430
89	-0.0000415
90	-0.0000300
91	-0.0000133
92	-0.0000044
93	-0.0000004
94	-0.0000001
95	0.0000000
96	0.0000000
97	0.0000000
98	0.0000000
99	0.0000000
100	0.0000000
101	0.0000000
102	0.0000000
103	-0.0000012
104	-0.0000109
105	-0.0000341
106	-0.0000498
107	-0.0000659
108	-0.0000628
109	-0.0000558
110	-0.0000398
111	-0.0000002
112	0.0000000
113	-0.0000003
114	-0.0000022
115	-0.0000000
116	-0.0000000
117	0.0000000
118	0.0000000
119	0.0000000
120	0.0000000
121	-0.0000000
122	0.0000000
123	-0.0000000
124	-0.0000000
125	-0.0000000
126	-0.0000000
127	0.0000000
128	-0.0000005
129	-0.0000032
130	-0.0000068
131	-0.0000096
132	-0.0000133
133	-0.0000132
134	-0.0000118
135	-0.0000110
136	-0.0000185
137	-0.0000230
138	-0.0000207
139	-0.0000152
140	-0.0000027
141	-0.0000001
142	0.0000000
143	0.0000000
144	0.0000000
145	0.0000000
146	-0.0000000
147	-0.0000000
148	-0.0000000
149	0.0000000
150	-0.0000000
151	-0.0000016
152	-0.0000068
153	-0.0000320
154	-0.0000559
155	-0.0000619
156	-0.0000820
157	-0.0000543
158	-0.0000581
159	-0.0000484
160	-0.0000311
161	-0.0000280
162	-0.0000256
163	-0.0000118
164	-0.0000046
165	-0.0000008
166	-0.0000002
167	-0.0000001
168	0.0000000
169	0.0000000
170	0.0000000
171	0.0000000
172	-0.0000000
173	-0.0000000
174	-0.0000002
175	-0.0000014
176	-0.0000053
177	-0.0000102
178	-0.0000111
179	-0.0000216
180	-0.0000404
181	-0.0000448
182	-0.0000436
183	-0.0000370
184	-0.0000145
185	-0.0000174
186	-0.0000221
187	-0.0000159
188	-0.0000032
189	-0.0000000
190	0.0000000
191	0.0000000
192	0.0000000
193	0.0000000
194	0.0000000
195	0.0000000
196	0.0000000
197	-0.0000000
198	-0.0000000
199	-0.0000007
200	-0.0000041
201	-0.0000114
202	-0.0000181
203	-0.0000307
204	-0.0000374
205	-0.0000323
206	-0.0000307
207	-0.0000319
208	-0.0000118
209	-0.0000195
210	-0.0000163
211	-0.0000002
212	-0.0000000
213	-0.0000000
214	-0.0000000
215	0.0000000
216	0.0000000
217	0.0000000
218	0.0000000
219	0.0000000
220	0.0000000
221	0.0000000
222	0.0000000
223	-0.0000000
224	-0.0000000
225	-0.0000001
226	-0.0000000
227	-0.0000000
228	-0.0000001
229	-0.0000018
230	-0.0000055
231	-0.0000090
232	-0.0000156
233	-0.0000188
234	-0.0000137
235	-0.0000075
236	-0.0000016
237	0.0000000
238	0.0000000
239	0.0000000
240	0.0000000
241	0.0000000
242	0.0000000
243	0.0000000
244	0.0000000
245	0.0000000
246	0.0000000
247	-0.0000000
248	-0.0000065
249	-0.0000267
250	-0.0000514
251	-0.0000646
252	-0.0000762
253	-0.0000850
254	-0.0000874
255	-0.0000851
256	-0.0000741
257	-0.0000669
258	-0.0000528
259	-0.0000331
260	-0.0000082
261	-0.0000004
262	-0.0000000
263	0.0000000
264	0.0000000
265	0.0000000
266	0.0000000
267	0.0000000
268	0.0000000
269	-0.0000000
270	-0.0000000
271	-0.0000009
272	-0.0000115
273	-0.0000210
274	-0.0000318
275	-0.0000561
276	-0.0000863
277	-0.0000899
278	-0.0000906
279	-0.0000935
280	-0.0000817
281	-0.0000754
282	-0.0000559
283	-0.0000265
284	-0.0000075
285	-0.0000016
286	-0.0000005
287	-0.0000000
288	0.0000000
289	0.0000000
290	0.0000000
291	0.0000000
292	0.0000000
293	-0.0000000
294	-0.0000001
295	-0.0000029
296	-0.0000263
297	-0.0000436
298	-0.0000654
299	-0.0000778
300	-0.0000844
301	-0.0000844
302	-0.0000721
303	-0.0000678
304	-0.0000722
305	-0.0000355
306	-0.0000413
307	-0.0000214
308	-0.0000062
309	-0.0000002
310	0.0000000
311	0.0000000
312	0.0000000
313	0.0000000
314	0.0000000
315	0.0000000
316	0.0000000
317	0.0000000
318	0.0000000
319	-0.0000006
320	-0.0000064
321	-0.0000235
322	-0.0000497
323	-0.0000667
324	-0.0000766
325	-0.0000833
326	-0.0000833
327	-0.0000827
328	-0.0000783
329	-0.0000650
330	-0.0000486
331	-0.0000260
332	-0.0000080
333	-0.0000007
334	0.0000000
335	0.0000000
336	0.0000000
337	0.0000000
338	0.0000000
339	0.0000000
340	0.0000000
341	0.0000000
342	0.0000000
343	-0.0000011
344	-0.0000093
345	-0.0000242
346	-0.0000446
347	-0.0000661
348	-0.0000804
349	-0.0000881
350	-0.0000909
351	-0.0000901
352	-0.0000837
353	-0.0000662
354	-0.0000368
355	-0.0000250
356	-0.0000072
357	-0.0000008
358	-0.0000002
359	-0.0000000
360	0.0000000
361	0.0000000
362	0.0000000
363	0.0000000
364	0.0000000
365	0.0000000
366	0.0000000
367	0.0000000
368	0.0000000
369	-0.0000002
370	-0.0000039
371	-0.0000249
372	-0.0000286
373	-0.0000282
374	-0.0000203
375	-0.0000358
376	-0.0000426
377	-0.0000466
378	-0.0000398
379	-0.0000227
380	-0.0000052
381	-0.0000003
382	-0.0000000
383	-0.0000000
384	0.0000000
385	0.0000000
386	0.0000000
387	0.0000000
388	0.0000000
389	0.0000000
390	0.0000000
391	-0.0000004
392	-0.0000032
393	-0.0000015
394	-0.0000020
395	-0.0000044
396	-0.0000104
397	-0.0000103
398	-0.0000034
399	-0.0000042
400	-0.0000174
401	-0.0000495
402	-0.0000432
403	-0.0000284
404	-0.0000067
405	-0.0000003
406	-0.0000001
407	-0.0000000
408	0.0000000
409	0.0000000
410	0.0000000
411	0.0000000
412	0.0000000
413	0.0000000
414	0.0000000
415	-0.0000002
416	-0.0000039
417	-0.0000126
418	-0.0000191
419	-0.0000249
420	-0.0000281
421	-0.0000332
422	-0.0000368
423	-0.0000467
424	-0.0000540
425	-0.0000484
426	-0.0000373
427	-0.0000274
428	-0.0000105
429	-0.0000003
430	-0.0000000
431	-0.0000000
432	0.0000000
433	0.0000000
434	0.0000000
435	0.0000000
436	0.0000000
437	0.0000000
438	0.0000000
439	-0.0000000
440	-0.0000000
441	-0.0000004
442	-0.0000003
443	-0.0000000
444	0.0000000
445	0.0000000
446	-0.0000082
447	-0.0000489
448	-0.0000209
449	-0.0000000
450	0.0000000
451	0.0000000
452	0.0000000
453	-0.0000000
454	-0.0000000
455	-0.0000000
456	-0.0000000
457	0.0000000
458	0.0000000
459	0.0000000
460	0.0000000
461	0.0000000
462	-0.0000000
463	-0.0000005
464	-0.0000022
465	-0.0000057
466	-0.0000129
467	-0.0000203
468	-0.0000183
469	-0.0000175
470	-0.0000256
471	-0.0000133
472	-0.0000328
473	-0.0000343
474	-0.0000300
475	-0.0000189
476	-0.0000027
477	-0.0000000
478	0.0000000
479	-0.0000000
480	0.0000000
481	0.0000000
482	0.0000000
483	0.0000000
484	0.0000000
485	0.0000000
486	-0.0000000
487	-0.0000002
488	-0.0000003
489	-0.0000000
490	-0.0000002
491	-0.0000045
492	-0.0000079
493	-0.0000201
494	-0.0000274
495	-0.0000278
496	-0.0000350
497	-0.0000359
498	-0.0000334
499	-0.0000235
500	-0.0000118
501	-0.0000010
502	-0.0000000
503	-0.0000000
504	-0.0000001
505	-0.0000000
506	-0.0000001
507	-0.0000002
508	-0.0000003
509	-0.0000002
510	-0.0000038
511	-0.0000072
512	-0.0000134
513	-0.0000001
514	0.0000000
515	-0.0000027
516	-0.0000154
517	-0.0000341
518	-0.0000439
519	-0.0000436
520	-0.0000398
521	-0.0000389
522	-0.0000396
523	-0.0000311
524	-0.0000160
525	-0.0000016
526	-0.0000001
527	-0.0000000
528	0.0000000
529	0.0000000
530	0.0000000
531	0.0000000
532	0.0000000
533	0.0000000
534	-0.0000000
535	-0.0000001
536	-0.0000051
537	-0.0000250
538	-0.0000322
539	-0.0000359
540	-0.0000309
541	-0.0000436
542	-0.0000514
543	-0.0000507
544	-0.0000444
545	-0.0000390
546	-0.0000349
547	-0.0000267
548	-0.0000132
549	-0.0000017
550	-0.0000002
551	-0.0000000
552	0.0000000
553	0.0000000
554	0.0000000
555	0.0000000
556	0.0000000
557	0.0000000
558	-0.0000000
559	-0.0000001
560	-0.0000067
561	-0.0000285
562	-0.0000403
563	-0.0000396
564	-0.0000455
565	-0.0000571
566	-0.0000616
567	-0.0000646
568	-0.0000634
569	-0.0000572
570	-0.0000478
571	-0.0000344
572	-0.0000125
573	-0.0000025
574	-0.0000000
575	0.0000000
576	0.0000000
577	0.0000000
578	0.0000000
579	0.0000000
580	-0.0000000
581	-0.0000000
582	-0.0000000
583	-0.0000004
584	-0.0000074
585	-0.0000333
586	-0.0000510
587	-0.0000651
588	-0.0000772
589	-0.0000818
590	-0.0000819
591	-0.0000808
592	-0.0000694
593	-0.0000628
594	-0.0000494
595	-0.0000361
596	-0.0000089
597	-0.0000009
598	-0.0000002
599	0.0000000
600	0.0000000
601	0.0000000
602	0.0000000
603	0.0000000
604	0.0000000
605	-0.0000000
606	-0.0000001
607	-0.0000017
608	-0.0000184
609	-0.0000498
610	-0.0000665
611	-0.0000793
612	-0.0000890
613	-0.0000957
614	-0.0001000
615	-0.0000995
616	-0.0000952
617	-0.0000804
618	-0.0000554
619	-0.0000299
620	-0.0000093
621	-0.0000019
622	-0.0000003
623	-0.0000004
624	-0.0000000
625	0.0000000
626	0.0000000
627	0.0000000
628	0.0000000
629	0.0000000
630	-0.0000000
631	-0.0000009
632	-0.0000249
633	-0.0000578
634	-0.0000738
635	-0.0000890
636	-0.0000972
637	-0.0001018
638	-0.0001026
639	-0.0001048
640	-0.0001030
641	-0.0000884
642	-0.0000563
643	-0.0000334
644	-0.0000120
645	-0.0000026
646	-0.0000006
647	-0.0000006
648	-0.0000000
649	0.0000000
650	0.0000000
651	0.0000000
652	0.0000000
653	-0.0000000
654	-0.0000001
655	-0.0000026
656	-0.0000270
657	-0.0000607
658	-0.0000801
659	-0.0000875
660	-0.0000999
661	-0.0001121
662	-0.0001129
663	-0.0001091
664	-0.0001124
665	-0.0000966
666	-0.0000691
667	-0.0000471
668	-0.0000142
669	-0.0000017
670	-0.0000006
671	-0.0000004
672	-0.0000000
673	0.0000000
674	0.0000000
675	0.0000000
676	0.0000000
677	0.0000000
678	0.0000000
679	-0.0000000
680	-0.0000000
681	-0.0000000
682	-0.0000017
683	-0.0000141
684	-0.0000016
685	-0.0000044
686	-0.0000157
687	-0.0000276
688	-0.0000401
689	-0.0000299
690	-0.0000182
691	-0.0000075
692	-0.0000008
693	-0.0000005
694	-0.0000000
695	0.0000000
696	0.0000000
697	0.0000000
698	0.0000000
699	0.0000000
700	-0.0000000
701	-0.0000000
702	-0.0000000
703	-0.0000000
704	-0.0000057
705	-0.0000182
706	-0.0000192
707	-0.0000431
708	-0.0000493
709	-0.0000563
710	-0.0000427
711	-0.0000487
712	-0.0000633
713	-0.0000551
714	-0.0000418
715	-0.0000143
716	-0.0000019
717	-0.0000002
718	-0.0000001
719	0.0000000
720	0.0000000
721	0.0000000
722	0.0000000
723	0.0000000
724	0.0000000
725	0.0000000
726	-0.0000000
727	-0.0000006
728	-0.0000078
729	-0.0000168
730	-0.0000302
731	-0.0000650
732	-0.0000812
733	-0.0000832
734	-0.0000608
735	-0.0000623
736	-0.0000846
737	-0.0000670
738	-0.0000494
739	-0.0000245
740	-0.0000032
741	-0.0000005
742	-0.0000001
743	0.0000000
744	0.0000000
745	0.0000000
746	0.0000000
747	0.0000000
748	0.0000000
749	-0.0000000
750	-0.0000000
751	-0.0000001
752	-0.0000006
753	-0.0000001
754	-0.0000001
755	-0.0000097
756	-0.0000274
757	-0.0000437
758	-0.0000502
759	-0.0000608
760	-0.0000624
761	-0.0000678
762	-0.0000512
763	-0.0000319
764	-0.0000109
765	-0.0000003
766	-0.0000002
767	0.0000000
768	0.0000000
769	0.0000000
770	0.0000000
771	0.0000000
772	0.0000000
773	0.0000000
774	0.0000000
775	-0.0000001
776	-0.0000049
777	-0.0000168
778	-0.0000418
779	-0.0000634
780	-0.0000810
781	-0.0000799
782	-0.0000814
783	-0.0000840
784	-0.0000802
785	-0.0000779
786	-0.0000591
787	-0.0000353
788	-0.0000082
789	-0.0000017
790	-0.0000002
791	0.0000000
792	0.0000000
793	0.0000000
794	0.0000000
795	0.0000000
796	0.0000000
797	0.0000000
798	0.0000000
799	-0.0000000
800	-0.0000070
801	-0.0000325
802	-0.0000615
803	-0.0000802
804	-0.0000944
805	-0.0000990
806	-0.0001022
807	-0.0001001
808	-0.0000932
809	-0.0000787
810	-0.0000554
811	-0.0000209
812	-0.0000005
813	-0.0000002
814	-0.0000002
815	-0.0000002
816	0.0000000
817	0.0000000
818	0.0000000
819	0.0000000
820	0.0000000
821	0.0000000
822	-0.0000000
823	-0.0000006
824	-0.0000110
825	-0.0000504
826	-0.0000686
827	-0.0000828
828	-0.0000962
829	-0.0001058
830	-0.0001086
831	-0.0001051
832	-0.0000894
833	-0.0000639
834	-0.0000357
835	-0.0000143
836	-0.0000072
837	-0.0000004
838	-0.0000001
839	-0.0000000
840	0.0000000
841	0.0000000
842	0.0000000
843	0.0000000
844	0.0000000
845	0.0000000
846	0.0000000
847	-0.0000009
848	-0.0000046
849	-0.0000149
850	-0.0000427
851	-0.0000638
852	-0.0000757
853	-0.0000704
854	-0.0000650
855	-0.0000565
856	-0.0000643
857	-0.0000687
858	-0.0000577
859	-0.0000434
860	-0.0000185
861	-0.0000016
862	-0.0000000
863	0.0000000
864	0.0000000
865	0.0000000
866	0.0000000
867	0.0000000
868	0.0000000
869	-0.0000000
870	-0.0000000
871	-0.0000003
872	-0.0000019
873	-0.0000213
874	-0.0000507
875	-0.0000719
876	-0.0000906
877	-0.0000954
878	-0.0000978
879	-0.0000962
880	-0.0000908
881	-0.0000715
882	-0.0000406
883	-0.0000328
884	-0.0000048
885	-0.0000005
886	-0.0000001
887	-0.0000001
888	0.0000000
889	0.0000000
890	0.0000000
891	0.0000000
892	0.0000000
893	0.0000000
894	0.0000000
895	0.0000000
896	-0.0000037
897	-0.0000284
898	-0.0000630
899	-0.0000783
900	-0.0000936
901	-0.0001007
902	-0.0001062
903	-0.0001030
904	-0.0000690
905	-0.0000412
906	-0.0000355
907	-0.0000225
908	-0.0000024
909	-0.0000015
910	-0.0000004
911	-0.0000004
912	-0.0000000
913	0.0000000
914	0.0000000
915	0.0000000
916	0.0000000
917	0.0000000
918	0.0000000
919	-0.0000000
920	-0.0000015
921	-0.0000006
922	-0.0000039
923	-0.0000169
924	-0.0000010
925	-0.0000008
926	-0.0000098
927	-0.0000335
928	-0.0000494
929	-0.0000635
930	-0.0000541
931	-0.0000342
932	-0.0000098
933	-0.0000008
934	-0.0000002
935	-0.0000001
936	0.0000000
937	0.0000000
938	0.0000000
939	0.0000000
940	0.0000000
941	0.0000000
942	-0.0000000
943	-0.0000003
944	-0.0000071
945	-0.0000421
946	-0.0000591
947	-0.0000753
948	-0.0000876
949	-0.0000892
950	-0.0000920
951	-0.0000928
952	-0.0000874
953	-0.0000761
954	-0.0000608
955	-0.0000324
956	-0.0000122
957	-0.0000010
958	-0.0000002
959	-0.0000001
960	-0.0000000
961	0.0000000
962	0.0000000
963	0.0000000
964	0.0000000
965	0.0000000
966	-0.0000000
967	-0.0000003
968	-0.0000092
969	-0.0000447
970	-0.0000623
971	-0.0000744
972	-0.0000753
973	-0.0000638
974	-0.0000712
975	-0.0000771
976	-0.0000700
977	-0.0000642
978	-0.0000481
979	-0.0000304
980	-0.0000051
981	-0.0000005
982	-0.0000001
983	-0.0000000
984	0.0000000
985	0.0000000
986	0.0000000
987	0.0000000
988	0.0000000
989	0.0000000
990	0.0000000
991	0.0000000
992	-0.0000000
993	-0.0000025
994	-0.0000068
995	-0.0000042
996	-0.0000026
997	-0.0000038
998	-0.0000199
999	-0.0000211
1000	-0.0000088
1001	-0.0000020
1002	-0.0000004
1003	-0.0000002
1004	-0.0000000
1005	0.0000000
1006	0.0000000
1007	0.0000000
1008	0.0000000
1009	0.0000000
1010	0.0000000
1011	0.0000000
1012	0.0000000
1013	0.0000000
1014	0.0000000
1015	-0.0000001
1016	-0.0000014
1017	-0.0000096
1018	-0.0000431
1019	-0.0000560
1020	-0.0000723
1021	-0.0000729
1022	-0.0000718
1023	-0.0000751
1024	-0.0000648
1025	-0.0000405
1026	-0.0000203
1027	-0.0000067
1028	-0.0000026
1029	-0.0000001
1030	0.0000000
1031	0.0000000
1032	0.0000000
1033	0.0000000
1034	0.0000000
1035	0.0000000
1036	0.0000000
1037	0.0000000
1038	0.0000000
1039	-0.0000000
1040	-0.0000025
1041	-0.0000163
1042	-0.0000468
1043	-0.0000677
1044	-0.0000227
1045	-0.0000666
1046	-0.0000628
1047	-0.0000577
1048	-0.0000391
1049	-0.0000404
1050	-0.0000312
1051	-0.0000117
1052	-0.0000025
1053	-0.0000000
1054	-0.0000000
1055	-0.0000000
1056	0.0000000
1057	0.0000000
1058	0.0000000
1059	0.0000000
1060	0.0000000
1061	0.0000000
1062	-0.0000000
1063	-0.0000005
1064	-0.0000046
1065	-0.0000184
1066	-0.0000540
1067	-0.0000707
1068	-0.0000753
1069	-0.0000862
1070	-0.0000892
1071	-0.0000881
1072	-0.0000841
1073	-0.0000718
1074	-0.0000559
1075	-0.0000308
1076	-0.0000096
1077	-0.0000006
1078	-0.0000000
1079	0.0000000
1080	0.0000000
1081	0.0000000
1082	0.0000000
1083	0.0000000
1084	0.0000000
1085	0.0000000
1086	0.0000000
1087	-0.0000001
1088	-0.0000034
1089	-0.0000085
1090	-0.0000137
1091	-0.0000217
1092	-0.0000171
1093	-0.0000326
1094	-0.0000382
1095	-0.0000291
1096	-0.0000267
1097	-0.0000120
1098	-0.0000007
1099	-0.0000001
1100	0.0000000
1101	0.0000000
1102	0.0000000
1103	0.0000000
1104	0.0000000
1105	0.0000000
1106	0.0000000
1107	0.0000000
1108	0.0000000
1109	0.0000000
1110	-0.0000000
1111	-0.0000002
1112	-0.0000019
1113	-0.0000059
1114	-0.0000092
1115	-0.0000205
1116	-0.0000270
1117	-0.0000193
1118	-0.0000316
1119	-0.0000616
1120	-0.0000644
1121	-0.0000492
1122	-0.0000260
1123	-0.0000169
1124	-0.0000008
1125	-0.0000004
1126	-0.0000000
1127	0.0000000
1128	0.0000000
1129	0.0000000
1130	0.0000000
1131	0.0000000
1132	0.0000000
1133	0.0000000
1134	0.0000000
1135	-0.0000000
1136	-0.0000005
1137	-0.0000122
1138	-0.0000300
1139	-0.0000293
1140	-0.0000145
1141	-0.0000293
1142	-0.0000329
1143	-0.0000263
1144	-0.0000301
1145	-0.0000006
1146	-0.0000009
1147	-0.0000008
1148	-0.0000001
1149	0.0000000
1150	0.0000000
1151	-0.0000000
1152	0.0000000
1153	0.0000000
1154	0.0000000
1155	0.0000000
1156	0.0000000
1157	0.0000000
1158	0.0000000
1159	-0.0000002
1160	-0.0000029
1161	-0.0000146
1162	-0.0000408
1163	-0.0000665
1164	-0.0000792
1165	-0.0000883
1166	-0.0000903
1167	-0.0000860
1168	-0.0000821
1169	-0.0000706
1170	-0.0000530
1171	-0.0000317
1172	-0.0000089
1173	-0.0000001
1174	0.0000000
1175	0.0000000
1176	0.0000000
1177	0.0000000
1178	0.0000000
1179	0.0000000
1180	0.0000000
1181	0.0000000
1182	0.0000000
1183	-0.0000000
1184	-0.0000029
1185	-0.0000230
1186	-0.0000578
1187	-0.0000757
1188	-0.0000910
1189	-0.0000970
1190	-0.0001046
1191	-0.0001025
1192	-0.0000925
1193	-0.0000764
1194	-0.0000494
1195	-0.0000254
1196	-0.0000078
1197	-0.0000006
1198	-0.0000001
1199	-0.0000000
1200	0.0000000
1201	0.0000000
1202	0.0000000
1203	0.0000000
1204	0.0000000
1205	-0.0000000
1206	-0.0000000
1207	-0.0000007
1208	-0.0000110
1209	-0.0000407
1210	-0.0000601
1211	-0.0000779
1212	-0.0000907
1213	-0.0001011
1214	-0.0001059
1215	-0.0000962
1216	-0.0000903
1217	-0.0000563
1218	-0.0000356
1219	-0.0000272
1220	-0.0000100
1221	-0.0000005
1222	-0.0000004
1223	-0.0000004
1224	-0.0000000
1225	0.0000000
1226	0.0000000
1227	0.0000000
1228	0.0000000
1229	0.0000000
1230	-0.0000000
1231	-0.0000005
1232	-0.0000017
1233	-0.0000080
1234	-0.0000107
1235	-0.0000481
1236	-0.0000695
1237	-0.0000637
1238	-0.0000888
1239	-0.0000857
1240	-0.0000812
1241	-0.0000665
1242	-0.0000540
1243	-0.0000355
1244	-0.0000110
1245	-0.0000007
1246	-0.0000002
1247	0.0000000
1248	0.0000000
1249	0.0000000
1250	0.0000000
1251	0.0000000
1252	0.0000000
1253	0.0000000
1254	0.0000000
1255	-0.0000000
1256	-0.0000039
1257	-0.0000263
1258	-0.0000538
1259	-0.0000684
1260	-0.0000798
1261	-0.0000843
1262	-0.0000791
1263	-0.0000810
1264	-0.0000786
1265	-0.0000691
1266	-0.0000529
1267	-0.0000278
1268	-0.0000052
1269	-0.0000002
1270	-0.0000002
1271	-0.0000002
1272	0.0000000
1273	0.0000000
1274	0.0000000
1275	0.0000000
1276	0.0000000
1277	0.0000000
1278	0.0000000
1279	-0.0000000
1280	-0.0000046
1281	-0.0000213
1282	-0.0000468
1283	-0.0000614
1284	-0.0000690
1285	-0.0000662
1286	-0.0000667
1287	-0.0000571
1288	-0.0000659
1289	-0.0000540
1290	-0.0000463
1291	-0.0000232
1292	-0.0000054
1293	-0.0000002
1294	-0.0000001
1295	-0.0000001
1296	0.0000000
1297	0.0000000
1298	0.0000000
1299	0.0000000
1300	0.0000000
1301	0.0000000
1302	-0.0000000
1303	-0.0000000
1304	-0.0000000
1305	-0.0000033
1306	-0.0000098
1307	-0.0000165
1308	-0.0000312
1309	-0.0000173
1310	-0.0000084
1311	-0.0000126
1312	-0.0000121
1313	-0.0000122
1314	-0.0000122
1315	-0.0000036
1316	-0.0000015
1317	-0.0000000
1318	0.0000000
1319	0.0000000
1320	0.0000000
1321	0.0000000
1322	0.0000000
1323	0.0000000
1324	0.0000000
1325	0.0000000
1326	-0.0000000
1327	-0.0000001
1328	-0.0000012
1329	-0.0000132
1330	-0.0000255
1331	-0.0000494
1332	-0.0000477
1333	-0.0000592
1334	-0.0000451
1335	-0.0000084
1336	-0.0000204
1337	-0.0000493
1338	-0.0000314
1339	-0.0000154
1340	-0.0000023
1341	-0.0000000
1342	0.0000000
1343	0.0000000
1344	0.0000000
1345	0.0000000
1346	0.0000000
1347	0.0000000
1348	0.0000000
1349	0.0000000
1350	-0.0000000
1351	-0.0000005
1352	-0.0000001
1353	-0.0000003
1354	-0.0000021
1355	-0.0000075
1356	-0.0000046
1357	-0.0000002
1358	0.0000000
1359	0.0000000
1360	-0.0000011
1361	-0.0000072
1362	-0.0000184
1363	-0.0000098
1364	-0.0000006
1365	-0.0000000
1366	-0.0000001
1367	0.0000000
1368	0.0000000
1369	0.0000000
1370	0.0000000
1371	0.0000000
1372	0.0000000
1373	-0.0000000
1374	-0.0000000
1375	-0.0000006
1376	-0.0000016
1377	-0.0000072
1378	-0.0000285
1379	-0.0000510
1380	-0.0000374
1381	-0.0000553
1382	-0.0000232
1383	-0.0000574
1384	-0.0000678
1385	-0.0000636
1386	-0.0000454
1387	-0.0000219
1388	-0.0000005
1389	0.0000000
1390	0.0000000
1391	0.0000000
1392	0.0000000
1393	0.0000000
1394	0.0000000
1395	0.0000000
1396	0.0000000
1397	-0.0000000
1398	-0.0000000
1399	-0.0000006
1400	-0.0000049
1401	-0.0000327
1402	-0.0000584
1403	-0.0000796
1404	-0.0000836
1405	-0.0000839
1406	-0.0000636
1407	-0.0000726
1408	-0.0000737
1409	-0.0000677
1410	-0.0000492
1411	-0.0000266
1412	-0.0000053
1413	-0.0000002
1414	-0.0000001
1415	0.0000000
1416	0.0000000
1417	0.0000000
1418	0.0000000
1419	0.0000000
1420	0.0000000
1421	0.0000000
1422	-0.0000000
1423	-0.0000002
1424	-0.0000077
1425	-0.0000367
1426	-0.0000547
1427	-0.0000650
1428	-0.0000680
1429	-0.0000672
1430	-0.0000693
1431	-0.0000001
1432	0.0000000
1433	-0.0000073
1434	-0.0000441
1435	-0.0000307
1436	-0.0000081
1437	-0.0000002
1438	-0.0000002
1439	-0.0000002
1440	0.0000000
1441	0.0000000
1442	0.0000000
1443	0.0000000
1444	0.0000000
1445	0.0000000
1446	-0.0000000
1447	-0.0000001
1448	-0.0000024
1449	-0.0000182
1450	-0.0000513
1451	-0.0000610
1452	-0.0000680
1453	-0.0000656
1454	-0.0000734
1455	-0.0000707
1456	-0.0000640
1457	-0.0000564
1458	-0.0000451
1459	-0.0000281
1460	-0.0000054
1461	-0.0000002
1462	-0.0000001
1463	-0.0000001
1464	0.0000000
1465	0.0000000
1466	0.0000000
1467	0.0000000
1468	0.0000000
1469	0.0000000
1470	-0.0000000
1471	-0.0000001
1472	-0.0000027
1473	-0.0000171
1474	-0.0000443
1475	-0.0000566
1476	-0.0000696
1477	-0.0000790
1478	-0.0000816
1479	-0.0000844
1480	-0.0000691
1481	-0.0000461
1482	-0.0000388
1483	-0.0000131
1484	-0.0000018
1485	-0.0000001
1486	-0.0000002
1487	-0.0000000
1488	0.0000000
1489	0.0000000
1490	0.0000000
1491	0.0000000
1492	0.0000000
1493	0.0000000
1494	0.0000000
1495	0.0000000
1496	0.0000000
1497	-0.0000005
1498	-0.0000116
1499	-0.0000414
1500	-0.0000434
1501	-0.0000691
1502	-0.0000838
1503	-0.0000787
1504	-0.0000723
1505	-0.0000606
1506	-0.0000427
1507	-0.0000173
1508	-0.0000019
1509	-0.0000000
1510	0.0000000
1511	0.0000000
1512	0.0000000
1513	0.0000000
1514	0.0000000
1515	0.0000000
1516	0.0000000
1517	0.0000000
1518	0.0000000
1519	-0.0000000
1520	-0.0000000
1521	0.0000000
1522	0.0000000
1523	0.0000000
1524	-0.0000006
1525	-0.0000224
1526	-0.0000648
1527	-0.0000697
1528	-0.0000547
1529	-0.0000493
1530	-0.0000353
1531	-0.0000162
1532	-0.0000018
1533	-0.0000000
1534	0.0000000
1535	0.0000000
1536	0.0000000
1537	0.0000000
1538	0.0000000
1539	0.0000000
1540	0.0000000
1541	0.0000000
1542	-0.0000000
1543	-0.0000002
1544	-0.0000030
1545	-0.0000151
1546	-0.0000451
1547	-0.0000662
1548	-0.0000806
1549	-0.0000890
1550	-0.0000887
1551	-0.0000846
1552	-0.0000730
1553	-0.0000496
1554	-0.0000241
1555	-0.0000084
1556	-0.0000002
1557	-0.0000001
1558	0.0000000
1559	0.0000000
1560	0.0000000
1561	0.0000000
1562	0.0000000
1563	0.0000000
1564	0.0000000
1565	0.0000000
1566	0.0000000
1567	-0.0000002
1568	-0.0000038
1569	-0.0000174
1570	-0.0000437
1571	-0.0000667
1572	-0.0000488
1573	-0.0000271
1574	-0.0000272
1575	-0.0000243
1576	-0.0000178
1577	-0.0000098
1578	-0.0000049
1579	-0.0000020
1580	-0.0000000
1581	-0.0000000
1582	-0.0000000
1583	0.0000000
1584	0.0000000
1585	0.0000000
1586	0.0000000
1587	0.0000000
1588	0.0000000
1589	0.0000000
1590	-0.0000000
1591	-0.0000003
1592	-0.0000017
1593	-0.0000078
1594	-0.0000317
1595	-0.0000616
1596	-0.0000778
1597	-0.0000860
1598	-0.0000885
1599	-0.0000824
1600	-0.0000696
1601	-0.0000665
1602	-0.0000384
1603	-0.0000149
1604	-0.0000025
1605	-0.0000000
1606	-0.0000000
1607	0.0000000
1608	0.0000000
1609	0.0000000
1610	0.0000000
1611	0.0000000
1612	0.0000000
1613	0.0000000
1614	-0.0000000
1615	-0.0000001
1616	-0.0000053
1617	-0.0000263
1618	-0.0000502
1619	-0.0000672
1620	-0.0000802
1621	-0.0000869
1622	-0.0000565
1623	-0.0000489
1624	-0.0000657
1625	-0.0000553
1626	-0.0000365
1627	-0.0000182
1628	-0.0000016
1629	-0.0000002
1630	-0.0000002
1631	-0.0000001
1632	-0.0000000
1633	0.0000000
1634	0.0000000
1635	0.0000000
1636	0.0000000
1637	0.0000000
1638	0.0000000
1639	0.0000000
1640	-0.0000001
1641	-0.0000000
1642	0.0000000
1643	-0.0000045
1644	-0.0000455
1645	-0.0000746
1646	-0.0000785
1647	-0.0000712
1648	-0.0000750
1649	-0.0000653
1650	-0.0000462
1651	-0.0000194
1652	-0.0000037
1653	-0.0000001
1654	-0.0000000
1655	-0.0000000
1656	0.0000000
1657	0.0000000
1658	0.0000000
1659	0.0000000
1660	0.0000000
1661	0.0000000
1662	0.0000000
1663	-0.0000000
1664	-0.0000016
1665	-0.0000239
1666	-0.0000536
1667	-0.0000635
1668	-0.0000798
1669	-0.0000815
1670	-0.0000815
1671	-0.0000560
1672	-0.0000454
1673	-0.0000365
1674	-0.0000287
1675	-0.0000150
1676	-0.0000018
1677	-0.0000002
1678	-0.0000000
1679	0.0000000
1680	0.0000000
1681	0.0000000
1682	0.0000000
1683	0.0000000
1684	0.0000000
1685	0.0000000
1686	-0.0000000
1687	-0.0000007
1688	-0.0000162
1689	-0.0000328
1690	-0.0000428
1691	-0.0000434
1692	-0.0000527
1693	-0.0000483
1694	-0.0000555
1695	-0.0000627
1696	-0.0000525
1697	-0.0000574
1698	-0.0000446
1699	-0.0000004
1700	0.0000000
1701	0.0000000
1702	0.0000000
1703	0.0000000
1704	0.0000000
1705	0.0000000
1706	0.0000000
1707	0.0000000
1708	0.0000000
1709	-0.0000000
1710	-0.0000000
1711	-0.0000003
1712	-0.0000074
1713	-0.0000355
1714	-0.0000496
1715	-0.0000552
1716	-0.0000568
1717	-0.0000526
1718	-0.0000568
1719	-0.0000529
1720	-0.0000447
1721	-0.0000439
1722	-0.0000348
1723	-0.0000111
1724	-0.0000021
1725	-0.0000001
1726	-0.0000001
1727	-0.0000001
1728	-0.0000000
1729	0.0000000
1730	0.0000000
1731	0.0000000
1732	0.0000000
1733	0.0000000
1734	-0.0000000
1735	-0.0000001
1736	-0.0000022
1737	-0.0000226
1738	-0.0000448
1739	-0.0000576
1740	-0.0000686
1741	-0.0000743
1742	-0.0000787
1743	-0.0000705
1744	-0.0000565
1745	-0.0000478
1746	-0.0000331
1747	-0.0000078
1748	-0.0000005
1749	-0.0000000
1750	-0.0000000
1751	-0.0000000
1752	0.0000000
1753	0.0000000
1754	0.0000000
1755	0.0000000
1756	0.0000000
1757	0.0000000
1758	0.0000000
1759	0.0000000
1760	-0.0000000
1761	-0.0000005
1762	-0.0000039
1763	-0.0000288
1764	-0.0000546
1765	-0.0000650
1766	-0.0000695
1767	-0.0000682
1768	-0.0000613
1769	-0.0000507
1770	-0.0000270
1771	-0.0000063
1772	-0.0000016
1773	-0.0000000
1774	-0.0000000
1775	-0.0000000
1776	0.0000000
1777	0.0000000
1778	0.0000000
1779	0.0000000
1780	0.0000000
1781	0.0000000
1782	0.0000000
1783	-0.0000000
1784	-0.0000006
1785	-0.0000022
1786	-0.0000000
1787	-0.0000000
1788	-0.0000081
1789	-0.0000367
1790	-0.0000471
1791	-0.0000453
1792	-0.0000277
1793	-0.0000351
1794	-0.0000219
1795	-0.0000038
1796	-0.0000001
1797	-0.0000000
1798	0.0000000
1799	0.0000000
1800	0.0000000
1801	0.0000000
1802	0.0000000
1803	0.0000000
1804	0.0000000
1805	0.0000000
1806	0.0000000
1807	-0.0000000
1808	-0.0000002
1809	-0.0000028
1810	-0.0000076
1811	-0.0000143
1812	-0.0000176
1813	-0.0000058
1814	-0.0000058
1815	-0.0000157
1816	-0.0000269
1817	-0.0000332
1818	-0.0000207
1819	-0.0000048
1820	-0.0000004
1821	-0.0000001
1822	-0.0000001
1823	0.0000000
1824	0.0000000
1825	0.0000000
1826	0.0000000
1827	0.0000000
1828	0.0000000
1829	-0.0000000
1830	-0.0000000
1831	-0.0000001
1832	-0.0000011
1833	-0.0000065
1834	-0.0000167
1835	-0.0000369
1836	-0.0000521
1837	-0.0000618
1838	-0.0000666
1839	-0.0000681
1840	-0.0000601
1841	-0.0000430
1842	-0.0000172
1843	-0.0000044
1844	-0.0000006
1845	-0.0000001
1846	-0.0000001
1847	-0.0000001
1848	0.0000000
1849	0.0000000
1850	0.0000000
1851	0.0000000
1852	0.0000000
1853	0.0000000
1854	0.0000000
1855	-0.0000000
1856	-0.0000010
1857	-0.0000038
1858	-0.0000102
1859	-0.0000214
1860	-0.0000214
1861	-0.0000216
1862	-0.0000234
1863	-0.0000222
1864	-0.0000221
1865	-0.0000189
1866	-0.0000103
1867	-0.0000035
1868	-0.0000004
1869	-0.0000001
1870	-0.0000001
1871	-0.0000001
1872	0.0000000
1873	0.0000000
1874	0.0000000
1875	0.0000000
1876	0.0000000
1877	0.0000000
1878	0.0000000
1879	-0.0000000
1880	-0.0000003
1881	-0.0000038
1882	-0.0000178
1883	-0.0000400
1884	-0.0000412
1885	-0.0000506
1886	-0.0000635
1887	-0.0000679
1888	-0.0000517
1889	-0.0000504
1890	-0.0000291
1891	-0.0000058
1892	-0.0000003
1893	-0.0000000
1894	-0.0000002
1895	-0.0000000
1896	0.0000000
1897	0.0000000
1898	0.0000000
1899	0.0000000
1900	0.0000000
1901	-0.0000000
1902	-0.0000000
1903	-0.0000004
1904	-0.0000059
1905	-0.0000220
1906	-0.0000350
1907	-0.0000409
1908	-0.0000429
1909	-0.0000442
1910	-0.0000498
1911	-0.0000349
1912	-0.0000316
1913	-0.0000275
1914	-0.0000228
1915	-0.0000073
1916	-0.0000008
1917	-0.0000002
1918	-0.0000001
1919	-0.0000001
1920	0.0000000
1921	0.0000000
1922	0.0000000
1923	0.0000000
1924	0.0000000
1925	0.0000000
1926	0.0000000
1927	-0.0000000
1928	-0.0000003
1929	-0.0000101
1930	-0.0000349
1931	-0.0000444
1932	-0.0000445
1933	-0.0000603
1934	-0.0000668
1935	-0.0000657
1936	-0.0000584
1937	-0.0000494
1938	-0.0000295
1939	-0.0000098
1940	-0.0000018
1941	-0.0000001
1942	-0.0000001
1943	-0.0000001
1944	0.0000000
1945	0.0000000
1946	0.0000000
1947	0.0000000
1948	0.0000000
1949	0.0000000
1950	-0.0000000
1951	-0.0000001
1952	-0.0000014
1953	-0.0000205
1954	-0.0000427
1955	-0.0000563
1956	-0.0000642
1957	-0.0000749
1958	-0.0000799
1959	-0.0000784
1960	-0.0000718
1961	-0.0000584
1962	-0.0000364
1963	-0.0000107
1964	-0.0000011
1965	-0.0000001
1966	-0.0000002
1967	-0.0000000
1968	0.0000000
1969	0.0000000
1970	0.0000000
1971	0.0000000
1972	0.0000000
1973	-0.0000000
1974	-0.0000000
1975	-0.0000002
1976	-0.0000052
1977	-0.0000326
1978	-0.0000545
1979	-0.0000732
1980	-0.0000883
1981	-0.0000924
1982	-0.0000936
1983	-0.0000904
1984	-0.0000834
1985	-0.0000648
1986	-0.0000397
1987	-0.0000145
1988	-0.0000009
1989	-0.0000001
1990	-0.0000000
