TIME_UNITS h
DATA_UNITS kg/s
0	-0.0000018
1	-0.0000047
2	-0.0000057
3	-0.0000027
4	-0.0000017
5	-0.0000007
6	-0.0000084
7	-0.0001137
8	-0.0006956
9	-0.0014410
10	-0.0022974
11	-0.0031793
12	-0.0035106
13	-0.0037669
14	-0.0040182
15	-0.0041079
16	-0.0040157
17	-0.0036315
18	-0.0029659
19	-0.0018752
20	-0.0006485
21	-0.0000730
22	-0.0000071
23	-0.0000033
24	-0.0000037
25	-0.0000026
26	-0.0000011
27	-0.0000011
28	0.0000000
29	0.0000000
30	0.0000000
31	0.0000000
32	-0.0005188
33	-0.0016791
34	-0.0029491
35	-0.0038913
36	-0.0042928
37	-0.0044981
38	-0.0040768
39	-0.0032396
40	-0.0027757
41	-0.0011679
42	-0.0005603
43	-0.0004101
44	-0.0001064
45	-0.0000004
46	0.0000000
47	0.0000000
48	0.0000000
49	0.0000000
50	0.0000000
51	0.0000000
52	0.0000000
53	0.0000000
54	0.0000000
55	0.0000000
56	0.0000000
57	-0.0000001
58	-0.0000280
59	-0.0003861
60	-0.0025669
61	-0.0027558
62	-0.0039906
63	-0.0039705
64	-0.0000034
65	0.0000000
66	-0.0000696
67	-0.0003138
68	-0.0001017
69	-0.0000036
70	-0.0000000
71	-0.0000028
72	-0.0000017
73	-0.0000020
74	-0.0000006
75	-0.0000002
76	-0.0000018
77	-0.0000017
78	-0.0000493
79	-0.0003880
80	-0.0004135
81	-0.0007804
82	-0.0013340
83	-0.0016976
84	-0.0018142
85	-0.0025593
86	-0.0031790
87	-0.0033436
88	-0.0026882
89	-0.0025891
90	-0.0018761
91	-0.0008336
92	-0.0002757
93	-0.0000234
94	-0.0000044
95	0.0000000
96	0.0000000
97	0.0000000
98	0.0000000
99	0.0000000
100	0.0000000
101	0.0000000
102	0.0000000
103	-0.0000732
104	-0.0006785
105	-0.0021280
106	-0.0031101
107	-0.0041192
108	-0.0039245
109	-0.0034868
110	-0.0024885
111	-0.0000102
112	0.0000000
113	-0.0000208
114	-0.0001397
115	-0.0000003
116	-0.0000000
117	0.0000000
118	0.0000000
119	0.0000000
120	0.0000000
121	-0.0000000
122	0.0000000
123	-0.0000001
124	-0.0000005
125	-0.0000003
126	-0.0000023
127	0.0000000
128	-0.0000284
129	-0.0002026
130	-0.0004243
131	-0.0005982
132	-0.0008322
133	-0.0008268
134	-0.0007351
135	-0.0006860
136	-0.0011533
137	-0.0014355
138	-0.0012928
139	-0.0009514
140	-0.0001712
141	-0.0000048
142	0.0000000
143	0.0000000
144	0.0000000
145	0.0000000
146	-0.0000000
147	-0.0000001
148	-0.0000002
149	0.0000000
150	-0.0000006
151	-0.0000981
152	-0.0004266
153	-0.0019966
154	-0.0034943
155	-0.0038653
156	-0.0051194
157	-0.0033897
158	-0.0036304
159	-0.0030242
160	-0.0019422
161	-0.0017469
162	-0.0015981
163	-0.0007398
164	-0.0002874
165	-0.0000500
166	-0.0000107
167	-0.0000083
168	0.0000000
169	0.0000000
170	0.0000000
171	0.0000000
172	-0.0000000
173	-0.0000001
174	-0.0000125
175	-0.0000901
176	-0.0003313
177	-0.0006354
178	-0.0006906
179	-0.0013501
180	-0.0025236
181	-0.0027972
182	-0.0027240
183	-0.0023131
184	-0.0009086
185	-0.0010886
186	-0.0013779
187	-0.0009909
188	-0.0001990
189	-0.0000007
190	0.0000000
191	0.0000000
192	0.0000000
193	0.0000000
194	0.0000000
195	0.0000000
196	0.0000000
197	-0.0000000
198	-0.0000002
199	-0.0000459
200	-0.0002561
201	-0.0007142
202	-0.0011321
203	-0.0019191
204	-0.0023345
205	-0.0020171
206	-0.0019153
207	-0.0019930
208	-0.0007366
209	-0.0012198
210	-0.0010175
211	-0.0000147
212	-0.0000010
213	-0.0000000
214	-0.0000000
215	0.0000000
216	0.0000000
217	0.0000000
218	0.0000000
219	0.0000000
220	0.0000000
221	0.0000000
222	0.0000000
223	-0.0000002
224	-0.0000011
225	-0.0000062
226	-0.0000007
227	-0.0000020
228	-0.0000085
229	-0.0001097
230	-0.0003463
231	-0.0005612
232	-0.0009729
233	-0.0011738
234	-0.0008555
235	-0.0004709
236	-0.0000974
237	0.0000000
238	0.0000000
239	0.0000000
240	0.0000000
241	0.0000000
242	0.0000000
243	0.0000000
244	0.0000000
245	0.0000000
246	0.0000000
247	-0.0000014
248	-0.0004084
249	-0.0016666
250	-0.0032080
251	-0.0040332
252	-0.0047612
253	-0.0053088
254	-0.0054575
255	-0.0053182
256	-0.0046295
257	-0.0041779
258	-0.0032973
259	-0.0020645
260	-0.0005145
261	-0.0000247
262	-0.0000029
263	0.0000000
264	0.0000000
265	0.0000000
266	0.0000000
267	0.0000000
268	0.0000000
269	-0.0000000
270	-0.0000003
271	-0.0000553
272	-0.0007159
273	-0.0013095
274	-0.0019889
275	-0.0035072
276	-0.0053889
277	-0.0056175
278	-0.0056594
279	-0.0058374
280	-0.0051021
281	-0.0047106
282	-0.0034945
283	-0.0016573
284	-0.0004708
285	-0.0000981
286	-0.0000306
287	-0.0000000
288	0.0000000
289	0.0000000
290	0.0000000
291	0.0000000
292	0.0000000
293	-0.0000000
294	-0.0000034
295	-0.0001800
296	-0.0016447
297	-0.0027261
298	-0.0040862
299	-0.0048571
300	-0.0052740
301	-0.0052695
302	-0.0045040
303	-0.0042319
304	-0.0045120
305	-0.0022152
306	-0.0025815
307	-0.0013372
308	-0.0003882
309	-0.0000105
310	0.0000000
311	0.0000000
312	0.0000000
313	0.0000000
314	0.0000000
315	0.0000000
316	0.0000000
317	0.0000000
318	0.0000000
319	-0.0000403
320	-0.0004010
321	-0.0014683
322	-0.0031014
323	-0.0041684
324	-0.0047859
325	-0.0052044
326	-0.0052046
327	-0.0051669
328	-0.0048918
329	-0.0040606
330	-0.0030353
331	-0.0016261
332	-0.0005008
333	-0.0000430
334	0.0000000
335	0.0000000
336	0.0000000
337	0.0000000
338	0.0000000
339	0.0000000
340	0.0000000
341	0.0000000
342	0.0000000
343	-0.0000709
344	-0.0005783
345	-0.0015093
346	-0.0027835
347	-0.0041257
348	-0.0050235
349	-0.0055015
350	-0.0056789
351	-0.0056253
352	-0.0052273
353	-0.0041324
354	-0.0022969
355	-0.0015621
356	-0.0004483
357	-0.0000487
358	-0.0000120
359	-0.0000001
360	0.0000000
361	0.0000000
362	0.0000000
363	0.0000000
364	0.0000000
365	0.0000000
366	0.0000000
367	0.0000000
368	0.0000000
369	-0.0000153
370	-0.0002462
371	-0.0015528
372	-0.0017855
373	-0.0017587
374	-0.0012693
375	-0.0022388
376	-0.0026629
377	-0.0029096
378	-0.0024868
379	-0.0014157
380	-0.0003235
381	-0.0000184
382	-0.0000030
383	-0.0000000
384	0.0000000
385	0.0000000
386	0.0000000
387	0.0000000
388	0.0000000
389	0.0000000
390	0.0000000
391	-0.0000281
392	-0.0002014
393	-0.0000963
394	-0.0001258
395	-0.0002755
396	-0.0006490
397	-0.0006437
398	-0.0002105
399	-0.0002604
400	-0.0010881
401	-0.0030903
402	-0.0026995
403	-0.0017747
404	-0.0004165
405	-0.0000161
406	-0.0000086
407	-0.0000007
408	0.0000000
409	0.0000000
410	0.0000000
411	0.0000000
412	0.0000000
413	0.0000000
414	0.0000000
415	-0.0000140
416	-0.0002448
417	-0.0007868
418	-0.0011948
419	-0.0015529
420	-0.0017543
421	-0.0020759
422	-0.0023013
423	-0.0029178
424	-0.0033730
425	-0.0030211
426	-0.0023287
427	-0.0017105
428	-0.0006528
429	-0.0000194
430	-0.0000023
431	-0.0000009
432	0.0000000
433	0.0000000
434	0.0000000
435	0.0000000
436	0.0000000
437	0.0000000
438	0.0000000
439	-0.0000008
440	-0.0000029
441	-0.0000233
442	-0.0000185
443	-0.0000000
444	0.0000000
445	0.0000000
446	-0.0005106
447	-0.0030545
448	-0.0013045
449	-0.0000028
450	0.0000000
451	0.0000000
452	0.0000000
453	-0.0000000
454	-0.0000000
455	-0.0000005
456	-0.0000013
457	0.0000000
458	0.0000000
459	0.0000000
460	0.0000000
461	0.0000000
462	-0.0000008
463	-0.0000295
464	-0.0001392
465	-0.0003554
466	-0.0008048
467	-0.0012705
468	-0.0011421
469	-0.0010931
470	-0.0015999
471	-0.0008308
472	-0.0020508
473	-0.0021454
474	-0.0018731
475	-0.0011814
476	-0.0001708
477	-0.0000001
478	0.0000000
479	-0.0000030
480	0.0000000
481	0.0000000
482	0.0000000
483	0.0000000
484	0.0000000
485	0.0000000
486	-0.0000008
487	-0.0000104
488	-0.0000167
489	-0.0000019
490	-0.0000154
491	-0.0002784
492	-0.0004960
493	-0.0012577
494	-0.0017106
495	-0.0017358
496	-0.0021851
497	-0.0022430
498	-0.0020883
499	-0.0014696
500	-0.0007374
501	-0.0000651
502	-0.0000011
503	-0.0000025
504	-0.0000070
505	-0.0000028
506	-0.0000070
507	-0.0000128
508	-0.0000161
509	-0.0000139
510	-0.0002400
511	-0.0004484
512	-0.0008374
513	-0.0000088
514	0.0000000
515	-0.0001681
516	-0.0009589
517	-0.0021285
518	-0.0027404
519	-0.0027235
520	-0.0024888
521	-0.0024274
522	-0.0024764
523	-0.0019416
524	-0.0009996
525	-0.0001012
526	-0.0000074
527	-0.0000000
528	0.0000000
529	0.0000000
530	0.0000000
531	0.0000000
532	0.0000000
533	0.0000000
534	-0.0000003
535	-0.0000071
536	-0.0003192
537	-0.0015632
538	-0.0020101
539	-0.0022418
540	-0.0019306
541	-0.0027244
542	-0.0032136
543	-0.0031644
544	-0.0027745
545	-0.0024370
546	-0.0021827
547	-0.0016698
548	-0.0008217
549	-0.0001083
550	-0.0000098
551	-0.0000000
552	0.0000000
553	0.0000000
554	0.0000000
555	0.0000000
556	0.0000000
557	0.0000000
558	-0.0000000
559	-0.0000092
560	-0.0004166
561	-0.0017831
562	-0.0025148
563	-0.0024759
564	-0.0028391
565	-0.0035679
566	-0.0038474
567	-0.0040364
568	-0.0039604
569	-0.0035749
570	-0.0029842
571	-0.0021500
572	-0.0007833
573	-0.0001589
574	-0.0000000
575	0.0000000
576	0.0000000
577	0.0000000
578	0.0000000
579	0.0000000
580	-0.0000000
581	-0.0000000
582	-0.0000005
583	-0.0000252
584	-0.0004608
585	-0.0020778
586	-0.0031835
587	-0.0040635
588	-0.0048215
589	-0.0051121
590	-0.0051175
591	-0.0050440
592	-0.0043355
593	-0.0039207
594	-0.0030837
595	-0.0022555
596	-0.0005548
597	-0.0000538
598	-0.0000104
599	0.0000000
600	0.0000000
601	0.0000000
602	0.0000000
603	0.0000000
604	0.0000000
605	-0.0000000
606	-0.0000039
607	-0.0001090
608	-0.0011498
609	-0.0031115
610	-0.0041537
611	-0.0049525
612	-0.0055574
613	-0.0059780
614	-0.0062457
615	-0.0062165
616	-0.0059458
617	-0.0050209
618	-0.0034617
619	-0.0018686
620	-0.0005795
621	-0.0001201
622	-0.0000192
623	-0.0000267
624	-0.0000000
625	0.0000000
626	0.0000000
627	0.0000000
628	0.0000000
629	0.0000000
630	-0.0000011
631	-0.0000580
632	-0.0015567
633	-0.0036073
634	-0.0046097
635	-0.0055596
636	-0.0060732
637	-0.0063604
638	-0.0064072
639	-0.0065437
640	-0.0064343
641	-0.0055237
642	-0.0035168
643	-0.0020892
644	-0.0007498
645	-0.0001594
646	-0.0000344
647	-0.0000390
648	-0.0000000
649	0.0000000
650	0.0000000
651	0.0000000
652	0.0000000
653	-0.0000001
654	-0.0000032
655	-0.0001594
656	-0.0016854
657	-0.0037914
658	-0.0050045
659	-0.0054655
660	-0.0062388
661	-0.0070047
662	-0.0070536
663	-0.0068131
664	-0.0070229
665	-0.0060335
666	-0.0043191
667	-0.0029389
668	-0.0008884
669	-0.0001081
670	-0.0000352
671	-0.0000251
672	-0.0000000
673	0.0000000
674	0.0000000
675	0.0000000
676	0.0000000
677	0.0000000
678	0.0000000
679	-0.0000015
680	-0.0000012
681	-0.0000023
682	-0.0001064
683	-0.0008832
684	-0.0000996
685	-0.0002722
686	-0.0009824
687	-0.0017227
688	-0.0025057
689	-0.0018657
690	-0.0011391
691	-0.0004683
692	-0.0000492
693	-0.0000288
694	-0.0000000
695	0.0000000
696	0.0000000
697	0.0000000
698	0.0000000
699	0.0000000
700	-0.0000001
701	-0.0000001
702	-0.0000004
703	-0.0000016
704	-0.0003591
705	-0.0011364
706	-0.0011984
707	-0.0026897
708	-0.0030816
709	-0.0035153
710	-0.0026685
711	-0.0030446
712	-0.0039537
713	-0.0034437
714	-0.0026123
715	-0.0008950
716	-0.0001168
717	-0.0000143
718	-0.0000061
719	0.0000000
720	0.0000000
721	0.0000000
722	0.0000000
723	0.0000000
724	0.0000000
725	0.0000000
726	-0.0000009
727	-0.0000361
728	-0.0004892
729	-0.0010470
730	-0.0018845
731	-0.0040575
732	-0.0050705
733	-0.0051994
734	-0.0037951
735	-0.0038937
736	-0.0052831
737	-0.0041877
738	-0.0030834
739	-0.0015291
740	-0.0001989
741	-0.0000324
742	-0.0000082
743	0.0000000
744	0.0000000
745	0.0000000
746	0.0000000
747	0.0000000
748	0.0000000
749	-0.0000001
750	-0.0000006
751	-0.0000093
752	-0.0000374
753	-0.0000033
754	-0.0000037
755	-0.0006088
756	-0.0017101
757	-0.0027318
758	-0.0031337
759	-0.0038007
760	-0.0038994
761	-0.0042334
762	-0.0031968
763	-0.0019906
764	-0.0006798
765	-0.0000209
766	-0.0000098
767	0.0000000
768	0.0000000
769	0.0000000
770	0.0000000
771	0.0000000
772	0.0000000
773	0.0000000
774	0.0000000
775	-0.0000066
776	-0.0003045
777	-0.0010511
778	-0.0026133
779	-0.0039625
780	-0.0050616
781	-0.0049881
782	-0.0050840
783	-0.0052459
784	-0.0050069
785	-0.0048672
786	-0.0036928
787	-0.0022077
788	-0.0005124
789	-0.0001092
790	-0.0000138
791	0.0000000
792	0.0000000
793	0.0000000
794	0.0000000
795	0.0000000
796	0.0000000
797	0.0000000
798	0.0000000
799	-0.0000001
800	-0.0004357
801	-0.0020279
802	-0.0038388
803	-0.0050074
804	-0.0058979
805	-0.0061859
806	-0.0063813
807	-0.0062494
808	-0.0058238
809	-0.0049146
810	-0.0034612
811	-0.0013066
812	-0.0000313
813	-0.0000135
814	-0.0000133
815	-0.0000127
816	0.0000000
817	0.0000000
818	0.0000000
819	0.0000000
820	0.0000000
821	0.0000000
822	-0.0000003
823	-0.0000399
824	-0.0006848
825	-0.0031504
826	-0.0042832
827	-0.0051724
828	-0.0060074
829	-0.0066082
830	-0.0067807
831	-0.0065672
832	-0.0055822
833	-0.0039925
834	-0.0022271
835	-0.0008929
836	-0.0004476
837	-0.0000237
838	-0.0000057
839	-0.0000002
840	0.0000000
841	0.0000000
842	0.0000000
843	0.0000000
844	0.0000000
845	0.0000000
846	0.0000000
847	-0.0000556
848	-0.0002865
849	-0.0009310
850	-0.0026644
851	-0.0039864
852	-0.0047271
853	-0.0043949
854	-0.0040587
855	-0.0035315
856	-0.0040139
857	-0.0042905
858	-0.0036029
859	-0.0027130
860	-0.0011570
861	-0.0000985
862	-0.0000000
863	0.0000000
864	0.0000000
865	0.0000000
866	0.0000000
867	0.0000000
868	0.0000000
869	-0.0000000
870	-0.0000021
871	-0.0000200
872	-0.0001179
873	-0.0013289
874	-0.0031649
875	-0.0044920
876	-0.0056612
877	-0.0059619
878	-0.0061092
879	-0.0060083
880	-0.0056703
881	-0.0044680
882	-0.0025345
883	-0.0020474
884	-0.0002972
885	-0.0000288
886	-0.0000047
887	-0.0000035
888	0.0000000
889	0.0000000
890	0.0000000
891	0.0000000
892	0.0000000
893	0.0000000
894	0.0000000
895	0.0000000
896	-0.0002309
897	-0.0017737
898	-0.0039336
899	-0.0048877
900	-0.0058485
901	-0.0062869
902	-0.0066347
903	-0.0064351
904	-0.0043106
905	-0.0025741
906	-0.0022158
907	-0.0014066
908	-0.0001477
909	-0.0000912
910	-0.0000274
911	-0.0000247
912	-0.0000000
913	0.0000000
914	0.0000000
915	0.0000000
916	0.0000000
917	0.0000000
918	0.0000000
919	-0.0000027
920	-0.0000957
921	-0.0000392
922	-0.0002448
923	-0.0010567
924	-0.0000599
925	-0.0000490
926	-0.0006111
927	-0.0020912
928	-0.0030844
929	-0.0039674
930	-0.0033778
931	-0.0021384
932	-0.0006125
933	-0.0000526
934	-0.0000103
935	-0.0000066
936	0.0000000
937	0.0000000
938	0.0000000
939	0.0000000
940	0.0000000
941	0.0000000
942	-0.0000001
943	-0.0000166
944	-0.0004436
945	-0.0026266
946	-0.0036916
947	-0.0047022
948	-0.0054719
949	-0.0055715
950	-0.0057475
951	-0.0057986
952	-0.0054609
953	-0.0047521
954	-0.0037997
955	-0.0020229
956	-0.0007616
957	-0.0000604
958	-0.0000149
959	-0.0000089
960	-0.0000000
961	0.0000000
962	0.0000000
963	0.0000000
964	0.0000000
965	0.0000000
966	-0.0000000
967	-0.0000163
968	-0.0005725
969	-0.0027915
970	-0.0038933
971	-0.0046446
972	-0.0047051
973	-0.0039853
974	-0.0044498
975	-0.0048178
976	-0.0043706
977	-0.0040078
978	-0.0030064
979	-0.0018983
980	-0.0003179
981	-0.0000289
982	-0.0000038
983	-0.0000011
984	0.0000000
985	0.0000000
986	0.0000000
987	0.0000000
988	0.0000000
989	0.0000000
990	0.0000000
991	0.0000000
992	-0.0000001
993	-0.0001563
994	-0.0004220
995	-0.0002643
996	-0.0001599
997	-0.0002391
998	-0.0012430
999	-0.0013206
1000	-0.0005516
1001	-0.0001224
1002	-0.0000219
1003	-0.0000105
1004	-0.0000009
1005	0.0000000
1006	0.0000000
1007	0.0000000
1008	0.0000000
1009	0.0000000
1010	0.0000000
1011	0.0000000
1012	0.0000000
1013	0.0000000
1014	0.0000000
1015	-0.0000069
1016	-0.0000851
1017	-0.0005980
1018	-0.0026894
1019	-0.0034976
1020	-0.0045171
1021	-0.0045542
1022	-0.0044851
1023	-0.0046902
1024	-0.0040475
1025	-0.0025305
1026	-0.0012678
1027	-0.0004193
1028	-0.0001640
1029	-0.0000071
1030	0.0000000
1031	0.0000000
1032	0.0000000
1033	0.0000000
1034	0.0000000
1035	0.0000000
1036	0.0000000
1037	0.0000000
1038	0.0000000
1039	-0.0000015
1040	-0.0001542
1041	-0.0010156
1042	-0.0029206
1043	-0.0042258
1044	-0.0014166
1045	-0.0041589
1046	-0.0039195
1047	-0.0036058
1048	-0.0024434
1049	-0.0025206
1050	-0.0019467
1051	-0.0007308
1052	-0.0001585
1053	-0.0000008
1054	-0.0000001
1055	-0.0000001
1056	0.0000000
1057	0.0000000
1058	0.0000000
1059	0.0000000
1060	0.0000000
1061	0.0000000
1062	-0.0000002
1063	-0.0000331
1064	-0.0002901
1065	-0.0011474
1066	-0.0033752
1067	-0.0044157
1068	-0.0047036
1069	-0.0053829
1070	-0.0055698
1071	-0.0055046
1072	-0.0052556
1073	-0.0044829
1074	-0.0034920
1075	-0.0019212
1076	-0.0005991
1077	-0.0000404
1078	-0.0000017
1079	0.0000000
1080	0.0000000
1081	0.0000000
1082	0.0000000
1083	0.0000000
1084	0.0000000
1085	0.0000000
1086	0.0000000
1087	-0.0000053
1088	-0.0002147
1089	-0.0005281
1090	-0.0008558
1091	-0.0013577
1092	-0.0010688
1093	-0.0020375
1094	-0.0023863
1095	-0.0018153
1096	-0.0016667
1097	-0.0007513
1098	-0.0000416
1099	-0.0000042
1100	0.0000000
1101	0.0000000
1102	0.0000000
1103	0.0000000
1104	0.0000000
1105	0.0000000
1106	0.0000000
1107	0.0000000
1108	0.0000000
1109	0.0000000
1110	-0.0000000
1111	-0.0000116
1112	-0.0001183
1113	-0.0003673
1114	-0.0005774
1115	-0.0012809
1116	-0.0016871
1117	-0.0012064
1118	-0.0019734
1119	-0.0038475
1120	-0.0040210
1121	-0.0030703
1122	-0.0016234
1123	-0.0010586
1124	-0.0000492
1125	-0.0000258
1126	-0.0000000
1127	0.0000000
1128	0.0000000
1129	0.0000000
1130	0.0000000
1131	0.0000000
1132	0.0000000
1133	0.0000000
1134	0.0000000
1135	-0.0000026
1136	-0.0000324
1137	-0.0007625
1138	-0.0018726
1139	-0.0018317
1140	-0.0009066
1141	-0.0018290
1142	-0.0020532
1143	-0.0016410
1144	-0.0018829
1145	-0.0000367
1146	-0.0000550
1147	-0.0000518
1148	-0.0000032
1149	0.0000000
1150	0.0000000
1151	-0.0000007
1152	0.0000000
1153	0.0000000
1154	0.0000000
1155	0.0000000
1156	0.0000000
1157	0.0000000
1158	0.0000000
1159	-0.0000153
1160	-0.0001819
1161	-0.0009126
1162	-0.0025466
1163	-0.0041547
1164	-0.0049476
1165	-0.0055157
1166	-0.0056413
1167	-0.0053732
1168	-0.0051283
1169	-0.0044068
1170	-0.0033086
1171	-0.0019809
1172	-0.0005569
1173	-0.0000046
1174	0.0000000
1175	0.0000000
1176	0.0000000
1177	0.0000000
1178	0.0000000
1179	0.0000000
1180	0.0000000
1181	0.0000000
1182	0.0000000
1183	-0.0000008
1184	-0.0001793
1185	-0.0014388
1186	-0.0036088
1187	-0.0047312
1188	-0.0056811
1189	-0.0060619
1190	-0.0065360
1191	-0.0064022
1192	-0.0057749
1193	-0.0047747
1194	-0.0030828
1195	-0.0015870
1196	-0.0004889
1197	-0.0000356
1198	-0.0000060
1199	-0.0000000
1200	0.0000000
1201	0.0000000
1202	0.0000000
1203	0.0000000
1204	0.0000000
1205	-0.0000000
1206	-0.0000007
1207	-0.0000420
1208	-0.0006889
1209	-0.0025410
1210	-0.0037531
1211	-0.0048664
1212	-0.0056650
1213	-0.0063160
1214	-0.0066124
1215	-0.0060113
1216	-0.0056395
1217	-0.0035146
1218	-0.0022257
1219	-0.0016965
1220	-0.0006250
1221	-0.0000288
1222	-0.0000270
1223	-0.0000254
1224	-0.0000000
1225	0.0000000
1226	0.0000000
1227	0.0000000
1228	0.0000000
1229	0.0000000
1230	-0.0000003
1231	-0.0000296
1232	-0.0001079
1233	-0.0004968
1234	-0.0006665
1235	-0.0030055
1236	-0.0043431
1237	-0.0039764
1238	-0.0055443
1239	-0.0053540
1240	-0.0050750
1241	-0.0041507
1242	-0.0033709
1243	-0.0022170
1244	-0.0006864
1245	-0.0000454
1246	-0.0000114
1247	0.0000000
1248	0.0000000
1249	0.0000000
1250	0.0000000
1251	0.0000000
1252	0.0000000
1253	0.0000000
1254	0.0000000
1255	-0.0000014
1256	-0.0002417
1257	-0.0016432
1258	-0.0033612
1259	-0.0042742
1260	-0.0049847
1261	-0.0052625
1262	-0.0049379
1263	-0.0050619
1264	-0.0049089
1265	-0.0043171
1266	-0.0033044
1267	-0.0017376
1268	-0.0003218
1269	-0.0000131
1270	-0.0000130
1271	-0.0000126
1272	0.0000000
1273	0.0000000
1274	0.0000000
1275	0.0000000
1276	0.0000000
1277	0.0000000
1278	0.0000000
1279	-0.0000003
1280	-0.0002887
1281	-0.0013335
1282	-0.0029226
1283	-0.0038367
1284	-0.0043094
1285	-0.0041348
1286	-0.0041684
1287	-0.0035693
1288	-0.0041133
1289	-0.0033749
1290	-0.0028920
1291	-0.0014480
1292	-0.0003353
1293	-0.0000113
1294	-0.0000068
1295	-0.0000058
1296	0.0000000
1297	0.0000000
1298	0.0000000
1299	0.0000000
1300	0.0000000
1301	0.0000000
1302	-0.0000000
1303	-0.0000000
1304	-0.0000004
1305	-0.0002036
1306	-0.0006091
1307	-0.0010336
1308	-0.0019496
1309	-0.0010791
1310	-0.0005258
1311	-0.0007880
1312	-0.0007536
1313	-0.0007612
1314	-0.0007612
1315	-0.0002276
1316	-0.0000909
1317	-0.0000000
1318	0.0000000
1319	0.0000000
1320	0.0000000
1321	0.0000000
1322	0.0000000
1323	0.0000000
1324	0.0000000
1325	0.0000000
1326	-0.0000000
1327	-0.0000045
1328	-0.0000776
1329	-0.0008229
1330	-0.0015938
1331	-0.0030841
1332	-0.0029785
1333	-0.0036988
1334	-0.0028177
1335	-0.0005269
1336	-0.0012758
1337	-0.0030813
1338	-0.0019590
1339	-0.0009623
1340	-0.0001462
1341	-0.0000019
1342	0.0000000
1343	0.0000000
1344	0.0000000
1345	0.0000000
1346	0.0000000
1347	0.0000000
1348	0.0000000
1349	0.0000000
1350	-0.0000014
1351	-0.0000288
1352	-0.0000054
1353	-0.0000196
1354	-0.0001339
1355	-0.0004703
1356	-0.0002887
1357	-0.0000132
1358	0.0000000
1359	0.0000000
1360	-0.0000664
1361	-0.0004522
1362	-0.0011505
1363	-0.0006132
1364	-0.0000350
1365	-0.0000028
1366	-0.0000033
1367	0.0000000
1368	0.0000000
1369	0.0000000
1370	0.0000000
1371	0.0000000
1372	0.0000000
1373	-0.0000000
1374	-0.0000011
1375	-0.0000344
1376	-0.0000989
1377	-0.0004468
1378	-0.0017808
1379	-0.0031873
1380	-0.0023356
1381	-0.0034521
1382	-0.0014468
1383	-0.0035867
1384	-0.0042339
1385	-0.0039746
1386	-0.0028357
1387	-0.0013690
1388	-0.0000286
1389	0.0000000
1390	0.0000000
1391	0.0000000
1392	0.0000000
1393	0.0000000
1394	0.0000000
1395	0.0000000
1396	0.0000000
1397	-0.0000000
1398	-0.0000003
1399	-0.0000398
1400	-0.0003089
1401	-0.0020414
1402	-0.0036502
1403	-0.0049697
1404	-0.0052235
1405	-0.0052377
1406	-0.0039730
1407	-0.0045368
1408	-0.0046045
1409	-0.0042273
1410	-0.0030755
1411	-0.0016611
1412	-0.0003337
1413	-0.0000110
1414	-0.0000041
1415	0.0000000
1416	0.0000000
1417	0.0000000
1418	0.0000000
1419	0.0000000
1420	0.0000000
1421	0.0000000
1422	-0.0000000
1423	-0.0000129
1424	-0.0004781
1425	-0.0022951
1426	-0.0034168
1427	-0.0040588
1428	-0.0042494
1429	-0.0041979
1430	-0.0043296
1431	-0.0000032
1432	0.0000000
1433	-0.0004547
1434	-0.0027563
1435	-0.0019197
1436	-0.0005041
1437	-0.0000154
1438	-0.0000120
1439	-0.0000110
1440	0.0000000
1441	0.0000000
1442	0.0000000
1443	0.0000000
1444	0.0000000
1445	0.0000000
1446	-0.0000000
1447	-0.0000039
1448	-0.0001506
1449	-0.0011344
1450	-0.0032059
1451	-0.0038074
1452	-0.0042495
1453	-0.0040951
1454	-0.0045858
1455	-0.0044153
1456	-0.0039990
1457	-0.0035246
1458	-0.0028156
1459	-0.0017526
1460	-0.0003384
1461	-0.0000137
1462	-0.0000093
1463	-0.0000076
1464	0.0000000
1465	0.0000000
1466	0.0000000
1467	0.0000000
1468	0.0000000
1469	0.0000000
1470	-0.0000000
1471	-0.0000037
1472	-0.0001678
1473	-0.0010708
1474	-0.0027687
1475	-0.0035325
1476	-0.0043477
1477	-0.0049360
1478	-0.0050997
1479	-0.0052708
1480	-0.0043189
1481	-0.0028805
1482	-0.0024244
1483	-0.0008172
1484	-0.0001108
1485	-0.0000069
1486	-0.0000103
1487	-0.0000000
1488	0.0000000
1489	0.0000000
1490	0.0000000
1491	0.0000000
1492	0.0000000
1493	0.0000000
1494	0.0000000
1495	0.0000000
1496	0.0000000
1497	-0.0000319
1498	-0.0007254
1499	-0.0025880
1500	-0.0027135
1501	-0.0043156
1502	-0.0052344
1503	-0.0049144
1504	-0.0045170
1505	-0.0037842
1506	-0.0026663
1507	-0.0010828
1508	-0.0001186
1509	-0.0000008
1510	0.0000000
1511	0.0000000
1512	0.0000000
1513	0.0000000
1514	0.0000000
1515	0.0000000
1516	0.0000000
1517	0.0000000
1518	0.0000000
1519	-0.0000002
1520	-0.0000005
1521	0.0000000
1522	0.0000000
1523	0.0000000
1524	-0.0000345
1525	-0.0014000
1526	-0.0040482
1527	-0.0043562
1528	-0.0034195
1529	-0.0030784
1530	-0.0022065
1531	-0.0010128
1532	-0.0001130
1533	-0.0000016
1534	0.0000000
1535	0.0000000
1536	0.0000000
1537	0.0000000
1538	0.0000000
1539	0.0000000
1540	0.0000000
1541	0.0000000
1542	-0.0000000
1543	-0.0000138
1544	-0.0001851
1545	-0.0009402
1546	-0.0028199
1547	-0.0041321
1548	-0.0050325
1549	-0.0055596
1550	-0.0055376
1551	-0.0052845
1552	-0.0045621
1553	-0.0030969
1554	-0.0015061
1555	-0.0005239
1556	-0.0000153
1557	-0.0000036
1558	0.0000000
1559	0.0000000
1560	0.0000000
1561	0.0000000
1562	0.0000000
1563	0.0000000
1564	0.0000000
1565	0.0000000
1566	0.0000000
1567	-0.0000127
1568	-0.0002366
1569	-0.0010863
1570	-0.0027291
1571	-0.0041682
1572	-0.0030490
1573	-0.0016920
1574	-0.0017013
1575	-0.0015162
1576	-0.0011088
1577	-0.0006132
1578	-0.0003084
1579	-0.0001261
1580	-0.0000021
1581	-0.0000001
1582	-0.0000002
1583	0.0000000
1584	0.0000000
1585	0.0000000
1586	0.0000000
1587	0.0000000
1588	0.0000000
1589	0.0000000
1590	-0.0000000
1591	-0.0000158
1592	-0.0001046
1593	-0.0004898
1594	-0.0019771
1595	-0.0038470
1596	-0.0048573
1597	-0.0053692
1598	-0.0055281
1599	-0.0051462
1600	-0.0043496
1601	-0.0041552
1602	-0.0023974
1603	-0.0009291
1604	-0.0001585
1605	-0.0000031
1606	-0.0000001
1607	0.0000000
1608	0.0000000
1609	0.0000000
1610	0.0000000
1611	0.0000000
1612	0.0000000
1613	0.0000000
1614	-0.0000000
1615	-0.0000033
1616	-0.0003342
1617	-0.0016449
1618	-0.0031333
1619	-0.0041995
1620	-0.0050120
1621	-0.0054275
1622	-0.0035281
1623	-0.0030565
1624	-0.0041033
1625	-0.0034552
1626	-0.0022826
1627	-0.0011375
1628	-0.0001026
1629	-0.0000150
1630	-0.0000114
1631	-0.0000073
1632	-0.0000000
1633	0.0000000
1634	0.0000000
1635	0.0000000
1636	0.0000000
1637	0.0000000
1638	0.0000000
1639	0.0000000
1640	-0.0000069
1641	-0.0000004
1642	0.0000000
1643	-0.0002822
1644	-0.0028435
1645	-0.0046580
1646	-0.0049032
1647	-0.0044452
1648	-0.0046827
1649	-0.0040804
1650	-0.0028880
1651	-0.0012109
1652	-0.0002295
1653	-0.0000045
1654	-0.0000027
1655	-0.0000005
1656	0.0000000
1657	0.0000000
1658	0.0000000
1659	0.0000000
1660	0.0000000
1661	0.0000000
1662	0.0000000
1663	-0.0000003
1664	-0.0001019
1665	-0.0014936
1666	-0.0033492
1667	-0.0039652
1668	-0.0049837
1669	-0.0050933
1670	-0.0050918
1671	-0.0034987
1672	-0.0028327
1673	-0.0022819
1674	-0.0017924
1675	-0.0009362
1676	-0.0001136
1677	-0.0000150
1678	-0.0000010
1679	0.0000000
1680	0.0000000
1681	0.0000000
1682	0.0000000
1683	0.0000000
1684	0.0000000
1685	0.0000000
1686	-0.0000000
1687	-0.0000436
1688	-0.0010143
1689	-0.0020489
1690	-0.0026711
1691	-0.0027125
1692	-0.0032897
1693	-0.0030181
1694	-0.0034683
1695	-0.0039147
1696	-0.0032772
1697	-0.0035830
1698	-0.0027880
1699	-0.0000233
1700	0.0000000
1701	0.0000000
1702	0.0000000
1703	0.0000000
1704	0.0000000
1705	0.0000000
1706	0.0000000
1707	0.0000000
1708	0.0000000
1709	-0.0000000
1710	-0.0000001
1711	-0.0000199
1712	-0.0004623
1713	-0.0022173
1714	-0.0030975
1715	-0.0034482
1716	-0.0035463
1717	-0.0032872
1718	-0.0035472
1719	-0.0033069
1720	-0.0027929
1721	-0.0027419
1722	-0.0021725
1723	-0.0006905
1724	-0.0001312
1725	-0.0000075
1726	-0.0000069
1727	-0.0000076
1728	-0.0000000
1729	0.0000000
1730	0.0000000
1731	0.0000000
1732	0.0000000
1733	0.0000000
1734	-0.0000000
1735	-0.0000049
1736	-0.0001374
1737	-0.0014108
1738	-0.0027967
1739	-0.0035998
1740	-0.0042834
1741	-0.0046381
1742	-0.0049139
1743	-0.0044019
1744	-0.0035262
1745	-0.0029843
1746	-0.0020656
1747	-0.0004847
1748	-0.0000341
1749	-0.0000025
1750	-0.0000025
1751	-0.0000022
1752	0.0000000
1753	0.0000000
1754	0.0000000
1755	0.0000000
1756	0.0000000
1757	0.0000000
1758	0.0000000
1759	0.0000000
1760	-0.0000014
1761	-0.0000295
1762	-0.0002445
1763	-0.0018019
1764	-0.0034095
1765	-0.0040614
1766	-0.0043415
1767	-0.0042614
1768	-0.0038260
1769	-0.0031666
1770	-0.0016853
1771	-0.0003930
1772	-0.0000978
1773	-0.0000027
1774	-0.0000001
1775	-0.0000017
1776	0.0000000
1777	0.0000000
1778	0.0000000
1779	0.0000000
1780	0.0000000
1781	0.0000000
1782	0.0000000
1783	-0.0000019
1784	-0.0000352
1785	-0.0001387
1786	-0.0000013
1787	-0.0000026
1788	-0.0005030
1789	-0.0022921
1790	-0.0029423
1791	-0.0028315
1792	-0.0017326
1793	-0.0021922
1794	-0.0013666
1795	-0.0002382
1796	-0.0000070
1797	-0.0000000
1798	0.0000000
1799	0.0000000
1800	0.0000000
1801	0.0000000
1802	0.0000000
1803	0.0000000
1804	0.0000000
1805	0.0000000
1806	0.0000000
1807	-0.0000002
1808	-0.0000130
1809	-0.0001744
1810	-0.0004727
1811	-0.0008932
1812	-0.0011013
1813	-0.0003608
1814	-0.0003649
1815	-0.0009816
1816	-0.0016794
1817	-0.0020706
1818	-0.0012909
1819	-0.0003026
1820	-0.0000263
1821	-0.0000062
1822	-0.0000045
1823	0.0000000
1824	0.0000000
1825	0.0000000
1826	0.0000000
1827	0.0000000
1828	0.0000000
1829	-0.0000000
1830	-0.0000000
1831	-0.0000046
1832	-0.0000675
1833	-0.0004089
1834	-0.0010430
1835	-0.0023029
1836	-0.0032523
1837	-0.0038617
1838	-0.0041605
1839	-0.0042542
1840	-0.0037536
1841	-0.0026841
1842	-0.0010731
1843	-0.0002756
1844	-0.0000357
1845	-0.0000064
1846	-0.0000071
1847	-0.0000048
1848	0.0000000
1849	0.0000000
1850	0.0000000
1851	0.0000000
1852	0.0000000
1853	0.0000000
1854	0.0000000
1855	-0.0000007
1856	-0.0000618
1857	-0.0002342
1858	-0.0006357
1859	-0.0013382
1860	-0.0013345
1861	-0.0013463
1862	-0.0014621
1863	-0.0013874
1864	-0.0013811
1865	-0.0011792
1866	-0.0006436
1867	-0.0002194
1868	-0.0000219
1869	-0.0000059
1870	-0.0000074
1871	-0.0000078
1872	0.0000000
1873	0.0000000
1874	0.0000000
1875	0.0000000
1876	0.0000000
1877	0.0000000
1878	0.0000000
1879	-0.0000007
1880	-0.0000170
1881	-0.0002388
1882	-0.0011107
1883	-0.0024967
1884	-0.0025730
1885	-0.0031619
1886	-0.0039676
1887	-0.0042420
1888	-0.0032321
1889	-0.0031483
1890	-0.0018171
1891	-0.0003647
1892	-0.0000172
1893	-0.0000015
1894	-0.0000103
1895	-0.0000000
1896	0.0000000
1897	0.0000000
1898	0.0000000
1899	0.0000000
1900	0.0000000
1901	-0.0000000
1902	-0.0000001
1903	-0.0000222
1904	-0.0003707
1905	-0.0013772
1906	-0.0021877
1907	-0.0025516
1908	-0.0026766
1909	-0.0027633
1910	-0.0031120
1911	-0.0021791
1912	-0.0019710
1913	-0.0017167
1914	-0.0014253
1915	-0.0004573
1916	-0.0000489
1917	-0.0000115
1918	-0.0000080
1919	-0.0000055
1920	0.0000000
1921	0.0000000
1922	0.0000000
1923	0.0000000
1924	0.0000000
1925	0.0000000
1926	0.0000000
1927	-0.0000000
1928	-0.0000178
1929	-0.0006294
1930	-0.0021772
1931	-0.0027747
1932	-0.0027804
1933	-0.0037664
1934	-0.0041749
1935	-0.0041061
1936	-0.0036493
1937	-0.0030851
1938	-0.0018432
1939	-0.0006101
1940	-0.0001126
1941	-0.0000089
1942	-0.0000076
1943	-0.0000031
1944	0.0000000
1945	0.0000000
1946	0.0000000
1947	0.0000000
1948	0.0000000
1949	0.0000000
1950	-0.0000000
1951	-0.0000036
1952	-0.0000888
1953	-0.0012825
1954	-0.0026696
1955	-0.0035190
1956	-0.0040102
1957	-0.0046758
1958	-0.0049928
1959	-0.0048995
1960	-0.0044819
1961	-0.0036499
1962	-0.0022711
1963	-0.0006668
1964	-0.0000662
1965	-0.0000074
1966	-0.0000104
1967	-0.0000000
1968	0.0000000
1969	0.0000000
1970	0.0000000
1971	0.0000000
1972	0.0000000
1973	-0.0000001
1974	-0.0000002
1975	-0.0000131
1976	-0.0003233
1977	-0.0020387
1978	-0.0034019
1979	-0.0045716
1980	-0.0055183
1981	-0.0057725
1982	-0.0058480
1983	-0.0056487
1984	-0.0052122
1985	-0.0040449
1986	-0.0024793
1987	-0.0009087
1988	-0.0000558
1989	-0.0000069
1990	-0.0000001
