TIME_UNITS h
DATA_UNITS kg/s
0	-0.0000003
1	-0.0000008
2	-0.0000009
3	-0.0000005
4	-0.0000003
5	-0.0000001
6	-0.0000014
7	-0.0000190
8	-0.0001160
9	-0.0002404
10	-0.0003833
11	-0.0005304
12	-0.0005857
13	-0.0006284
14	-0.0006704
15	-0.0006853
16	-0.0006700
17	-0.0006059
18	-0.0004948
19	-0.0003128
20	-0.0001082
21	-0.0000122
22	-0.0000012
23	-0.0000006
24	-0.0000006
25	-0.0000004
26	-0.0000002
27	-0.0000002
28	0.0000000
29	0.0000000
30	0.0000000
31	0.0000000
32	-0.0000865
33	-0.0002801
34	-0.0004920
35	-0.0006492
36	-0.0007162
37	-0.0007504
38	-0.0006801
39	-0.0005405
40	-0.0004631
41	-0.0001948
42	-0.0000935
43	-0.0000684
44	-0.0000178
45	-0.0000001
46	0.0000000
47	0.0000000
48	0.0000000
49	0.0000000
50	0.0000000
51	0.0000000
52	0.0000000
53	0.0000000
54	0.0000000
55	0.0000000
56	0.0000000
57	-0.0000000
58	-0.0000047
59	-0.0000644
60	-0.0004282
61	-0.0004598
62	-0.0006658
63	-0.0006624
64	-0.0000006
65	0.0000000
66	-0.0000116
67	-0.0000524
68	-0.0000170
69	-0.0000006
70	-0.0000000
71	-0.0000005
72	-0.0000003
73	-0.0000003
74	-0.0000001
75	-0.0000000
76	-0.0000003
77	-0.0000003
78	-0.0000082
79	-0.0000647
80	-0.0000690
81	-0.0001302
82	-0.0002225
83	-0.0002832
84	-0.0003027
85	-0.0004270
86	-0.0005304
87	-0.0005578
88	-0.0004485
89	-0.0004319
90	-0.0003130
91	-0.0001391
92	-0.0000460
93	-0.0000039
94	-0.0000007
95	0.0000000
96	0.0000000
97	0.0000000
98	0.0000000
99	0.0000000
100	0.0000000
101	0.0000000
102	0.0000000
103	-0.0000122
104	-0.0001132
105	-0.0003550
106	-0.0005189
107	-0.0006872
108	-0.0006547
109	-0.0005817
110	-0.0004152
111	-0.0000017
112	0.0000000
113	-0.0000035
114	-0.0000233
115	-0.0000000
116	-0.0000000
117	0.0000000
118	0.0000000
119	0.0000000
120	0.0000000
121	-0.0000000
122	0.0000000
123	-0.0000000
124	-0.0000001
125	-0.0000001
126	-0.0000004
127	0.0000000
128	-0.0000047
129	-0.0000338
130	-0.0000708
131	-0.0000998
132	-0.0001388
133	-0.0001379
134	-0.0001226
135	-0.0001144
136	-0.0001924
137	-0.0002395
138	-0.0002157
139	-0.0001587
140	-0.0000286
141	-0.0000008
142	0.0000000
143	0.0000000
144	0.0000000
145	0.0000000
146	-0.0000000
147	-0.0000000
148	-0.0000000
149	0.0000000
150	-0.0000001
151	-0.0000164
152	-0.0000712
153	-0.0003331
154	-0.0005830
155	-0.0006449
156	-0.0008541
157	-0.0005655
158	-0.0006057
159	-0.0005045
160	-0.0003240
161	-0.0002914
162	-0.0002666
163	-0.0001234
164	-0.0000479
165	-0.0000083
166	-0.0000018
167	-0.0000014
168	0.0000000
169	0.0000000
170	0.0000000
171	0.0000000
172	-0.0000000
173	-0.0000000
174	-0.0000021
175	-0.0000150
176	-0.0000553
177	-0.0001060
178	-0.0001152
179	-0.0002252
180	-0.0004210
181	-0.0004667
182	-0.0004544
183	-0.0003859
184	-0.0001516
185	-0.0001816
186	-0.0002299
187	-0.0001653
188	-0.0000332
189	-0.0000001
190	0.0000000
191	0.0000000
192	0.0000000
193	0.0000000
194	0.0000000
195	0.0000000
196	0.0000000
197	-0.0000000
198	-0.0000000
199	-0.0000077
200	-0.0000427
201	-0.0001191
202	-0.0001889
203	-0.0003202
204	-0.0003895
205	-0.0003365
206	-0.0003195
207	-0.0003325
208	-0.0001229
209	-0.0002035
210	-0.0001698
211	-0.0000025
212	-0.0000002
213	-0.0000000
214	-0.0000000
215	0.0000000
216	0.0000000
217	0.0000000
218	0.0000000
219	0.0000000
220	0.0000000
221	0.0000000
222	0.0000000
223	-0.0000000
224	-0.0000002
225	-0.0000010
226	-0.0000001
227	-0.0000003
228	-0.0000014
229	-0.0000183
230	-0.0000578
231	-0.0000936
232	-0.0001623
233	-0.0001958
234	-0.0001427
235	-0.0000786
236	-0.0000163
237	0.0000000
238	0.0000000
239	0.0000000
240	0.0000000
241	0.0000000
242	0.0000000
243	0.0000000
244	0.0000000
245	0.0000000
246	0.0000000
247	-0.0000002
248	-0.0000681
249	-0.0002780
250	-0.0005352
251	-0.0006729
252	-0.0007943
253	-0.0008857
254	-0.0009105
255	-0.0008872
256	-0.0007724
257	-0.0006970
258	-0.0005501
259	-0.0003444
260	-0.0000858
261	-0.0000041
262	-0.0000005
263	0.0000000
264	0.0000000
265	0.0000000
266	0.0000000
267	0.0000000
268	0.0000000
269	-0.0000000
270	-0.0000001
271	-0.0000092
272	-0.0001194
273	-0.0002185
274	-0.0003318
275	-0.0005851
276	-0.0008990
277	-0.0009372
278	-0.0009442
279	-0.0009739
280	-0.0008512
281	-0.0007859
282	-0.0005830
283	-0.0002765
284	-0.0000786
285	-0.0000164
286	-0.0000051
287	-0.0000000
288	0.0000000
289	0.0000000
290	0.0000000
291	0.0000000
292	0.0000000
293	-0.0000000
294	-0.0000006
295	-0.0000300
296	-0.0002744
297	-0.0004548
298	-0.0006817
299	-0.0008103
300	-0.0008799
301	-0.0008791
302	-0.0007514
303	-0.0007060
304	-0.0007527
305	-0.0003696
306	-0.0004307
307	-0.0002231
308	-0.0000648
309	-0.0000017
310	0.0000000
311	0.0000000
312	0.0000000
313	0.0000000
314	0.0000000
315	0.0000000
316	0.0000000
317	0.0000000
318	0.0000000
319	-0.0000067
320	-0.0000669
321	-0.0002450
322	-0.0005174
323	-0.0006954
324	-0.0007984
325	-0.0008683
326	-0.0008683
327	-0.0008620
328	-0.0008161
329	-0.0006774
330	-0.0005064
331	-0.0002713
332	-0.0000835
333	-0.0000072
334	0.0000000
335	0.0000000
336	0.0000000
337	0.0000000
338	0.0000000
339	0.0000000
340	0.0000000
341	0.0000000
342	0.0000000
343	-0.0000118
344	-0.0000965
345	-0.0002518
346	-0.0004644
347	-0.0006883
348	-0.0008381
349	-0.0009178
350	-0.0009474
351	-0.0009385
352	-0.0008721
353	-0.0006894
354	-0.0003832
355	-0.0002606
356	-0.0000748
357	-0.0000081
358	-0.0000020
359	-0.0000000
360	0.0000000
361	0.0000000
362	0.0000000
363	0.0000000
364	0.0000000
365	0.0000000
366	0.0000000
367	0.0000000
368	0.0000000
369	-0.0000026
370	-0.0000411
371	-0.0002591
372	-0.0002979
373	-0.0002934
374	-0.0002118
375	-0.0003735
376	-0.0004443
377	-0.0004854
378	-0.0004149
379	-0.0002362
380	-0.0000540
381	-0.0000031
382	-0.0000005
383	-0.0000000
384	0.0000000
385	0.0000000
386	0.0000000
387	0.0000000
388	0.0000000
389	0.0000000
390	0.0000000
391	-0.0000047
392	-0.0000336
393	-0.0000161
394	-0.0000210
395	-0.0000460
396	-0.0001083
397	-0.0001074
398	-0.0000351
399	-0.0000434
400	-0.0001815
401	-0.0005156
402	-0.0004504
403	-0.0002961
404	-0.0000695
405	-0.0000027
406	-0.0000014
407	-0.0000001
408	0.0000000
409	0.0000000
410	0.0000000
411	0.0000000
412	0.0000000
413	0.0000000
414	0.0000000
415	-0.0000023
416	-0.0000408
417	-0.0001313
418	-0.0001993
419	-0.0002591
420	-0.0002927
421	-0.0003463
422	-0.0003839
423	-0.0004868
424	-0.0005627
425	-0.0005040
426	-0.0003885
427	-0.0002854
428	-0.0001089
429	-0.0000032
430	-0.0000004
431	-0.0000002
432	0.0000000
433	0.0000000
434	0.0000000
435	0.0000000
436	0.0000000
437	0.0000000
438	0.0000000
439	-0.0000001
440	-0.0000005
441	-0.0000039
442	-0.0000031
443	-0.0000000
444	0.0000000
445	0.0000000
446	-0.0000852
447	-0.0005096
448	-0.0002176
449	-0.0000005
450	0.0000000
451	0.0000000
452	0.0000000
453	-0.0000000
454	-0.0000000
455	-0.0000001
456	-0.0000002
457	0.0000000
458	0.0000000
459	0.0000000
460	0.0000000
461	0.0000000
462	-0.0000001
463	-0.0000049
464	-0.0000232
465	-0.0000593
466	-0.0001343
467	-0.0002120
468	-0.0001905
469	-0.0001824
470	-0.0002669
471	-0.0001386
472	-0.0003421
473	-0.0003579
474	-0.0003125
475	-0.0001971
476	-0.0000285
477	-0.0000000
478	0.0000000
479	-0.0000005
480	0.0000000
481	0.0000000
482	0.0000000
483	0.0000000
484	0.0000000
485	0.0000000
486	-0.0000001
487	-0.0000017
488	-0.0000028
489	-0.0000003
490	-0.0000026
491	-0.0000465
492	-0.0000828
493	-0.0002098
494	-0.0002854
495	-0.0002896
496	-0.0003645
497	-0.0003742
498	-0.0003484
499	-0.0002452
500	-0.0001230
501	-0.0000109
502	-0.0000002
503	-0.0000004
504	-0.0000012
505	-0.0000005
506	-0.0000012
507	-0.0000021
508	-0.0000027
509	-0.0000023
510	-0.0000400
511	-0.0000748
512	-0.0001397
513	-0.0000015
514	0.0000000
515	-0.0000280
516	-0.0001600
517	-0.0003551
518	-0.0004572
519	-0.0004544
520	-0.0004152
521	-0.0004050
522	-0.0004131
523	-0.0003239
524	-0.0001668
525	-0.0000169
526	-0.0000012
527	-0.0000000
528	0.0000000
529	0.0000000
530	0.0000000
531	0.0000000
532	0.0000000
533	0.0000000
534	-0.0000001
535	-0.0000012
536	-0.0000533
537	-0.0002608
538	-0.0003354
539	-0.0003740
540	-0.0003221
541	-0.0004545
542	-0.0005361
543	-0.0005279
544	-0.0004629
545	-0.0004066
546	-0.0003641
547	-0.0002786
548	-0.0001371
549	-0.0000181
550	-0.0000016
551	-0.0000000
552	0.0000000
553	0.0000000
554	0.0000000
555	0.0000000
556	0.0000000
557	0.0000000
558	-0.0000000
559	-0.0000015
560	-0.0000695
561	-0.0002975
562	-0.0004195
563	-0.0004131
564	-0.0004736
565	-0.0005952
566	-0.0006419
567	-0.0006734
568	-0.0006607
569	-0.0005964
570	-0.0004979
571	-0.0003587
572	-0.0001307
573	-0.0000265
574	-0.0000000
575	0.0000000
576	0.0000000
577	0.0000000
578	0.0000000
579	0.0000000
580	-0.0000000
581	-0.0000000
582	-0.0000001
583	-0.0000042
584	-0.0000769
585	-0.0003466
586	-0.0005311
587	-0.0006779
588	-0.0008044
589	-0.0008529
590	-0.0008538
591	-0.0008415
592	-0.0007233
593	-0.0006541
594	-0.0005145
595	-0.0003763
596	-0.0000926
597	-0.0000090
598	-0.0000017
599	0.0000000
600	0.0000000
601	0.0000000
602	0.0000000
603	0.0000000
604	0.0000000
605	-0.0000000
606	-0.0000007
607	-0.0000182
608	-0.0001918
609	-0.0005191
610	-0.0006930
611	-0.0008262
612	-0.0009272
613	-0.0009973
614	-0.0010420
615	-0.0010371
616	-0.0009919
617	-0.0008377
618	-0.0005775
619	-0.0003117
620	-0.0000967
621	-0.0000200
622	-0.0000032
623	-0.0000044
624	-0.0000000
625	0.0000000
626	0.0000000
627	0.0000000
628	0.0000000
629	0.0000000
630	-0.0000002
631	-0.0000097
632	-0.0002597
633	-0.0006018
634	-0.0007690
635	-0.0009275
636	-0.0010132
637	-0.0010611
638	-0.0010689
639	-0.0010917
640	-0.0010734
641	-0.0009215
642	-0.0005867
643	-0.0003485
644	-0.0001251
645	-0.0000266
646	-0.0000057
647	-0.0000065
648	-0.0000000
649	0.0000000
650	0.0000000
651	0.0000000
652	0.0000000
653	-0.0000000
654	-0.0000005
655	-0.0000266
656	-0.0002812
657	-0.0006325
658	-0.0008349
659	-0.0009118
660	-0.0010408
661	-0.0011686
662	-0.0011768
663	-0.0011366
664	-0.0011716
665	-0.0010066
666	-0.0007206
667	-0.0004903
668	-0.0001482
669	-0.0000180
670	-0.0000059
671	-0.0000042
672	-0.0000000
673	0.0000000
674	0.0000000
675	0.0000000
676	0.0000000
677	0.0000000
678	0.0000000
679	-0.0000003
680	-0.0000002
681	-0.0000004
682	-0.0000178
683	-0.0001474
684	-0.0000166
685	-0.0000454
686	-0.0001639
687	-0.0002874
688	-0.0004180
689	-0.0003113
690	-0.0001900
691	-0.0000781
692	-0.0000082
693	-0.0000048
694	-0.0000000
695	0.0000000
696	0.0000000
697	0.0000000
698	0.0000000
699	0.0000000
700	-0.0000000
701	-0.0000000
702	-0.0000001
703	-0.0000003
704	-0.0000599
705	-0.0001896
706	-0.0001999
707	-0.0004487
708	-0.0005141
709	-0.0005865
710	-0.0004452
711	-0.0005079
712	-0.0006596
713	-0.0005745
714	-0.0004358
715	-0.0001493
716	-0.0000195
717	-0.0000024
718	-0.0000010
719	0.0000000
720	0.0000000
721	0.0000000
722	0.0000000
723	0.0000000
724	0.0000000
725	0.0000000
726	-0.0000001
727	-0.0000060
728	-0.0000816
729	-0.0001747
730	-0.0003144
731	-0.0006769
732	-0.0008459
733	-0.0008674
734	-0.0006331
735	-0.0006496
736	-0.0008814
737	-0.0006986
738	-0.0005144
739	-0.0002551
740	-0.0000332
741	-0.0000054
742	-0.0000014
743	0.0000000
744	0.0000000
745	0.0000000
746	0.0000000
747	0.0000000
748	0.0000000
749	-0.0000000
750	-0.0000001
751	-0.0000015
752	-0.0000062
753	-0.0000006
754	-0.0000006
755	-0.0001016
756	-0.0002853
757	-0.0004558
758	-0.0005228
759	-0.0006341
760	-0.0006505
761	-0.0007063
762	-0.0005333
763	-0.0003321
764	-0.0001134
765	-0.0000035
766	-0.0000016
767	0.0000000
768	0.0000000
769	0.0000000
770	0.0000000
771	0.0000000
772	0.0000000
773	0.0000000
774	0.0000000
775	-0.0000011
776	-0.0000508
777	-0.0001754
778	-0.0004360
779	-0.0006611
780	-0.0008444
781	-0.0008322
782	-0.0008482
783	-0.0008752
784	-0.0008353
785	-0.0008120
786	-0.0006161
787	-0.0003683
788	-0.0000855
789	-0.0000182
790	-0.0000023
791	0.0000000
792	0.0000000
793	0.0000000
794	0.0000000
795	0.0000000
796	0.0000000
797	0.0000000
798	0.0000000
799	-0.0000000
800	-0.0000727
801	-0.0003383
802	-0.0006404
803	-0.0008354
804	-0.0009840
805	-0.0010320
806	-0.0010646
807	-0.0010426
808	-0.0009716
809	-0.0008199
810	-0.0005774
811	-0.0002180
812	-0.0000052
813	-0.0000023
814	-0.0000022
815	-0.0000021
816	0.0000000
817	0.0000000
818	0.0000000
819	0.0000000
820	0.0000000
821	0.0000000
822	-0.0000001
823	-0.0000067
824	-0.0001142
825	-0.0005256
826	-0.0007146
827	-0.0008629
828	-0.0010022
829	-0.0011025
830	-0.0011312
831	-0.0010956
832	-0.0009313
833	-0.0006661
834	-0.0003715
835	-0.0001490
836	-0.0000747
837	-0.0000040
838	-0.0000009
839	-0.0000000
840	0.0000000
841	0.0000000
842	0.0000000
843	0.0000000
844	0.0000000
845	0.0000000
846	0.0000000
847	-0.0000093
848	-0.0000478
849	-0.0001553
850	-0.0004445
851	-0.0006651
852	-0.0007886
853	-0.0007332
854	-0.0006771
855	-0.0005892
856	-0.0006696
857	-0.0007158
858	-0.0006011
859	-0.0004526
860	-0.0001930
861	-0.0000164
862	-0.0000000
863	0.0000000
864	0.0000000
865	0.0000000
866	0.0000000
867	0.0000000
868	0.0000000
869	-0.0000000
870	-0.0000003
871	-0.0000033
872	-0.0000197
873	-0.0002217
874	-0.0005280
875	-0.0007494
876	-0.0009445
877	-0.0009946
878	-0.0010192
879	-0.0010024
880	-0.0009460
881	-0.0007454
882	-0.0004228
883	-0.0003416
884	-0.0000496
885	-0.0000048
886	-0.0000008
887	-0.0000006
888	0.0000000
889	0.0000000
890	0.0000000
891	0.0000000
892	0.0000000
893	0.0000000
894	0.0000000
895	0.0000000
896	-0.0000385
897	-0.0002959
898	-0.0006563
899	-0.0008154
900	-0.0009757
901	-0.0010488
902	-0.0011069
903	-0.0010736
904	-0.0007191
905	-0.0004294
906	-0.0003697
907	-0.0002347
908	-0.0000246
909	-0.0000152
910	-0.0000046
911	-0.0000041
912	-0.0000000
913	0.0000000
914	0.0000000
915	0.0000000
916	0.0000000
917	0.0000000
918	0.0000000
919	-0.0000004
920	-0.0000160
921	-0.0000065
922	-0.0000408
923	-0.0001763
924	-0.0000100
925	-0.0000082
926	-0.0001020
927	-0.0003489
928	-0.0005146
929	-0.0006619
930	-0.0005635
931	-0.0003568
932	-0.0001022
933	-0.0000088
934	-0.0000017
935	-0.0000011
936	0.0000000
937	0.0000000
938	0.0000000
939	0.0000000
940	0.0000000
941	0.0000000
942	-0.0000000
943	-0.0000028
944	-0.0000740
945	-0.0004382
946	-0.0006159
947	-0.0007845
948	-0.0009129
949	-0.0009295
950	-0.0009589
951	-0.0009674
952	-0.0009111
953	-0.0007928
954	-0.0006339
955	-0.0003375
956	-0.0001271
957	-0.0000101
958	-0.0000025
959	-0.0000015
960	-0.0000000
961	0.0000000
962	0.0000000
963	0.0000000
964	0.0000000
965	0.0000000
966	-0.0000000
967	-0.0000027
968	-0.0000955
969	-0.0004657
970	-0.0006495
971	-0.0007749
972	-0.0007850
973	-0.0006649
974	-0.0007424
975	-0.0008038
976	-0.0007292
977	-0.0006686
978	-0.0005016
979	-0.0003167
980	-0.0000530
981	-0.0000048
982	-0.0000006
983	-0.0000002
984	0.0000000
985	0.0000000
986	0.0000000
987	0.0000000
988	0.0000000
989	0.0000000
990	0.0000000
991	0.0000000
992	-0.0000000
993	-0.0000261
994	-0.0000704
995	-0.0000441
996	-0.0000267
997	-0.0000399
998	-0.0002074
999	-0.0002203
1000	-0.0000920
1001	-0.0000204
1002	-0.0000037
1003	-0.0000018
1004	-0.0000001
1005	0.0000000
1006	0.0000000
1007	0.0000000
1008	0.0000000
1009	0.0000000
1010	0.0000000
1011	0.0000000
1012	0.0000000
1013	0.0000000
1014	0.0000000
1015	-0.0000011
1016	-0.0000142
1017	-0.0000998
1018	-0.0004487
1019	-0.0005835
1020	-0.0007536
1021	-0.0007598
1022	-0.0007483
1023	-0.0007825
1024	-0.0006753
1025	-0.0004222
1026	-0.0002115
1027	-0.0000700
1028	-0.0000274
1029	-0.0000012
1030	0.0000000
1031	0.0000000
1032	0.0000000
1033	0.0000000
1034	0.0000000
1035	0.0000000
1036	0.0000000
1037	0.0000000
1038	0.0000000
1039	-0.0000002
1040	-0.0000257
1041	-0.0001694
1042	-0.0004872
1043	-0.0007050
1044	-0.0002363
1045	-0.0006938
1046	-0.0006539
1047	-0.0006016
1048	-0.0004076
1049	-0.0004205
1050	-0.0003248
1051	-0.0001219
1052	-0.0000264
1053	-0.0000001
1054	-0.0000000
1055	-0.0000000
1056	0.0000000
1057	0.0000000
1058	0.0000000
1059	0.0000000
1060	0.0000000
1061	0.0000000
1062	-0.0000000
1063	-0.0000055
1064	-0.0000484
1065	-0.0001914
1066	-0.0005631
1067	-0.0007367
1068	-0.0007847
1069	-0.0008980
1070	-0.0009292
1071	-0.0009183
1072	-0.0008768
1073	-0.0007479
1074	-0.0005826
1075	-0.0003205
1076	-0.0000999
1077	-0.0000067
1078	-0.0000003
1079	0.0000000
1080	0.0000000
1081	0.0000000
1082	0.0000000
1083	0.0000000
1084	0.0000000
1085	0.0000000
1086	0.0000000
1087	-0.0000009
1088	-0.0000358
1089	-0.0000881
1090	-0.0001428
1091	-0.0002265
1092	-0.0001783
1093	-0.0003399
1094	-0.0003981
1095	-0.0003029
1096	-0.0002781
1097	-0.0001253
1098	-0.0000069
1099	-0.0000007
1100	0.0000000
1101	0.0000000
1102	0.0000000
1103	0.0000000
1104	0.0000000
1105	0.0000000
1106	0.0000000
1107	0.0000000
1108	0.0000000
1109	0.0000000
1110	-0.0000000
1111	-0.0000019
1112	-0.0000197
1113	-0.0000613
1114	-0.0000963
1115	-0.0002137
1116	-0.0002815
1117	-0.0002013
1118	-0.0003292
1119	-0.0006419
1120	-0.0006708
1121	-0.0005122
1122	-0.0002708
1123	-0.0001766
1124	-0.0000082
1125	-0.0000043
1126	-0.0000000
1127	0.0000000
1128	0.0000000
1129	0.0000000
1130	0.0000000
1131	0.0000000
1132	0.0000000
1133	0.0000000
1134	0.0000000
1135	-0.0000004
1136	-0.0000054
1137	-0.0001272
1138	-0.0003124
1139	-0.0003056
1140	-0.0001512
1141	-0.0003051
1142	-0.0003425
1143	-0.0002738
1144	-0.0003141
1145	-0.0000061
1146	-0.0000092
1147	-0.0000086
1148	-0.0000005
1149	0.0000000
1150	0.0000000
1151	-0.0000001
1152	0.0000000
1153	0.0000000
1154	0.0000000
1155	0.0000000
1156	0.0000000
1157	0.0000000
1158	0.0000000
1159	-0.0000025
1160	-0.0000304
1161	-0.0001523
1162	-0.0004248
1163	-0.0006931
1164	-0.0008254
1165	-0.0009202
1166	-0.0009412
1167	-0.0008964
1168	-0.0008556
1169	-0.0007352
1170	-0.0005520
1171	-0.0003305
1172	-0.0000929
1173	-0.0000008
1174	0.0000000
1175	0.0000000
1176	0.0000000
1177	0.0000000
1178	0.0000000
1179	0.0000000
1180	0.0000000
1181	0.0000000
1182	0.0000000
1183	-0.0000001
1184	-0.0000299
1185	-0.0002400
1186	-0.0006021
1187	-0.0007893
1188	-0.0009478
1189	-0.0010113
1190	-0.0010904
1191	-0.0010681
1192	-0.0009634
1193	-0.0007966
1194	-0.0005143
1195	-0.0002648
1196	-0.0000816
1197	-0.0000059
1198	-0.0000010
1199	-0.0000000
1200	0.0000000
1201	0.0000000
1202	0.0000000
1203	0.0000000
1204	0.0000000
1205	-0.0000000
1206	-0.0000001
1207	-0.0000070
1208	-0.0001149
1209	-0.0004239
1210	-0.0006261
1211	-0.0008119
1212	-0.0009451
1213	-0.0010537
1214	-0.0011032
1215	-0.0010029
1216	-0.0009408
1217	-0.0005864
1218	-0.0003713
1219	-0.0002830
1220	-0.0001043
1221	-0.0000048
1222	-0.0000045
1223	-0.0000042
1224	-0.0000000
1225	0.0000000
1226	0.0000000
1227	0.0000000
1228	0.0000000
1229	0.0000000
1230	-0.0000000
1231	-0.0000049
1232	-0.0000180
1233	-0.0000829
1234	-0.0001112
1235	-0.0005014
1236	-0.0007246
1237	-0.0006634
1238	-0.0009250
1239	-0.0008932
1240	-0.0008467
1241	-0.0006925
1242	-0.0005624
1243	-0.0003699
1244	-0.0001145
1245	-0.0000076
1246	-0.0000019
1247	0.0000000
1248	0.0000000
1249	0.0000000
1250	0.0000000
1251	0.0000000
1252	0.0000000
1253	0.0000000
1254	0.0000000
1255	-0.0000002
1256	-0.0000403
1257	-0.0002741
1258	-0.0005608
1259	-0.0007131
1260	-0.0008316
1261	-0.0008780
1262	-0.0008238
1263	-0.0008445
1264	-0.0008190
1265	-0.0007202
1266	-0.0005513
1267	-0.0002899
1268	-0.0000537
1269	-0.0000022
1270	-0.0000022
1271	-0.0000021
1272	0.0000000
1273	0.0000000
1274	0.0000000
1275	0.0000000
1276	0.0000000
1277	0.0000000
1278	0.0000000
1279	-0.0000000
1280	-0.0000482
1281	-0.0002225
1282	-0.0004876
1283	-0.0006401
1284	-0.0007189
1285	-0.0006898
1286	-0.0006954
1287	-0.0005955
1288	-0.0006862
1289	-0.0005630
1290	-0.0004825
1291	-0.0002416
1292	-0.0000559
1293	-0.0000019
1294	-0.0000011
1295	-0.0000010
1296	0.0000000
1297	0.0000000
1298	0.0000000
1299	0.0000000
1300	0.0000000
1301	0.0000000
1302	-0.0000000
1303	-0.0000000
1304	-0.0000001
1305	-0.0000340
1306	-0.0001016
1307	-0.0001724
1308	-0.0003253
1309	-0.0001800
1310	-0.0000877
1311	-0.0001315
1312	-0.0001257
1313	-0.0001270
1314	-0.0001270
1315	-0.0000380
1316	-0.0000152
1317	-0.0000000
1318	0.0000000
1319	0.0000000
1320	0.0000000
1321	0.0000000
1322	0.0000000
1323	0.0000000
1324	0.0000000
1325	0.0000000
1326	-0.0000000
1327	-0.0000007
1328	-0.0000129
1329	-0.0001373
1330	-0.0002659
1331	-0.0005145
1332	-0.0004969
1333	-0.0006171
1334	-0.0004701
1335	-0.0000879
1336	-0.0002128
1337	-0.0005141
1338	-0.0003268
1339	-0.0001605
1340	-0.0000244
1341	-0.0000003
1342	0.0000000
1343	0.0000000
1344	0.0000000
1345	0.0000000
1346	0.0000000
1347	0.0000000
1348	0.0000000
1349	0.0000000
1350	-0.0000002
1351	-0.0000048
1352	-0.0000009
1353	-0.0000033
1354	-0.0000223
1355	-0.0000785
1356	-0.0000482
1357	-0.0000022
1358	0.0000000
1359	0.0000000
1360	-0.0000111
1361	-0.0000754
1362	-0.0001919
1363	-0.0001023
1364	-0.0000058
1365	-0.0000005
1366	-0.0000005
1367	0.0000000
1368	0.0000000
1369	0.0000000
1370	0.0000000
1371	0.0000000
1372	0.0000000
1373	-0.0000000
1374	-0.0000002
1375	-0.0000057
1376	-0.0000165
1377	-0.0000745
1378	-0.0002971
1379	-0.0005317
1380	-0.0003897
1381	-0.0005759
1382	-0.0002414
1383	-0.0005984
1384	-0.0007063
1385	-0.0006631
1386	-0.0004731
1387	-0.0002284
1388	-0.0000048
1389	0.0000000
1390	0.0000000
1391	0.0000000
1392	0.0000000
1393	0.0000000
1394	0.0000000
1395	0.0000000
1396	0.0000000
1397	-0.0000000
1398	-0.0000000
1399	-0.0000066
1400	-0.0000515
1401	-0.0003406
1402	-0.0006090
1403	-0.0008291
1404	-0.0008714
1405	-0.0008738
1406	-0.0006628
1407	-0.0007569
1408	-0.0007682
1409	-0.0007053
1410	-0.0005131
1411	-0.0002771
1412	-0.0000557
1413	-0.0000018
1414	-0.0000007
1415	0.0000000
1416	0.0000000
1417	0.0000000
1418	0.0000000
1419	0.0000000
1420	0.0000000
1421	0.0000000
1422	-0.0000000
1423	-0.0000021
1424	-0.0000798
1425	-0.0003829
1426	-0.0005700
1427	-0.0006771
1428	-0.0007089
1429	-0.0007003
1430	-0.0007223
1431	-0.0000005
1432	0.0000000
1433	-0.0000759
1434	-0.0004598
1435	-0.0003203
1436	-0.0000841
1437	-0.0000026
1438	-0.0000020
1439	-0.0000018
1440	0.0000000
1441	0.0000000
1442	0.0000000
1443	0.0000000
1444	0.0000000
1445	0.0000000
1446	-0.0000000
1447	-0.0000006
1448	-0.0000251
1449	-0.0001893
1450	-0.0005349
1451	-0.0006352
1452	-0.0007089
1453	-0.0006832
1454	-0.0007651
1455	-0.0007366
1456	-0.0006672
1457	-0.0005880
1458	-0.0004697
1459	-0.0002924
1460	-0.0000565
1461	-0.0000023
1462	-0.0000015
1463	-0.0000013
1464	0.0000000
1465	0.0000000
1466	0.0000000
1467	0.0000000
1468	0.0000000
1469	0.0000000
1470	-0.0000000
1471	-0.0000006
1472	-0.0000280
1473	-0.0001786
1474	-0.0004619
1475	-0.0005893
1476	-0.0007253
1477	-0.0008235
1478	-0.0008508
1479	-0.0008793
1480	-0.0007205
1481	-0.0004806
1482	-0.0004045
1483	-0.0001363
1484	-0.0000185
1485	-0.0000011
1486	-0.0000017
1487	-0.0000000
1488	0.0000000
1489	0.0000000
1490	0.0000000
1491	0.0000000
1492	0.0000000
1493	0.0000000
1494	0.0000000
1495	0.0000000
1496	0.0000000
1497	-0.0000053
1498	-0.0001210
1499	-0.0004318
1500	-0.0004527
1501	-0.0007200
1502	-0.0008733
1503	-0.0008199
1504	-0.0007536
1505	-0.0006313
1506	-0.0004448
1507	-0.0001806
1508	-0.0000198
1509	-0.0000001
1510	0.0000000
1511	0.0000000
1512	0.0000000
1513	0.0000000
1514	0.0000000
1515	0.0000000
1516	0.0000000
1517	0.0000000
1518	0.0000000
1519	-0.0000000
1520	-0.0000001
1521	0.0000000
1522	0.0000000
1523	0.0000000
1524	-0.0000057
1525	-0.0002336
1526	-0.0006754
1527	-0.0007268
1528	-0.0005705
1529	-0.0005136
1530	-0.0003681
1531	-0.0001690
1532	-0.0000189
1533	-0.0000003
1534	0.0000000
1535	0.0000000
1536	0.0000000
1537	0.0000000
1538	0.0000000
1539	0.0000000
1540	0.0000000
1541	0.0000000
1542	-0.0000000
1543	-0.0000023
1544	-0.0000309
1545	-0.0001569
1546	-0.0004705
1547	-0.0006894
1548	-0.0008396
1549	-0.0009275
1550	-0.0009239
1551	-0.0008816
1552	-0.0007611
1553	-0.0005167
1554	-0.0002513
1555	-0.0000874
1556	-0.0000026
1557	-0.0000006
1558	0.0000000
1559	0.0000000
1560	0.0000000
1561	0.0000000
1562	0.0000000
1563	0.0000000
1564	0.0000000
1565	0.0000000
1566	0.0000000
1567	-0.0000021
1568	-0.0000395
1569	-0.0001812
1570	-0.0004553
1571	-0.0006954
1572	-0.0005087
1573	-0.0002823
1574	-0.0002838
1575	-0.0002530
1576	-0.0001850
1577	-0.0001023
1578	-0.0000514
1579	-0.0000210
1580	-0.0000003
1581	-0.0000000
1582	-0.0000000
1583	0.0000000
1584	0.0000000
1585	0.0000000
1586	0.0000000
1587	0.0000000
1588	0.0000000
1589	0.0000000
1590	-0.0000000
1591	-0.0000026
1592	-0.0000174
1593	-0.0000817
1594	-0.0003298
1595	-0.0006418
1596	-0.0008104
1597	-0.0008957
1598	-0.0009223
1599	-0.0008586
1600	-0.0007257
1601	-0.0006932
1602	-0.0004000
1603	-0.0001550
1604	-0.0000264
1605	-0.0000005
1606	-0.0000000
1607	0.0000000
1608	0.0000000
1609	0.0000000
1610	0.0000000
1611	0.0000000
1612	0.0000000
1613	0.0000000
1614	-0.0000000
1615	-0.0000006
1616	-0.0000557
1617	-0.0002744
1618	-0.0005227
1619	-0.0007006
1620	-0.0008362
1621	-0.0009055
1622	-0.0005886
1623	-0.0005099
1624	-0.0006846
1625	-0.0005764
1626	-0.0003808
1627	-0.0001898
1628	-0.0000171
1629	-0.0000025
1630	-0.0000019
1631	-0.0000012
1632	-0.0000000
1633	0.0000000
1634	0.0000000
1635	0.0000000
1636	0.0000000
1637	0.0000000
1638	0.0000000
1639	0.0000000
1640	-0.0000012
1641	-0.0000001
1642	0.0000000
1643	-0.0000471
1644	-0.0004744
1645	-0.0007771
1646	-0.0008180
1647	-0.0007416
1648	-0.0007812
1649	-0.0006807
1650	-0.0004818
1651	-0.0002020
1652	-0.0000383
1653	-0.0000007
1654	-0.0000005
1655	-0.0000001
1656	0.0000000
1657	0.0000000
1658	0.0000000
1659	0.0000000
1660	0.0000000
1661	0.0000000
1662	0.0000000
1663	-0.0000001
1664	-0.0000170
1665	-0.0002492
1666	-0.0005588
1667	-0.0006615
1668	-0.0008314
1669	-0.0008497
1670	-0.0008495
1671	-0.0005837
1672	-0.0004726
1673	-0.0003807
1674	-0.0002990
1675	-0.0001562
1676	-0.0000190
1677	-0.0000025
1678	-0.0000002
1679	0.0000000
1680	0.0000000
1681	0.0000000
1682	0.0000000
1683	0.0000000
1684	0.0000000
1685	0.0000000
1686	-0.0000000
1687	-0.0000073
1688	-0.0001692
1689	-0.0003418
1690	-0.0004456
1691	-0.0004525
1692	-0.0005488
1693	-0.0005035
1694	-0.0005786
1695	-0.0006531
1696	-0.0005467
1697	-0.0005978
1698	-0.0004651
1699	-0.0000039
1700	0.0000000
1701	0.0000000
1702	0.0000000
1703	0.0000000
1704	0.0000000
1705	0.0000000
1706	0.0000000
1707	0.0000000
1708	0.0000000
1709	-0.0000000
1710	-0.0000000
1711	-0.0000033
1712	-0.0000771
1713	-0.0003699
1714	-0.0005168
1715	-0.0005753
1716	-0.0005916
1717	-0.0005484
1718	-0.0005918
1719	-0.0005517
1720	-0.0004659
1721	-0.0004574
1722	-0.0003624
1723	-0.0001152
1724	-0.0000219
1725	-0.0000012
1726	-0.0000011
1727	-0.0000013
1728	-0.0000000
1729	0.0000000
1730	0.0000000
1731	0.0000000
1732	0.0000000
1733	0.0000000
1734	-0.0000000
1735	-0.0000008
1736	-0.0000229
1737	-0.0002354
1738	-0.0004666
1739	-0.0006006
1740	-0.0007146
1741	-0.0007738
1742	-0.0008198
1743	-0.0007344
1744	-0.0005883
1745	-0.0004979
1746	-0.0003446
1747	-0.0000809
1748	-0.0000057
1749	-0.0000004
1750	-0.0000004
1751	-0.0000004
1752	0.0000000
1753	0.0000000
1754	0.0000000
1755	0.0000000
1756	0.0000000
1757	0.0000000
1758	0.0000000
1759	0.0000000
1760	-0.0000002
1761	-0.0000049
1762	-0.0000408
1763	-0.0003006
1764	-0.0005688
1765	-0.0006776
1766	-0.0007243
1767	-0.0007109
1768	-0.0006383
1769	-0.0005283
1770	-0.0002812
1771	-0.0000656
1772	-0.0000163
1773	-0.0000004
1774	-0.0000000
1775	-0.0000003
1776	0.0000000
1777	0.0000000
1778	0.0000000
1779	0.0000000
1780	0.0000000
1781	0.0000000
1782	0.0000000
1783	-0.0000003
1784	-0.0000059
1785	-0.0000231
1786	-0.0000002
1787	-0.0000004
1788	-0.0000839
1789	-0.0003824
1790	-0.0004909
1791	-0.0004724
1792	-0.0002891
1793	-0.0003657
1794	-0.0002280
1795	-0.0000397
1796	-0.0000012
1797	-0.0000000
1798	0.0000000
1799	0.0000000
1800	0.0000000
1801	0.0000000
1802	0.0000000
1803	0.0000000
1804	0.0000000
1805	0.0000000
1806	0.0000000
1807	-0.0000000
1808	-0.0000022
1809	-0.0000291
1810	-0.0000789
1811	-0.0001490
1812	-0.0001837
1813	-0.0000602
1814	-0.0000609
1815	-0.0001638
1816	-0.0002802
1817	-0.0003454
1818	-0.0002154
1819	-0.0000505
1820	-0.0000044
1821	-0.0000010
1822	-0.0000008
1823	0.0000000
1824	0.0000000
1825	0.0000000
1826	0.0000000
1827	0.0000000
1828	0.0000000
1829	-0.0000000
1830	-0.0000000
1831	-0.0000008
1832	-0.0000113
1833	-0.0000682
1834	-0.0001740
1835	-0.0003842
1836	-0.0005426
1837	-0.0006442
1838	-0.0006941
1839	-0.0007097
1840	-0.0006262
1841	-0.0004478
1842	-0.0001790
1843	-0.0000460
1844	-0.0000060
1845	-0.0000011
1846	-0.0000012
1847	-0.0000008
1848	0.0000000
1849	0.0000000
1850	0.0000000
1851	0.0000000
1852	0.0000000
1853	0.0000000
1854	0.0000000
1855	-0.0000001
1856	-0.0000103
1857	-0.0000391
1858	-0.0001061
1859	-0.0002233
1860	-0.0002226
1861	-0.0002246
1862	-0.0002439
1863	-0.0002315
1864	-0.0002304
1865	-0.0001967
1866	-0.0001074
1867	-0.0000366
1868	-0.0000036
1869	-0.0000010
1870	-0.0000012
1871	-0.0000013
1872	0.0000000
1873	0.0000000
1874	0.0000000
1875	0.0000000
1876	0.0000000
1877	0.0000000
1878	0.0000000
1879	-0.0000001
1880	-0.0000028
1881	-0.0000398
1882	-0.0001853
1883	-0.0004165
1884	-0.0004293
1885	-0.0005275
1886	-0.0006619
1887	-0.0007077
1888	-0.0005392
1889	-0.0005252
1890	-0.0003031
1891	-0.0000608
1892	-0.0000029
1893	-0.0000003
1894	-0.0000017
1895	-0.0000000
1896	0.0000000
1897	0.0000000
1898	0.0000000
1899	0.0000000
1900	0.0000000
1901	-0.0000000
1902	-0.0000000
1903	-0.0000037
1904	-0.0000619
1905	-0.0002298
1906	-0.0003650
1907	-0.0004257
1908	-0.0004465
1909	-0.0004610
1910	-0.0005192
1911	-0.0003635
1912	-0.0003288
1913	-0.0002864
1914	-0.0002378
1915	-0.0000763
1916	-0.0000082
1917	-0.0000019
1918	-0.0000013
1919	-0.0000009
1920	0.0000000
1921	0.0000000
1922	0.0000000
1923	0.0000000
1924	0.0000000
1925	0.0000000
1926	0.0000000
1927	-0.0000000
1928	-0.0000030
1929	-0.0001050
1930	-0.0003632
1931	-0.0004629
1932	-0.0004639
1933	-0.0006283
1934	-0.0006965
1935	-0.0006850
1936	-0.0006088
1937	-0.0005147
1938	-0.0003075
1939	-0.0001018
1940	-0.0000188
1941	-0.0000015
1942	-0.0000013
1943	-0.0000005
1944	0.0000000
1945	0.0000000
1946	0.0000000
1947	0.0000000
1948	0.0000000
1949	0.0000000
1950	-0.0000000
1951	-0.0000006
1952	-0.0000148
1953	-0.0002140
1954	-0.0004454
1955	-0.0005871
1956	-0.0006690
1957	-0.0007801
1958	-0.0008330
1959	-0.0008174
1960	-0.0007477
1961	-0.0006089
1962	-0.0003789
1963	-0.0001112
1964	-0.0000110
1965	-0.0000012
1966	-0.0000017
1967	-0.0000000
1968	0.0000000
1969	0.0000000
1970	0.0000000
1971	0.0000000
1972	0.0000000
1973	-0.0000000
1974	-0.0000000
1975	-0.0000022
1976	-0.0000539
1977	-0.0003401
1978	-0.0005675
1979	-0.0007627
1980	-0.0009206
1981	-0.0009630
1982	-0.0009756
1983	-0.0009424
1984	-0.0008696
1985	-0.0006748
1986	-0.0004136
1987	-0.0001516
1988	-0.0000093
1989	-0.0000011
1990	-0.0000000
