TIME_UNITS h
DATA_UNITS kg/s
0	-0.0000008
1	-0.0000020
2	-0.0000024
3	-0.0000012
4	-0.0000007
5	-0.0000003
6	-0.0000036
7	-0.0000481
8	-0.0002940
9	-0.0006091
10	-0.0009711
11	-0.0013439
12	-0.0014840
13	-0.0015923
14	-0.0016985
15	-0.0017365
16	-0.0016975
17	-0.0015351
18	-0.0012537
19	-0.0007927
20	-0.0002741
21	-0.0000308
22	-0.0000030
23	-0.0000014
24	-0.0000016
25	-0.0000011
26	-0.0000005
27	-0.0000005
28	0.0000000
29	0.0000000
30	0.0000000
31	0.0000000
32	-0.0002193
33	-0.0007098
34	-0.0012466
35	-0.0016449
36	-0.0018146
37	-0.0019014
38	-0.0017233
39	-0.0013694
40	-0.0011733
41	-0.0004937
42	-0.0002369
43	-0.0001734
44	-0.0000450
45	-0.0000002
46	0.0000000
47	0.0000000
48	0.0000000
49	0.0000000
50	0.0000000
51	0.0000000
52	0.0000000
53	0.0000000
54	0.0000000
55	0.0000000
56	0.0000000
57	-0.0000000
58	-0.0000118
59	-0.0001632
60	-0.0010851
61	-0.0011649
62	-0.0016869
63	-0.0016784
64	-0.0000014
65	0.0000000
66	-0.0000294
67	-0.0001327
68	-0.0000430
69	-0.0000015
70	-0.0000000
71	-0.0000012
72	-0.0000007
73	-0.0000009
74	-0.0000003
75	-0.0000001
76	-0.0000008
77	-0.0000007
78	-0.0000208
79	-0.0001640
80	-0.0001748
81	-0.0003299
82	-0.0005639
83	-0.0007176
84	-0.0007669
85	-0.0010819
86	-0.0013438
87	-0.0014134
88	-0.0011363
89	-0.0010944
90	-0.0007931
91	-0.0003524
92	-0.0001165
93	-0.0000099
94	-0.0000019
95	0.0000000
96	0.0000000
97	0.0000000
98	0.0000000
99	0.0000000
100	0.0000000
101	0.0000000
102	0.0000000
103	-0.0000309
104	-0.0002868
105	-0.0008995
106	-0.0013147
107	-0.0017412
108	-0.0016589
109	-0.0014739
110	-0.0010519
111	-0.0000043
112	0.0000000
113	-0.0000088
114	-0.0000591
115	-0.0000001
116	-0.0000000
117	0.0000000
118	0.0000000
119	0.0000000
120	0.0000000
121	-0.0000000
122	0.0000000
123	-0.0000000
124	-0.0000002
125	-0.0000001
126	-0.0000010
127	0.0000000
128	-0.0000120
129	-0.0000857
130	-0.0001794
131	-0.0002529
132	-0.0003518
133	-0.0003495
134	-0.0003107
135	-0.0002900
136	-0.0004875
137	-0.0006068
138	-0.0005465
139	-0.0004022
140	-0.0000724
141	-0.0000020
142	0.0000000
143	0.0000000
144	0.0000000
145	0.0000000
146	-0.0000000
147	-0.0000000
148	-0.0000001
149	0.0000000
150	-0.0000003
151	-0.0000415
152	-0.0001803
153	-0.0008440
154	-0.0014771
155	-0.0016339
156	-0.0021640
157	-0.0014329
158	-0.0015346
159	-0.0012784
160	-0.0008210
161	-0.0007384
162	-0.0006755
163	-0.0003127
164	-0.0001215
165	-0.0000211
166	-0.0000045
167	-0.0000035
168	0.0000000
169	0.0000000
170	0.0000000
171	0.0000000
172	-0.0000000
173	-0.0000000
174	-0.0000053
175	-0.0000381
176	-0.0001400
177	-0.0002686
178	-0.0002919
179	-0.0005707
180	-0.0010668
181	-0.0011824
182	-0.0011515
183	-0.0009778
184	-0.0003841
185	-0.0004602
186	-0.0005825
187	-0.0004188
188	-0.0000841
189	-0.0000003
190	0.0000000
191	0.0000000
192	0.0000000
193	0.0000000
194	0.0000000
195	0.0000000
196	0.0000000
197	-0.0000000
198	-0.0000001
199	-0.0000194
200	-0.0001083
201	-0.0003019
202	-0.0004786
203	-0.0008112
204	-0.0009868
205	-0.0008527
206	-0.0008096
207	-0.0008425
208	-0.0003114
209	-0.0005156
210	-0.0004301
211	-0.0000062
212	-0.0000004
213	-0.0000000
214	-0.0000000
215	0.0000000
216	0.0000000
217	0.0000000
218	0.0000000
219	0.0000000
220	0.0000000
221	0.0000000
222	0.0000000
223	-0.0000001
224	-0.0000005
225	-0.0000026
226	-0.0000003
227	-0.0000008
228	-0.0000036
229	-0.0000464
230	-0.0001464
231	-0.0002372
232	-0.0004113
233	-0.0004962
234	-0.0003616
235	-0.0001990
236	-0.0000412
237	0.0000000
238	0.0000000
239	0.0000000
240	0.0000000
241	0.0000000
242	0.0000000
243	0.0000000
244	0.0000000
245	0.0000000
246	0.0000000
247	-0.0000006
248	-0.0001726
249	-0.0007045
250	-0.0013561
251	-0.0017049
252	-0.0020126
253	-0.0022441
254	-0.0023069
255	-0.0022481
256	-0.0019570
257	-0.0017660
258	-0.0013938
259	-0.0008727
260	-0.0002175
261	-0.0000104
262	-0.0000012
263	0.0000000
264	0.0000000
265	0.0000000
266	0.0000000
267	0.0000000
268	0.0000000
269	-0.0000000
270	-0.0000001
271	-0.0000234
272	-0.0003026
273	-0.0005536
274	-0.0008408
275	-0.0014825
276	-0.0022780
277	-0.0023746
278	-0.0023923
279	-0.0024676
280	-0.0021567
281	-0.0019912
282	-0.0014772
283	-0.0007006
284	-0.0001990
285	-0.0000414
286	-0.0000129
287	-0.0000000
288	0.0000000
289	0.0000000
290	0.0000000
291	0.0000000
292	0.0000000
293	-0.0000000
294	-0.0000014
295	-0.0000761
296	-0.0006952
297	-0.0011523
298	-0.0017273
299	-0.0020531
300	-0.0022294
301	-0.0022275
302	-0.0019039
303	-0.0017889
304	-0.0019073
305	-0.0009364
306	-0.0010912
307	-0.0005653
308	-0.0001641
309	-0.0000044
310	0.0000000
311	0.0000000
312	0.0000000
313	0.0000000
314	0.0000000
315	0.0000000
316	0.0000000
317	0.0000000
318	0.0000000
319	-0.0000170
320	-0.0001695
321	-0.0006207
322	-0.0013110
323	-0.0017620
324	-0.0020231
325	-0.0022000
326	-0.0022001
327	-0.0021841
328	-0.0020678
329	-0.0017165
330	-0.0012831
331	-0.0006874
332	-0.0002117
333	-0.0000182
334	0.0000000
335	0.0000000
336	0.0000000
337	0.0000000
338	0.0000000
339	0.0000000
340	0.0000000
341	0.0000000
342	0.0000000
343	-0.0000300
344	-0.0002444
345	-0.0006380
346	-0.0011766
347	-0.0017440
348	-0.0021235
349	-0.0023255
350	-0.0024005
351	-0.0023779
352	-0.0022097
353	-0.0017468
354	-0.0009709
355	-0.0006603
356	-0.0001895
357	-0.0000206
358	-0.0000051
359	-0.0000000
360	0.0000000
361	0.0000000
362	0.0000000
363	0.0000000
364	0.0000000
365	0.0000000
366	0.0000000
367	0.0000000
368	0.0000000
369	-0.0000065
370	-0.0001041
371	-0.0006564
372	-0.0007547
373	-0.0007434
374	-0.0005365
375	-0.0009464
376	-0.0011256
377	-0.0012299
378	-0.0010512
379	-0.0005984
380	-0.0001368
381	-0.0000078
382	-0.0000013
383	-0.0000000
384	0.0000000
385	0.0000000
386	0.0000000
387	0.0000000
388	0.0000000
389	0.0000000
390	0.0000000
391	-0.0000119
392	-0.0000851
393	-0.0000407
394	-0.0000532
395	-0.0001164
396	-0.0002743
397	-0.0002721
398	-0.0000890
399	-0.0001101
400	-0.0004600
401	-0.0013063
402	-0.0011411
403	-0.0007502
404	-0.0001761
405	-0.0000068
406	-0.0000036
407	-0.0000003
408	0.0000000
409	0.0000000
410	0.0000000
411	0.0000000
412	0.0000000
413	0.0000000
414	0.0000000
415	-0.0000059
416	-0.0001035
417	-0.0003326
418	-0.0005051
419	-0.0006564
420	-0.0007416
421	-0.0008775
422	-0.0009728
423	-0.0012334
424	-0.0014258
425	-0.0012771
426	-0.0009844
427	-0.0007231
428	-0.0002759
429	-0.0000082
430	-0.0000010
431	-0.0000004
432	0.0000000
433	0.0000000
434	0.0000000
435	0.0000000
436	0.0000000
437	0.0000000
438	0.0000000
439	-0.0000003
440	-0.0000012
441	-0.0000099
442	-0.0000078
443	-0.0000000
444	0.0000000
445	0.0000000
446	-0.0002158
447	-0.0012912
448	-0.0005514
449	-0.0000012
450	0.0000000
451	0.0000000
452	0.0000000
453	-0.0000000
454	-0.0000000
455	-0.0000002
456	-0.0000005
457	0.0000000
458	0.0000000
459	0.0000000
460	0.0000000
461	0.0000000
462	-0.0000003
463	-0.0000125
464	-0.0000589
465	-0.0001502
466	-0.0003402
467	-0.0005371
468	-0.0004828
469	-0.0004621
470	-0.0006763
471	-0.0003512
472	-0.0008669
473	-0.0009069
474	-0.0007918
475	-0.0004994
476	-0.0000722
477	-0.0000000
478	0.0000000
479	-0.0000013
480	0.0000000
481	0.0000000
482	0.0000000
483	0.0000000
484	0.0000000
485	0.0000000
486	-0.0000004
487	-0.0000044
488	-0.0000070
489	-0.0000008
490	-0.0000065
491	-0.0001177
492	-0.0002097
493	-0.0005317
494	-0.0007231
495	-0.0007338
496	-0.0009237
497	-0.0009482
498	-0.0008828
499	-0.0006212
500	-0.0003117
501	-0.0000275
502	-0.0000005
503	-0.0000010
504	-0.0000029
505	-0.0000012
506	-0.0000029
507	-0.0000054
508	-0.0000068
509	-0.0000059
510	-0.0001014
511	-0.0001895
512	-0.0003540
513	-0.0000037
514	0.0000000
515	-0.0000711
516	-0.0004054
517	-0.0008998
518	-0.0011584
519	-0.0011513
520	-0.0010521
521	-0.0010261
522	-0.0010468
523	-0.0008207
524	-0.0004225
525	-0.0000428
526	-0.0000031
527	-0.0000000
528	0.0000000
529	0.0000000
530	0.0000000
531	0.0000000
532	0.0000000
533	0.0000000
534	-0.0000001
535	-0.0000030
536	-0.0001349
537	-0.0006608
538	-0.0008497
539	-0.0009476
540	-0.0008161
541	-0.0011516
542	-0.0013584
543	-0.0013376
544	-0.0011728
545	-0.0010301
546	-0.0009227
547	-0.0007058
548	-0.0003473
549	-0.0000458
550	-0.0000041
551	-0.0000000
552	0.0000000
553	0.0000000
554	0.0000000
555	0.0000000
556	0.0000000
557	0.0000000
558	-0.0000000
559	-0.0000039
560	-0.0001761
561	-0.0007537
562	-0.0010630
563	-0.0010466
564	-0.0012001
565	-0.0015082
566	-0.0016263
567	-0.0017062
568	-0.0016741
569	-0.0015111
570	-0.0012615
571	-0.0009088
572	-0.0003311
573	-0.0000672
574	-0.0000000
575	0.0000000
576	0.0000000
577	0.0000000
578	0.0000000
579	0.0000000
580	-0.0000000
581	-0.0000000
582	-0.0000002
583	-0.0000106
584	-0.0001948
585	-0.0008783
586	-0.0013457
587	-0.0017177
588	-0.0020381
589	-0.0021609
590	-0.0021632
591	-0.0021322
592	-0.0018327
593	-0.0016573
594	-0.0013035
595	-0.0009534
596	-0.0002345
597	-0.0000227
598	-0.0000044
599	0.0000000
600	0.0000000
601	0.0000000
602	0.0000000
603	0.0000000
604	0.0000000
605	-0.0000000
606	-0.0000017
607	-0.0000461
608	-0.0004861
609	-0.0013153
610	-0.0017558
611	-0.0020935
612	-0.0023492
613	-0.0025270
614	-0.0026401
615	-0.0026278
616	-0.0025134
617	-0.0021224
618	-0.0014633
619	-0.0007899
620	-0.0002450
621	-0.0000508
622	-0.0000081
623	-0.0000113
624	-0.0000000
625	0.0000000
626	0.0000000
627	0.0000000
628	0.0000000
629	0.0000000
630	-0.0000005
631	-0.0000245
632	-0.0006580
633	-0.0015249
634	-0.0019486
635	-0.0023501
636	-0.0025672
637	-0.0026886
638	-0.0027084
639	-0.0027661
640	-0.0027199
641	-0.0023349
642	-0.0014866
643	-0.0008831
644	-0.0003170
645	-0.0000674
646	-0.0000145
647	-0.0000165
648	-0.0000000
649	0.0000000
650	0.0000000
651	0.0000000
652	0.0000000
653	-0.0000000
654	-0.0000014
655	-0.0000674
656	-0.0007124
657	-0.0016027
658	-0.0021155
659	-0.0023103
660	-0.0026372
661	-0.0029610
662	-0.0029816
663	-0.0028800
664	-0.0029687
665	-0.0025504
666	-0.0018257
667	-0.0012423
668	-0.0003755
669	-0.0000457
670	-0.0000149
671	-0.0000106
672	-0.0000000
673	0.0000000
674	0.0000000
675	0.0000000
676	0.0000000
677	0.0000000
678	0.0000000
679	-0.0000006
680	-0.0000005
681	-0.0000010
682	-0.0000450
683	-0.0003734
684	-0.0000421
685	-0.0001151
686	-0.0004153
687	-0.0007282
688	-0.0010592
689	-0.0007887
690	-0.0004815
691	-0.0001979
692	-0.0000208
693	-0.0000122
694	-0.0000000
695	0.0000000
696	0.0000000
697	0.0000000
698	0.0000000
699	0.0000000
700	-0.0000000
701	-0.0000001
702	-0.0000002
703	-0.0000007
704	-0.0001518
705	-0.0004804
706	-0.0005066
707	-0.0011370
708	-0.0013026
709	-0.0014860
710	-0.0011280
711	-0.0012870
712	-0.0016713
713	-0.0014557
714	-0.0011042
715	-0.0003783
716	-0.0000494
717	-0.0000060
718	-0.0000026
719	0.0000000
720	0.0000000
721	0.0000000
722	0.0000000
723	0.0000000
724	0.0000000
725	0.0000000
726	-0.0000004
727	-0.0000153
728	-0.0002068
729	-0.0004426
730	-0.0007966
731	-0.0017151
732	-0.0021433
733	-0.0021979
734	-0.0016042
735	-0.0016459
736	-0.0022332
737	-0.0017702
738	-0.0013034
739	-0.0006464
740	-0.0000841
741	-0.0000137
742	-0.0000035
743	0.0000000
744	0.0000000
745	0.0000000
746	0.0000000
747	0.0000000
748	0.0000000
749	-0.0000000
750	-0.0000003
751	-0.0000039
752	-0.0000158
753	-0.0000014
754	-0.0000016
755	-0.0002573
756	-0.0007229
757	-0.0011548
758	-0.0013247
759	-0.0016066
760	-0.0016483
761	-0.0017895
762	-0.0013513
763	-0.0008415
764	-0.0002874
765	-0.0000088
766	-0.0000041
767	0.0000000
768	0.0000000
769	0.0000000
770	0.0000000
771	0.0000000
772	0.0000000
773	0.0000000
774	0.0000000
775	-0.0000028
776	-0.0001287
777	-0.0004443
778	-0.0011047
779	-0.0016750
780	-0.0021396
781	-0.0021085
782	-0.0021491
783	-0.0022175
784	-0.0021165
785	-0.0020574
786	-0.0015610
787	-0.0009332
788	-0.0002166
789	-0.0000462
790	-0.0000059
791	0.0000000
792	0.0000000
793	0.0000000
794	0.0000000
795	0.0000000
796	0.0000000
797	0.0000000
798	0.0000000
799	-0.0000000
800	-0.0001842
801	-0.0008572
802	-0.0016227
803	-0.0021167
804	-0.0024931
805	-0.0026149
806	-0.0026975
807	-0.0026417
808	-0.0024618
809	-0.0020775
810	-0.0014631
811	-0.0005523
812	-0.0000132
813	-0.0000057
814	-0.0000056
815	-0.0000053
816	0.0000000
817	0.0000000
818	0.0000000
819	0.0000000
820	0.0000000
821	0.0000000
822	-0.0000001
823	-0.0000169
824	-0.0002895
825	-0.0013317
826	-0.0018105
827	-0.0021864
828	-0.0025394
829	-0.0027934
830	-0.0028663
831	-0.0027760
832	-0.0023597
833	-0.0016877
834	-0.0009414
835	-0.0003774
836	-0.0001892
837	-0.0000100
838	-0.0000024
839	-0.0000001
840	0.0000000
841	0.0000000
842	0.0000000
843	0.0000000
844	0.0000000
845	0.0000000
846	0.0000000
847	-0.0000235
848	-0.0001211
849	-0.0003936
850	-0.0011263
851	-0.0016851
852	-0.0019982
853	-0.0018578
854	-0.0017157
855	-0.0014928
856	-0.0016967
857	-0.0018137
858	-0.0015230
859	-0.0011468
860	-0.0004891
861	-0.0000416
862	-0.0000000
863	0.0000000
864	0.0000000
865	0.0000000
866	0.0000000
867	0.0000000
868	0.0000000
869	-0.0000000
870	-0.0000009
871	-0.0000084
872	-0.0000498
873	-0.0005617
874	-0.0013378
875	-0.0018988
876	-0.0023930
877	-0.0025202
878	-0.0025824
879	-0.0025398
880	-0.0023969
881	-0.0018887
882	-0.0010714
883	-0.0008655
884	-0.0001256
885	-0.0000122
886	-0.0000020
887	-0.0000015
888	0.0000000
889	0.0000000
890	0.0000000
891	0.0000000
892	0.0000000
893	0.0000000
894	0.0000000
895	0.0000000
896	-0.0000976
897	-0.0007497
898	-0.0016628
899	-0.0020661
900	-0.0024722
901	-0.0026575
902	-0.0028046
903	-0.0027202
904	-0.0018221
905	-0.0010881
906	-0.0009366
907	-0.0005946
908	-0.0000624
909	-0.0000385
910	-0.0000116
911	-0.0000104
912	-0.0000000
913	0.0000000
914	0.0000000
915	0.0000000
916	0.0000000
917	0.0000000
918	0.0000000
919	-0.0000011
920	-0.0000405
921	-0.0000166
922	-0.0001035
923	-0.0004467
924	-0.0000253
925	-0.0000207
926	-0.0002583
927	-0.0008840
928	-0.0013038
929	-0.0016771
930	-0.0014278
931	-0.0009039
932	-0.0002589
933	-0.0000223
934	-0.0000043
935	-0.0000028
936	0.0000000
937	0.0000000
938	0.0000000
939	0.0000000
940	0.0000000
941	0.0000000
942	-0.0000000
943	-0.0000070
944	-0.0001875
945	-0.0011103
946	-0.0015605
947	-0.0019877
948	-0.0023130
949	-0.0023551
950	-0.0024295
951	-0.0024511
952	-0.0023084
953	-0.0020088
954	-0.0016062
955	-0.0008551
956	-0.0003219
957	-0.0000255
958	-0.0000063
959	-0.0000038
960	-0.0000000
961	0.0000000
962	0.0000000
963	0.0000000
964	0.0000000
965	0.0000000
966	-0.0000000
967	-0.0000069
968	-0.0002420
969	-0.0011800
970	-0.0016458
971	-0.0019633
972	-0.0019889
973	-0.0016846
974	-0.0018810
975	-0.0020365
976	-0.0018475
977	-0.0016941
978	-0.0012708
979	-0.0008024
980	-0.0001344
981	-0.0000122
982	-0.0000016
983	-0.0000005
984	0.0000000
985	0.0000000
986	0.0000000
987	0.0000000
988	0.0000000
989	0.0000000
990	0.0000000
991	0.0000000
992	-0.0000000
993	-0.0000661
994	-0.0001784
995	-0.0001117
996	-0.0000676
997	-0.0001011
998	-0.0005254
999	-0.0005582
1000	-0.0002332
1001	-0.0000518
1002	-0.0000093
1003	-0.0000044
1004	-0.0000004
1005	0.0000000
1006	0.0000000
1007	0.0000000
1008	0.0000000
1009	0.0000000
1010	0.0000000
1011	0.0000000
1012	0.0000000
1013	0.0000000
1014	0.0000000
1015	-0.0000029
1016	-0.0000360
1017	-0.0002528
1018	-0.0011368
1019	-0.0014785
1020	-0.0019094
1021	-0.0019251
1022	-0.0018959
1023	-0.0019826
1024	-0.0017109
1025	-0.0010697
1026	-0.0005359
1027	-0.0001773
1028	-0.0000693
1029	-0.0000030
1030	0.0000000
1031	0.0000000
1032	0.0000000
1033	0.0000000
1034	0.0000000
1035	0.0000000
1036	0.0000000
1037	0.0000000
1038	0.0000000
1039	-0.0000006
1040	-0.0000652
1041	-0.0004293
1042	-0.0012346
1043	-0.0017863
1044	-0.0005988
1045	-0.0017580
1046	-0.0016568
1047	-0.0015242
1048	-0.0010329
1049	-0.0010655
1050	-0.0008229
1051	-0.0003089
1052	-0.0000670
1053	-0.0000004
1054	-0.0000000
1055	-0.0000001
1056	0.0000000
1057	0.0000000
1058	0.0000000
1059	0.0000000
1060	0.0000000
1061	0.0000000
1062	-0.0000001
1063	-0.0000140
1064	-0.0001226
1065	-0.0004850
1066	-0.0014268
1067	-0.0018666
1068	-0.0019883
1069	-0.0022754
1070	-0.0023544
1071	-0.0023269
1072	-0.0022216
1073	-0.0018950
1074	-0.0014761
1075	-0.0008121
1076	-0.0002532
1077	-0.0000171
1078	-0.0000007
1079	0.0000000
1080	0.0000000
1081	0.0000000
1082	0.0000000
1083	0.0000000
1084	0.0000000
1085	0.0000000
1086	0.0000000
1087	-0.0000022
1088	-0.0000908
1089	-0.0002232
1090	-0.0003618
1091	-0.0005739
1092	-0.0004518
1093	-0.0008613
1094	-0.0010087
1095	-0.0007674
1096	-0.0007046
1097	-0.0003176
1098	-0.0000176
1099	-0.0000018
1100	0.0000000
1101	0.0000000
1102	0.0000000
1103	0.0000000
1104	0.0000000
1105	0.0000000
1106	0.0000000
1107	0.0000000
1108	0.0000000
1109	0.0000000
1110	-0.0000000
1111	-0.0000049
1112	-0.0000500
1113	-0.0001553
1114	-0.0002441
1115	-0.0005415
1116	-0.0007132
1117	-0.0005100
1118	-0.0008342
1119	-0.0016264
1120	-0.0016997
1121	-0.0012979
1122	-0.0006862
1123	-0.0004475
1124	-0.0000208
1125	-0.0000109
1126	-0.0000000
1127	0.0000000
1128	0.0000000
1129	0.0000000
1130	0.0000000
1131	0.0000000
1132	0.0000000
1133	0.0000000
1134	0.0000000
1135	-0.0000011
1136	-0.0000137
1137	-0.0003223
1138	-0.0007916
1139	-0.0007743
1140	-0.0003832
1141	-0.0007731
1142	-0.0008679
1143	-0.0006937
1144	-0.0007959
1145	-0.0000155
1146	-0.0000233
1147	-0.0000219
1148	-0.0000014
1149	0.0000000
1150	0.0000000
1151	-0.0000003
1152	0.0000000
1153	0.0000000
1154	0.0000000
1155	0.0000000
1156	0.0000000
1157	0.0000000
1158	0.0000000
1159	-0.0000065
1160	-0.0000769
1161	-0.0003858
1162	-0.0010765
1163	-0.0017563
1164	-0.0020914
1165	-0.0023315
1166	-0.0023847
1167	-0.0022713
1168	-0.0021678
1169	-0.0018628
1170	-0.0013986
1171	-0.0008373
1172	-0.0002354
1173	-0.0000020
1174	0.0000000
1175	0.0000000
1176	0.0000000
1177	0.0000000
1178	0.0000000
1179	0.0000000
1180	0.0000000
1181	0.0000000
1182	0.0000000
1183	-0.0000004
1184	-0.0000758
1185	-0.0006082
1186	-0.0015255
1187	-0.0019999
1188	-0.0024015
1189	-0.0025624
1190	-0.0027629
1191	-0.0027063
1192	-0.0024411
1193	-0.0020183
1194	-0.0013031
1195	-0.0006708
1196	-0.0002067
1197	-0.0000151
1198	-0.0000026
1199	-0.0000000
1200	0.0000000
1201	0.0000000
1202	0.0000000
1203	0.0000000
1204	0.0000000
1205	-0.0000000
1206	-0.0000003
1207	-0.0000178
1208	-0.0002912
1209	-0.0010741
1210	-0.0015865
1211	-0.0020571
1212	-0.0023946
1213	-0.0026699
1214	-0.0027951
1215	-0.0025410
1216	-0.0023839
1217	-0.0014857
1218	-0.0009408
1219	-0.0007171
1220	-0.0002642
1221	-0.0000122
1222	-0.0000114
1223	-0.0000107
1224	-0.0000000
1225	0.0000000
1226	0.0000000
1227	0.0000000
1228	0.0000000
1229	0.0000000
1230	-0.0000001
1231	-0.0000125
1232	-0.0000456
1233	-0.0002100
1234	-0.0002817
1235	-0.0012705
1236	-0.0018359
1237	-0.0016809
1238	-0.0023436
1239	-0.0022632
1240	-0.0021452
1241	-0.0017546
1242	-0.0014249
1243	-0.0009372
1244	-0.0002902
1245	-0.0000192
1246	-0.0000048
1247	0.0000000
1248	0.0000000
1249	0.0000000
1250	0.0000000
1251	0.0000000
1252	0.0000000
1253	0.0000000
1254	0.0000000
1255	-0.0000006
1256	-0.0001022
1257	-0.0006946
1258	-0.0014208
1259	-0.0018068
1260	-0.0021071
1261	-0.0022245
1262	-0.0020873
1263	-0.0021397
1264	-0.0020750
1265	-0.0018249
1266	-0.0013968
1267	-0.0007345
1268	-0.0001360
1269	-0.0000056
1270	-0.0000055
1271	-0.0000053
1272	0.0000000
1273	0.0000000
1274	0.0000000
1275	0.0000000
1276	0.0000000
1277	0.0000000
1278	0.0000000
1279	-0.0000001
1280	-0.0001220
1281	-0.0005637
1282	-0.0012354
1283	-0.0016218
1284	-0.0018216
1285	-0.0017479
1286	-0.0017620
1287	-0.0015088
1288	-0.0017388
1289	-0.0014266
1290	-0.0012225
1291	-0.0006121
1292	-0.0001417
1293	-0.0000048
1294	-0.0000029
1295	-0.0000025
1296	0.0000000
1297	0.0000000
1298	0.0000000
1299	0.0000000
1300	0.0000000
1301	0.0000000
1302	-0.0000000
1303	-0.0000000
1304	-0.0000002
1305	-0.0000861
1306	-0.0002575
1307	-0.0004369
1308	-0.0008241
1309	-0.0004561
1310	-0.0002222
1311	-0.0003331
1312	-0.0003186
1313	-0.0003218
1314	-0.0003218
1315	-0.0000962
1316	-0.0000384
1317	-0.0000000
1318	0.0000000
1319	0.0000000
1320	0.0000000
1321	0.0000000
1322	0.0000000
1323	0.0000000
1324	0.0000000
1325	0.0000000
1326	-0.0000000
1327	-0.0000019
1328	-0.0000328
1329	-0.0003478
1330	-0.0006737
1331	-0.0013037
1332	-0.0012591
1333	-0.0015635
1334	-0.0011911
1335	-0.0002227
1336	-0.0005393
1337	-0.0013025
1338	-0.0008281
1339	-0.0004068
1340	-0.0000618
1341	-0.0000008
1342	0.0000000
1343	0.0000000
1344	0.0000000
1345	0.0000000
1346	0.0000000
1347	0.0000000
1348	0.0000000
1349	0.0000000
1350	-0.0000006
1351	-0.0000122
1352	-0.0000023
1353	-0.0000083
1354	-0.0000566
1355	-0.0001988
1356	-0.0001220
1357	-0.0000056
1358	0.0000000
1359	0.0000000
1360	-0.0000281
1361	-0.0001911
1362	-0.0004863
1363	-0.0002592
1364	-0.0000148
1365	-0.0000012
1366	-0.0000014
1367	0.0000000
1368	0.0000000
1369	0.0000000
1370	0.0000000
1371	0.0000000
1372	0.0000000
1373	-0.0000000
1374	-0.0000004
1375	-0.0000146
1376	-0.0000418
1377	-0.0001889
1378	-0.0007528
1379	-0.0013473
1380	-0.0009873
1381	-0.0014592
1382	-0.0006116
1383	-0.0015161
1384	-0.0017897
1385	-0.0016801
1386	-0.0011987
1387	-0.0005787
1388	-0.0000121
1389	0.0000000
1390	0.0000000
1391	0.0000000
1392	0.0000000
1393	0.0000000
1394	0.0000000
1395	0.0000000
1396	0.0000000
1397	-0.0000000
1398	-0.0000001
1399	-0.0000168
1400	-0.0001306
1401	-0.0008629
1402	-0.0015430
1403	-0.0021008
1404	-0.0022080
1405	-0.0022140
1406	-0.0016794
1407	-0.0019178
1408	-0.0019464
1409	-0.0017869
1410	-0.0013001
1411	-0.0007022
1412	-0.0001411
1413	-0.0000047
1414	-0.0000017
1415	0.0000000
1416	0.0000000
1417	0.0000000
1418	0.0000000
1419	0.0000000
1420	0.0000000
1421	0.0000000
1422	-0.0000000
1423	-0.0000054
1424	-0.0002021
1425	-0.0009702
1426	-0.0014443
1427	-0.0017157
1428	-0.0017963
1429	-0.0017745
1430	-0.0018302
1431	-0.0000014
1432	0.0000000
1433	-0.0001922
1434	-0.0011651
1435	-0.0008115
1436	-0.0002131
1437	-0.0000065
1438	-0.0000051
1439	-0.0000047
1440	0.0000000
1441	0.0000000
1442	0.0000000
1443	0.0000000
1444	0.0000000
1445	0.0000000
1446	-0.0000000
1447	-0.0000016
1448	-0.0000637
1449	-0.0004795
1450	-0.0013552
1451	-0.0016094
1452	-0.0017963
1453	-0.0017310
1454	-0.0019385
1455	-0.0018664
1456	-0.0016904
1457	-0.0014899
1458	-0.0011902
1459	-0.0007408
1460	-0.0001430
1461	-0.0000058
1462	-0.0000039
1463	-0.0000032
1464	0.0000000
1465	0.0000000
1466	0.0000000
1467	0.0000000
1468	0.0000000
1469	0.0000000
1470	-0.0000000
1471	-0.0000016
1472	-0.0000710
1473	-0.0004526
1474	-0.0011704
1475	-0.0014932
1476	-0.0018378
1477	-0.0020865
1478	-0.0021557
1479	-0.0022280
1480	-0.0018256
1481	-0.0012176
1482	-0.0010248
1483	-0.0003455
1484	-0.0000468
1485	-0.0000029
1486	-0.0000043
1487	-0.0000000
1488	0.0000000
1489	0.0000000
1490	0.0000000
1491	0.0000000
1492	0.0000000
1493	0.0000000
1494	0.0000000
1495	0.0000000
1496	0.0000000
1497	-0.0000135
1498	-0.0003066
1499	-0.0010940
1500	-0.0011470
1501	-0.0018243
1502	-0.0022127
1503	-0.0020774
1504	-0.0019094
1505	-0.0015996
1506	-0.0011271
1507	-0.0004577
1508	-0.0000501
1509	-0.0000004
1510	0.0000000
1511	0.0000000
1512	0.0000000
1513	0.0000000
1514	0.0000000
1515	0.0000000
1516	0.0000000
1517	0.0000000
1518	0.0000000
1519	-0.0000001
1520	-0.0000002
1521	0.0000000
1522	0.0000000
1523	0.0000000
1524	-0.0000146
1525	-0.0005918
1526	-0.0017112
1527	-0.0018414
1528	-0.0014455
1529	-0.0013013
1530	-0.0009327
1531	-0.0004281
1532	-0.0000478
1533	-0.0000007
1534	0.0000000
1535	0.0000000
1536	0.0000000
1537	0.0000000
1538	0.0000000
1539	0.0000000
1540	0.0000000
1541	0.0000000
1542	-0.0000000
1543	-0.0000058
1544	-0.0000783
1545	-0.0003975
1546	-0.0011920
1547	-0.0017467
1548	-0.0021273
1549	-0.0023501
1550	-0.0023408
1551	-0.0022338
1552	-0.0019285
1553	-0.0013091
1554	-0.0006366
1555	-0.0002214
1556	-0.0000065
1557	-0.0000015
1558	0.0000000
1559	0.0000000
1560	0.0000000
1561	0.0000000
1562	0.0000000
1563	0.0000000
1564	0.0000000
1565	0.0000000
1566	0.0000000
1567	-0.0000054
1568	-0.0001000
1569	-0.0004592
1570	-0.0011536
1571	-0.0017620
1572	-0.0012888
1573	-0.0007152
1574	-0.0007192
1575	-0.0006409
1576	-0.0004687
1577	-0.0002592
1578	-0.0001304
1579	-0.0000533
1580	-0.0000009
1581	-0.0000000
1582	-0.0000001
1583	0.0000000
1584	0.0000000
1585	0.0000000
1586	0.0000000
1587	0.0000000
1588	0.0000000
1589	0.0000000
1590	-0.0000000
1591	-0.0000067
1592	-0.0000442
1593	-0.0002070
1594	-0.0008357
1595	-0.0016262
1596	-0.0020533
1597	-0.0022696
1598	-0.0023368
1599	-0.0021754
1600	-0.0018386
1601	-0.0017564
1602	-0.0010134
1603	-0.0003927
1604	-0.0000670
1605	-0.0000013
1606	-0.0000000
1607	0.0000000
1608	0.0000000
1609	0.0000000
1610	0.0000000
1611	0.0000000
1612	0.0000000
1613	0.0000000
1614	-0.0000000
1615	-0.0000014
1616	-0.0001413
1617	-0.0006953
1618	-0.0013245
1619	-0.0017752
1620	-0.0021187
1621	-0.0022943
1622	-0.0014914
1623	-0.0012920
1624	-0.0017345
1625	-0.0014605
1626	-0.0009649
1627	-0.0004808
1628	-0.0000434
1629	-0.0000064
1630	-0.0000048
1631	-0.0000031
1632	-0.0000000
1633	0.0000000
1634	0.0000000
1635	0.0000000
1636	0.0000000
1637	0.0000000
1638	0.0000000
1639	0.0000000
1640	-0.0000029
1641	-0.0000002
1642	0.0000000
1643	-0.0001193
1644	-0.0012020
1645	-0.0019690
1646	-0.0020726
1647	-0.0018790
1648	-0.0019794
1649	-0.0017248
1650	-0.0012208
1651	-0.0005119
1652	-0.0000970
1653	-0.0000019
1654	-0.0000011
1655	-0.0000002
1656	0.0000000
1657	0.0000000
1658	0.0000000
1659	0.0000000
1660	0.0000000
1661	0.0000000
1662	0.0000000
1663	-0.0000001
1664	-0.0000431
1665	-0.0006313
1666	-0.0014157
1667	-0.0016762
1668	-0.0021067
1669	-0.0021530
1670	-0.0021524
1671	-0.0014790
1672	-0.0011974
1673	-0.0009646
1674	-0.0007577
1675	-0.0003957
1676	-0.0000480
1677	-0.0000063
1678	-0.0000004
1679	0.0000000
1680	0.0000000
1681	0.0000000
1682	0.0000000
1683	0.0000000
1684	0.0000000
1685	0.0000000
1686	-0.0000000
1687	-0.0000184
1688	-0.0004288
1689	-0.0008661
1690	-0.0011291
1691	-0.0011466
1692	-0.0013906
1693	-0.0012758
1694	-0.0014661
1695	-0.0016548
1696	-0.0013853
1697	-0.0015146
1698	-0.0011785
1699	-0.0000099
1700	0.0000000
1701	0.0000000
1702	0.0000000
1703	0.0000000
1704	0.0000000
1705	0.0000000
1706	0.0000000
1707	0.0000000
1708	0.0000000
1709	-0.0000000
1710	-0.0000000
1711	-0.0000084
1712	-0.0001954
1713	-0.0009373
1714	-0.0013093
1715	-0.0014576
1716	-0.0014991
1717	-0.0013895
1718	-0.0014994
1719	-0.0013978
1720	-0.0011806
1721	-0.0011591
1722	-0.0009183
1723	-0.0002919
1724	-0.0000554
1725	-0.0000032
1726	-0.0000029
1727	-0.0000032
1728	-0.0000000
1729	0.0000000
1730	0.0000000
1731	0.0000000
1732	0.0000000
1733	0.0000000
1734	-0.0000000
1735	-0.0000021
1736	-0.0000581
1737	-0.0005964
1738	-0.0011822
1739	-0.0015217
1740	-0.0018107
1741	-0.0019606
1742	-0.0020772
1743	-0.0018607
1744	-0.0014906
1745	-0.0012615
1746	-0.0008732
1747	-0.0002049
1748	-0.0000144
1749	-0.0000011
1750	-0.0000010
1751	-0.0000009
1752	0.0000000
1753	0.0000000
1754	0.0000000
1755	0.0000000
1756	0.0000000
1757	0.0000000
1758	0.0000000
1759	0.0000000
1760	-0.0000006
1761	-0.0000125
1762	-0.0001033
1763	-0.0007617
1764	-0.0014413
1765	-0.0017168
1766	-0.0018352
1767	-0.0018014
1768	-0.0016173
1769	-0.0013386
1770	-0.0007124
1771	-0.0001661
1772	-0.0000413
1773	-0.0000011
1774	-0.0000000
1775	-0.0000007
1776	0.0000000
1777	0.0000000
1778	0.0000000
1779	0.0000000
1780	0.0000000
1781	0.0000000
1782	0.0000000
1783	-0.0000008
1784	-0.0000149
1785	-0.0000586
1786	-0.0000005
1787	-0.0000011
1788	-0.0002126
1789	-0.0009689
1790	-0.0012437
1791	-0.0011969
1792	-0.0007324
1793	-0.0009267
1794	-0.0005777
1795	-0.0001007
1796	-0.0000030
1797	-0.0000000
1798	0.0000000
1799	0.0000000
1800	0.0000000
1801	0.0000000
1802	0.0000000
1803	0.0000000
1804	0.0000000
1805	0.0000000
1806	0.0000000
1807	-0.0000001
1808	-0.0000055
1809	-0.0000737
1810	-0.0001998
1811	-0.0003776
1812	-0.0004655
1813	-0.0001525
1814	-0.0001543
1815	-0.0004150
1816	-0.0007099
1817	-0.0008753
1818	-0.0005457
1819	-0.0001279
1820	-0.0000111
1821	-0.0000026
1822	-0.0000019
1823	0.0000000
1824	0.0000000
1825	0.0000000
1826	0.0000000
1827	0.0000000
1828	0.0000000
1829	-0.0000000
1830	-0.0000000
1831	-0.0000020
1832	-0.0000285
1833	-0.0001728
1834	-0.0004409
1835	-0.0009735
1836	-0.0013748
1837	-0.0016324
1838	-0.0017587
1839	-0.0017983
1840	-0.0015867
1841	-0.0011346
1842	-0.0004536
1843	-0.0001165
1844	-0.0000151
1845	-0.0000027
1846	-0.0000030
1847	-0.0000020
1848	0.0000000
1849	0.0000000
1850	0.0000000
1851	0.0000000
1852	0.0000000
1853	0.0000000
1854	0.0000000
1855	-0.0000003
1856	-0.0000261
1857	-0.0000990
1858	-0.0002687
1859	-0.0005657
1860	-0.0005641
1861	-0.0005691
1862	-0.0006180
1863	-0.0005865
1864	-0.0005838
1865	-0.0004984
1866	-0.0002721
1867	-0.0000928
1868	-0.0000092
1869	-0.0000025
1870	-0.0000031
1871	-0.0000033
1872	0.0000000
1873	0.0000000
1874	0.0000000
1875	0.0000000
1876	0.0000000
1877	0.0000000
1878	0.0000000
1879	-0.0000003
1880	-0.0000072
1881	-0.0001010
1882	-0.0004695
1883	-0.0010554
1884	-0.0010876
1885	-0.0013366
1886	-0.0016772
1887	-0.0017932
1888	-0.0013663
1889	-0.0013308
1890	-0.0007681
1891	-0.0001541
1892	-0.0000073
1893	-0.0000006
1894	-0.0000044
1895	-0.0000000
1896	0.0000000
1897	0.0000000
1898	0.0000000
1899	0.0000000
1900	0.0000000
1901	-0.0000000
1902	-0.0000000
1903	-0.0000094
1904	-0.0001567
1905	-0.0005822
1906	-0.0009248
1907	-0.0010786
1908	-0.0011314
1909	-0.0011681
1910	-0.0013155
1911	-0.0009211
1912	-0.0008332
1913	-0.0007257
1914	-0.0006025
1915	-0.0001933
1916	-0.0000207
1917	-0.0000049
1918	-0.0000034
1919	-0.0000023
1920	0.0000000
1921	0.0000000
1922	0.0000000
1923	0.0000000
1924	0.0000000
1925	0.0000000
1926	0.0000000
1927	-0.0000000
1928	-0.0000075
1929	-0.0002661
1930	-0.0009203
1931	-0.0011729
1932	-0.0011753
1933	-0.0015921
1934	-0.0017648
1935	-0.0017357
1936	-0.0015426
1937	-0.0013041
1938	-0.0007791
1939	-0.0002579
1940	-0.0000476
1941	-0.0000038
1942	-0.0000032
1943	-0.0000013
1944	0.0000000
1945	0.0000000
1946	0.0000000
1947	0.0000000
1948	0.0000000
1949	0.0000000
1950	-0.0000000
1951	-0.0000015
1952	-0.0000375
1953	-0.0005421
1954	-0.0011285
1955	-0.0014875
1956	-0.0016952
1957	-0.0019765
1958	-0.0021105
1959	-0.0020711
1960	-0.0018945
1961	-0.0015429
1962	-0.0009600
1963	-0.0002818
1964	-0.0000280
1965	-0.0000031
1966	-0.0000044
1967	-0.0000000
1968	0.0000000
1969	0.0000000
1970	0.0000000
1971	0.0000000
1972	0.0000000
1973	-0.0000000
1974	-0.0000001
1975	-0.0000055
1976	-0.0001366
1977	-0.0008618
1978	-0.0014380
1979	-0.0019325
1980	-0.0023327
1981	-0.0024401
1982	-0.0024720
1983	-0.0023878
1984	-0.0022033
1985	-0.0017098
1986	-0.0010480
1987	-0.0003841
1988	-0.0000236
1989	-0.0000029
1990	-0.0000000
