TIME_UNITS h
DATA_UNITS kg/s
0	-0.0000015
1	-0.0000039
2	-0.0000047
3	-0.0000023
4	-0.0000014
5	-0.0000006
6	-0.0000070
7	-0.0000944
8	-0.0005774
9	-0.0011961
10	-0.0019069
11	-0.0026388
12	-0.0029139
13	-0.0031266
14	-0.0033351
15	-0.0034096
16	-0.0033331
17	-0.0030142
18	-0.0024618
19	-0.0015564
20	-0.0005383
21	-0.0000606
22	-0.0000059
23	-0.0000027
24	-0.0000031
25	-0.0000022
26	-0.0000009
27	-0.0000009
28	0.0000000
29	0.0000000
30	0.0000000
31	0.0000000
32	-0.0004306
33	-0.0013936
34	-0.0024478
35	-0.0032299
36	-0.0035631
37	-0.0037335
38	-0.0033838
39	-0.0026889
40	-0.0023039
41	-0.0009694
42	-0.0004651
43	-0.0003404
44	-0.0000883
45	-0.0000003
46	0.0000000
47	0.0000000
48	0.0000000
49	0.0000000
50	0.0000000
51	0.0000000
52	0.0000000
53	0.0000000
54	0.0000000
55	0.0000000
56	0.0000000
57	-0.0000001
58	-0.0000232
59	-0.0003205
60	-0.0021306
61	-0.0022874
62	-0.0033123
63	-0.0032956
64	-0.0000028
65	0.0000000
66	-0.0000578
67	-0.0002605
68	-0.0000844
69	-0.0000030
70	-0.0000000
71	-0.0000023
72	-0.0000014
73	-0.0000017
74	-0.0000005
75	-0.0000001
76	-0.0000015
77	-0.0000014
78	-0.0000409
79	-0.0003220
80	-0.0003432
81	-0.0006478
82	-0.0011072
83	-0.0014091
84	-0.0015058
85	-0.0021243
86	-0.0026386
87	-0.0027752
88	-0.0022313
89	-0.0021490
90	-0.0015572
91	-0.0006919
92	-0.0002288
93	-0.0000194
94	-0.0000037
95	0.0000000
96	0.0000000
97	0.0000000
98	0.0000000
99	0.0000000
100	0.0000000
101	0.0000000
102	0.0000000
103	-0.0000607
104	-0.0005632
105	-0.0017663
106	-0.0025815
107	-0.0034190
108	-0.0032574
109	-0.0028941
110	-0.0020655
111	-0.0000084
112	0.0000000
113	-0.0000173
114	-0.0001160
115	-0.0000002
116	-0.0000000
117	0.0000000
118	0.0000000
119	0.0000000
120	0.0000000
121	-0.0000000
122	0.0000000
123	-0.0000001
124	-0.0000004
125	-0.0000002
126	-0.0000019
127	0.0000000
128	-0.0000236
129	-0.0001682
130	-0.0003522
131	-0.0004965
132	-0.0006907
133	-0.0006863
134	-0.0006101
135	-0.0005694
136	-0.0009573
137	-0.0011915
138	-0.0010730
139	-0.0007897
140	-0.0001421
141	-0.0000040
142	0.0000000
143	0.0000000
144	0.0000000
145	0.0000000
146	-0.0000000
147	-0.0000001
148	-0.0000002
149	0.0000000
150	-0.0000005
151	-0.0000815
152	-0.0003541
153	-0.0016572
154	-0.0029003
155	-0.0032083
156	-0.0042491
157	-0.0028135
158	-0.0030133
159	-0.0025101
160	-0.0016121
161	-0.0014500
162	-0.0013264
163	-0.0006141
164	-0.0002385
165	-0.0000415
166	-0.0000089
167	-0.0000069
168	0.0000000
169	0.0000000
170	0.0000000
171	0.0000000
172	-0.0000000
173	-0.0000000
174	-0.0000103
175	-0.0000748
176	-0.0002750
177	-0.0005274
178	-0.0005732
179	-0.0011206
180	-0.0020946
181	-0.0023217
182	-0.0022609
183	-0.0019199
184	-0.0007542
185	-0.0009035
186	-0.0011437
187	-0.0008224
188	-0.0001652
189	-0.0000006
190	0.0000000
191	0.0000000
192	0.0000000
193	0.0000000
194	0.0000000
195	0.0000000
196	0.0000000
197	-0.0000000
198	-0.0000002
199	-0.0000381
200	-0.0002126
201	-0.0005928
202	-0.0009397
203	-0.0015929
204	-0.0019377
205	-0.0016743
206	-0.0015897
207	-0.0016543
208	-0.0006114
209	-0.0010125
210	-0.0008446
211	-0.0000122
212	-0.0000008
213	-0.0000000
214	-0.0000000
215	0.0000000
216	0.0000000
217	0.0000000
218	0.0000000
219	0.0000000
220	0.0000000
221	0.0000000
222	0.0000000
223	-0.0000001
224	-0.0000009
225	-0.0000051
226	-0.0000005
227	-0.0000016
228	-0.0000070
229	-0.0000911
230	-0.0002874
231	-0.0004658
232	-0.0008075
233	-0.0009743
234	-0.0007101
235	-0.0003908
236	-0.0000809
237	0.0000000
238	0.0000000
239	0.0000000
240	0.0000000
241	0.0000000
242	0.0000000
243	0.0000000
244	0.0000000
245	0.0000000
246	0.0000000
247	-0.0000012
248	-0.0003390
249	-0.0013833
250	-0.0026627
251	-0.0033476
252	-0.0039519
253	-0.0044064
254	-0.0045298
255	-0.0044142
256	-0.0038426
257	-0.0034677
258	-0.0027368
259	-0.0017136
260	-0.0004271
261	-0.0000205
262	-0.0000024
263	0.0000000
264	0.0000000
265	0.0000000
266	0.0000000
267	0.0000000
268	0.0000000
269	-0.0000000
270	-0.0000003
271	-0.0000459
272	-0.0005942
273	-0.0010869
274	-0.0016509
275	-0.0029110
276	-0.0044729
277	-0.0046626
278	-0.0046974
279	-0.0048452
280	-0.0042348
281	-0.0039099
282	-0.0029005
283	-0.0013756
284	-0.0003908
285	-0.0000814
286	-0.0000254
287	-0.0000000
288	0.0000000
289	0.0000000
290	0.0000000
291	0.0000000
292	0.0000000
293	-0.0000000
294	-0.0000028
295	-0.0001494
296	-0.0013652
297	-0.0022627
298	-0.0033916
299	-0.0040314
300	-0.0043775
301	-0.0043738
302	-0.0037384
303	-0.0035125
304	-0.0037450
305	-0.0018387
306	-0.0021427
307	-0.0011099
308	-0.0003222
309	-0.0000087
310	0.0000000
311	0.0000000
312	0.0000000
313	0.0000000
314	0.0000000
315	0.0000000
316	0.0000000
317	0.0000000
318	0.0000000
319	-0.0000335
320	-0.0003328
321	-0.0012187
322	-0.0025742
323	-0.0034598
324	-0.0039724
325	-0.0043198
326	-0.0043199
327	-0.0042886
328	-0.0040603
329	-0.0033704
330	-0.0025193
331	-0.0013497
332	-0.0004157
333	-0.0000357
334	0.0000000
335	0.0000000
336	0.0000000
337	0.0000000
338	0.0000000
339	0.0000000
340	0.0000000
341	0.0000000
342	0.0000000
343	-0.0000589
344	-0.0004800
345	-0.0012527
346	-0.0023103
347	-0.0034244
348	-0.0041695
349	-0.0045663
350	-0.0047136
351	-0.0046691
352	-0.0043388
353	-0.0034299
354	-0.0019064
355	-0.0012965
356	-0.0003721
357	-0.0000404
358	-0.0000099
359	-0.0000001
360	0.0000000
361	0.0000000
362	0.0000000
363	0.0000000
364	0.0000000
365	0.0000000
366	0.0000000
367	0.0000000
368	0.0000000
369	-0.0000127
370	-0.0002043
371	-0.0012889
372	-0.0014820
373	-0.0014598
374	-0.0010535
375	-0.0018582
376	-0.0022102
377	-0.0024150
378	-0.0020641
379	-0.0011750
380	-0.0002685
381	-0.0000153
382	-0.0000025
383	-0.0000000
384	0.0000000
385	0.0000000
386	0.0000000
387	0.0000000
388	0.0000000
389	0.0000000
390	0.0000000
391	-0.0000233
392	-0.0001672
393	-0.0000799
394	-0.0001044
395	-0.0002286
396	-0.0005387
397	-0.0005343
398	-0.0001748
399	-0.0002161
400	-0.0009031
401	-0.0025650
402	-0.0022406
403	-0.0014730
404	-0.0003457
405	-0.0000134
406	-0.0000071
407	-0.0000006
408	0.0000000
409	0.0000000
410	0.0000000
411	0.0000000
412	0.0000000
413	0.0000000
414	0.0000000
415	-0.0000116
416	-0.0002032
417	-0.0006530
418	-0.0009917
419	-0.0012889
420	-0.0014561
421	-0.0017230
422	-0.0019101
423	-0.0024218
424	-0.0027996
425	-0.0025076
426	-0.0019329
427	-0.0014197
428	-0.0005418
429	-0.0000161
430	-0.0000019
431	-0.0000007
432	0.0000000
433	0.0000000
434	0.0000000
435	0.0000000
436	0.0000000
437	0.0000000
438	0.0000000
439	-0.0000006
440	-0.0000024
441	-0.0000194
442	-0.0000154
443	-0.0000000
444	0.0000000
445	0.0000000
446	-0.0004238
447	-0.0025353
448	-0.0010828
449	-0.0000023
450	0.0000000
451	0.0000000
452	0.0000000
453	-0.0000000
454	-0.0000000
455	-0.0000005
456	-0.0000011
457	0.0000000
458	0.0000000
459	0.0000000
460	0.0000000
461	0.0000000
462	-0.0000007
463	-0.0000245
464	-0.0001156
465	-0.0002950
466	-0.0006680
467	-0.0010546
468	-0.0009480
469	-0.0009073
470	-0.0013279
471	-0.0006896
472	-0.0017022
473	-0.0017807
474	-0.0015547
475	-0.0009805
476	-0.0001418
477	-0.0000001
478	0.0000000
479	-0.0000025
480	0.0000000
481	0.0000000
482	0.0000000
483	0.0000000
484	0.0000000
485	0.0000000
486	-0.0000007
487	-0.0000087
488	-0.0000138
489	-0.0000016
490	-0.0000128
491	-0.0002311
492	-0.0004117
493	-0.0010439
494	-0.0014198
495	-0.0014408
496	-0.0018137
497	-0.0018618
498	-0.0017334
499	-0.0012198
500	-0.0006121
501	-0.0000540
502	-0.0000009
503	-0.0000020
504	-0.0000058
505	-0.0000023
506	-0.0000058
507	-0.0000106
508	-0.0000134
509	-0.0000115
510	-0.0001992
511	-0.0003722
512	-0.0006950
513	-0.0000073
514	0.0000000
515	-0.0001395
516	-0.0007959
517	-0.0017667
518	-0.0022746
519	-0.0022606
520	-0.0020658
521	-0.0020148
522	-0.0020555
523	-0.0016115
524	-0.0008297
525	-0.0000840
526	-0.0000061
527	-0.0000000
528	0.0000000
529	0.0000000
530	0.0000000
531	0.0000000
532	0.0000000
533	0.0000000
534	-0.0000003
535	-0.0000059
536	-0.0002649
537	-0.0012974
538	-0.0016684
539	-0.0018608
540	-0.0016024
541	-0.0022613
542	-0.0026673
543	-0.0026265
544	-0.0023029
545	-0.0020227
546	-0.0018117
547	-0.0013860
548	-0.0006820
549	-0.0000899
550	-0.0000081
551	-0.0000000
552	0.0000000
553	0.0000000
554	0.0000000
555	0.0000000
556	0.0000000
557	0.0000000
558	-0.0000000
559	-0.0000076
560	-0.0003458
561	-0.0014800
562	-0.0020873
563	-0.0020551
564	-0.0023565
565	-0.0029614
566	-0.0031934
567	-0.0033503
568	-0.0032872
569	-0.0029672
570	-0.0024770
571	-0.0017845
572	-0.0006501
573	-0.0001319
574	-0.0000000
575	0.0000000
576	0.0000000
577	0.0000000
578	0.0000000
579	0.0000000
580	-0.0000000
581	-0.0000000
582	-0.0000004
583	-0.0000209
584	-0.0003825
585	-0.0017246
586	-0.0026424
587	-0.0033728
588	-0.0040019
589	-0.0042431
590	-0.0042476
591	-0.0041866
592	-0.0035986
593	-0.0032542
594	-0.0025595
595	-0.0018721
596	-0.0004605
597	-0.0000446
598	-0.0000087
599	0.0000000
600	0.0000000
601	0.0000000
602	0.0000000
603	0.0000000
604	0.0000000
605	-0.0000000
606	-0.0000033
607	-0.0000905
608	-0.0009544
609	-0.0025826
610	-0.0034477
611	-0.0041107
612	-0.0046127
613	-0.0049618
614	-0.0051840
615	-0.0051598
616	-0.0049351
617	-0.0041674
618	-0.0028733
619	-0.0015510
620	-0.0004810
621	-0.0000997
622	-0.0000160
623	-0.0000221
624	-0.0000000
625	0.0000000
626	0.0000000
627	0.0000000
628	0.0000000
629	0.0000000
630	-0.0000009
631	-0.0000482
632	-0.0012921
633	-0.0029941
634	-0.0038261
635	-0.0046146
636	-0.0050409
637	-0.0052793
638	-0.0053181
639	-0.0054313
640	-0.0053406
641	-0.0045847
642	-0.0029190
643	-0.0017341
644	-0.0006224
645	-0.0001323
646	-0.0000285
647	-0.0000324
648	-0.0000000
649	0.0000000
650	0.0000000
651	0.0000000
652	0.0000000
653	-0.0000000
654	-0.0000027
655	-0.0001323
656	-0.0013989
657	-0.0031469
658	-0.0041538
659	-0.0045365
660	-0.0051783
661	-0.0058140
662	-0.0058546
663	-0.0056550
664	-0.0058291
665	-0.0050079
666	-0.0035849
667	-0.0024394
668	-0.0007374
669	-0.0000897
670	-0.0000292
671	-0.0000208
672	-0.0000000
673	0.0000000
674	0.0000000
675	0.0000000
676	0.0000000
677	0.0000000
678	0.0000000
679	-0.0000012
680	-0.0000010
681	-0.0000019
682	-0.0000883
683	-0.0007331
684	-0.0000827
685	-0.0002260
686	-0.0008154
687	-0.0014299
688	-0.0020798
689	-0.0015486
690	-0.0009454
691	-0.0003887
692	-0.0000408
693	-0.0000239
694	-0.0000000
695	0.0000000
696	0.0000000
697	0.0000000
698	0.0000000
699	0.0000000
700	-0.0000001
701	-0.0000001
702	-0.0000003
703	-0.0000013
704	-0.0002980
705	-0.0009433
706	-0.0009947
707	-0.0022325
708	-0.0025578
709	-0.0029177
710	-0.0022149
711	-0.0025271
712	-0.0032816
713	-0.0028583
714	-0.0021682
715	-0.0007428
716	-0.0000969
717	-0.0000118
718	-0.0000051
719	0.0000000
720	0.0000000
721	0.0000000
722	0.0000000
723	0.0000000
724	0.0000000
725	0.0000000
726	-0.0000007
727	-0.0000300
728	-0.0004060
729	-0.0008690
730	-0.0015642
731	-0.0033678
732	-0.0042086
733	-0.0043156
734	-0.0031500
735	-0.0032318
736	-0.0043850
737	-0.0034758
738	-0.0025593
739	-0.0012692
740	-0.0001651
741	-0.0000269
742	-0.0000068
743	0.0000000
744	0.0000000
745	0.0000000
746	0.0000000
747	0.0000000
748	0.0000000
749	-0.0000001
750	-0.0000005
751	-0.0000077
752	-0.0000311
753	-0.0000028
754	-0.0000031
755	-0.0005053
756	-0.0014194
757	-0.0022675
758	-0.0026010
759	-0.0031546
760	-0.0032366
761	-0.0035138
762	-0.0026534
763	-0.0016522
764	-0.0005643
765	-0.0000173
766	-0.0000081
767	0.0000000
768	0.0000000
769	0.0000000
770	0.0000000
771	0.0000000
772	0.0000000
773	0.0000000
774	0.0000000
775	-0.0000054
776	-0.0002528
777	-0.0008724
778	-0.0021691
779	-0.0032890
780	-0.0042012
781	-0.0041402
782	-0.0042198
783	-0.0043541
784	-0.0041558
785	-0.0040399
786	-0.0030650
787	-0.0018324
788	-0.0004253
789	-0.0000906
790	-0.0000115
791	0.0000000
792	0.0000000
793	0.0000000
794	0.0000000
795	0.0000000
796	0.0000000
797	0.0000000
798	0.0000000
799	-0.0000001
800	-0.0003616
801	-0.0016832
802	-0.0031863
803	-0.0041562
804	-0.0048953
805	-0.0051344
806	-0.0052966
807	-0.0051871
808	-0.0048339
809	-0.0040792
810	-0.0028729
811	-0.0010845
812	-0.0000260
813	-0.0000112
814	-0.0000111
815	-0.0000105
816	0.0000000
817	0.0000000
818	0.0000000
819	0.0000000
820	0.0000000
821	0.0000000
822	-0.0000003
823	-0.0000332
824	-0.0005684
825	-0.0026149
826	-0.0035551
827	-0.0042932
828	-0.0049862
829	-0.0054849
830	-0.0056281
831	-0.0054508
832	-0.0046333
833	-0.0033138
834	-0.0018485
835	-0.0007411
836	-0.0003715
837	-0.0000197
838	-0.0000047
839	-0.0000001
840	0.0000000
841	0.0000000
842	0.0000000
843	0.0000000
844	0.0000000
845	0.0000000
846	0.0000000
847	-0.0000462
848	-0.0002378
849	-0.0007728
850	-0.0022115
851	-0.0033088
852	-0.0039236
853	-0.0036478
854	-0.0033688
855	-0.0029312
856	-0.0033316
857	-0.0035612
858	-0.0029905
859	-0.0022518
860	-0.0009603
861	-0.0000818
862	-0.0000000
863	0.0000000
864	0.0000000
865	0.0000000
866	0.0000000
867	0.0000000
868	0.0000000
869	-0.0000000
870	-0.0000017
871	-0.0000166
872	-0.0000979
873	-0.0011030
874	-0.0026269
875	-0.0037285
876	-0.0046988
877	-0.0049484
878	-0.0050707
879	-0.0049869
880	-0.0047064
881	-0.0037085
882	-0.0021037
883	-0.0016994
884	-0.0002467
885	-0.0000239
886	-0.0000039
887	-0.0000029
888	0.0000000
889	0.0000000
890	0.0000000
891	0.0000000
892	0.0000000
893	0.0000000
894	0.0000000
895	0.0000000
896	-0.0001916
897	-0.0014722
898	-0.0032649
899	-0.0040568
900	-0.0048543
901	-0.0052182
902	-0.0055069
903	-0.0053412
904	-0.0035779
905	-0.0021365
906	-0.0018391
907	-0.0011675
908	-0.0001226
909	-0.0000757
910	-0.0000228
911	-0.0000205
912	-0.0000000
913	0.0000000
914	0.0000000
915	0.0000000
916	0.0000000
917	0.0000000
918	0.0000000
919	-0.0000022
920	-0.0000794
921	-0.0000325
922	-0.0002032
923	-0.0008771
924	-0.0000497
925	-0.0000407
926	-0.0005072
927	-0.0017357
928	-0.0025601
929	-0.0032930
930	-0.0028036
931	-0.0017749
932	-0.0005083
933	-0.0000437
934	-0.0000085
935	-0.0000054
936	0.0000000
937	0.0000000
938	0.0000000
939	0.0000000
940	0.0000000
941	0.0000000
942	-0.0000001
943	-0.0000137
944	-0.0003682
945	-0.0021801
946	-0.0030641
947	-0.0039029
948	-0.0045417
949	-0.0046244
950	-0.0047705
951	-0.0048129
952	-0.0045326
953	-0.0039443
954	-0.0031538
955	-0.0016790
956	-0.0006321
957	-0.0000502
958	-0.0000123
959	-0.0000074
960	-0.0000000
961	0.0000000
962	0.0000000
963	0.0000000
964	0.0000000
965	0.0000000
966	-0.0000000
967	-0.0000136
968	-0.0004752
969	-0.0023169
970	-0.0032315
971	-0.0038550
972	-0.0039053
973	-0.0033078
974	-0.0036934
975	-0.0039988
976	-0.0036276
977	-0.0033265
978	-0.0024953
979	-0.0015756
980	-0.0002639
981	-0.0000239
982	-0.0000031
983	-0.0000009
984	0.0000000
985	0.0000000
986	0.0000000
987	0.0000000
988	0.0000000
989	0.0000000
990	0.0000000
991	0.0000000
992	-0.0000001
993	-0.0001297
994	-0.0003503
995	-0.0002194
996	-0.0001327
997	-0.0001985
998	-0.0010317
999	-0.0010961
1000	-0.0004578
1001	-0.0001016
1002	-0.0000182
1003	-0.0000087
1004	-0.0000007
1005	0.0000000
1006	0.0000000
1007	0.0000000
1008	0.0000000
1009	0.0000000
1010	0.0000000
1011	0.0000000
1012	0.0000000
1013	0.0000000
1014	0.0000000
1015	-0.0000057
1016	-0.0000706
1017	-0.0004963
1018	-0.0022322
1019	-0.0029030
1020	-0.0037492
1021	-0.0037801
1022	-0.0037227
1023	-0.0038930
1024	-0.0033595
1025	-0.0021004
1026	-0.0010523
1027	-0.0003481
1028	-0.0001361
1029	-0.0000059
1030	0.0000000
1031	0.0000000
1032	0.0000000
1033	0.0000000
1034	0.0000000
1035	0.0000000
1036	0.0000000
1037	0.0000000
1038	0.0000000
1039	-0.0000012
1040	-0.0001280
1041	-0.0008430
1042	-0.0024241
1043	-0.0035075
1044	-0.0011758
1045	-0.0034519
1046	-0.0032533
1047	-0.0029929
1048	-0.0020281
1049	-0.0020921
1050	-0.0016158
1051	-0.0006065
1052	-0.0001316
1053	-0.0000007
1054	-0.0000000
1055	-0.0000001
1056	0.0000000
1057	0.0000000
1058	0.0000000
1059	0.0000000
1060	0.0000000
1061	0.0000000
1062	-0.0000002
1063	-0.0000275
1064	-0.0002408
1065	-0.0009524
1066	-0.0028015
1067	-0.0036651
1068	-0.0039041
1069	-0.0044679
1070	-0.0046230
1071	-0.0045689
1072	-0.0043622
1073	-0.0037209
1074	-0.0028984
1075	-0.0015946
1076	-0.0004973
1077	-0.0000335
1078	-0.0000014
1079	0.0000000
1080	0.0000000
1081	0.0000000
1082	0.0000000
1083	0.0000000
1084	0.0000000
1085	0.0000000
1086	0.0000000
1087	-0.0000044
1088	-0.0001782
1089	-0.0004383
1090	-0.0007104
1091	-0.0011269
1092	-0.0008871
1093	-0.0016912
1094	-0.0019806
1095	-0.0015068
1096	-0.0013834
1097	-0.0006236
1098	-0.0000345
1099	-0.0000035
1100	0.0000000
1101	0.0000000
1102	0.0000000
1103	0.0000000
1104	0.0000000
1105	0.0000000
1106	0.0000000
1107	0.0000000
1108	0.0000000
1109	0.0000000
1110	-0.0000000
1111	-0.0000097
1112	-0.0000982
1113	-0.0003049
1114	-0.0004792
1115	-0.0010632
1116	-0.0014003
1117	-0.0010013
1118	-0.0016379
1119	-0.0031935
1120	-0.0033375
1121	-0.0025484
1122	-0.0013474
1123	-0.0008786
1124	-0.0000409
1125	-0.0000214
1126	-0.0000000
1127	0.0000000
1128	0.0000000
1129	0.0000000
1130	0.0000000
1131	0.0000000
1132	0.0000000
1133	0.0000000
1134	0.0000000
1135	-0.0000022
1136	-0.0000269
1137	-0.0006329
1138	-0.0015543
1139	-0.0015203
1140	-0.0007525
1141	-0.0015181
1142	-0.0017042
1143	-0.0013621
1144	-0.0015628
1145	-0.0000305
1146	-0.0000457
1147	-0.0000430
1148	-0.0000027
1149	0.0000000
1150	0.0000000
1151	-0.0000006
1152	0.0000000
1153	0.0000000
1154	0.0000000
1155	0.0000000
1156	0.0000000
1157	0.0000000
1158	0.0000000
1159	-0.0000127
1160	-0.0001510
1161	-0.0007575
1162	-0.0021137
1163	-0.0034485
1164	-0.0041066
1165	-0.0045781
1166	-0.0046824
1167	-0.0044598
1168	-0.0042566
1169	-0.0036577
1170	-0.0027462
1171	-0.0016441
1172	-0.0004623
1173	-0.0000038
1174	0.0000000
1175	0.0000000
1176	0.0000000
1177	0.0000000
1178	0.0000000
1179	0.0000000
1180	0.0000000
1181	0.0000000
1182	0.0000000
1183	-0.0000007
1184	-0.0001488
1185	-0.0011942
1186	-0.0029953
1187	-0.0039270
1188	-0.0047154
1189	-0.0050315
1190	-0.0054250
1191	-0.0053139
1192	-0.0047932
1193	-0.0039631
1194	-0.0025587
1195	-0.0013172
1196	-0.0004058
1197	-0.0000296
1198	-0.0000050
1199	-0.0000000
1200	0.0000000
1201	0.0000000
1202	0.0000000
1203	0.0000000
1204	0.0000000
1205	-0.0000000
1206	-0.0000006
1207	-0.0000349
1208	-0.0005718
1209	-0.0021091
1210	-0.0031151
1211	-0.0040391
1212	-0.0047020
1213	-0.0052424
1214	-0.0054884
1215	-0.0049895
1216	-0.0046809
1217	-0.0029172
1218	-0.0018473
1219	-0.0014081
1220	-0.0005188
1221	-0.0000239
1222	-0.0000224
1223	-0.0000211
1224	-0.0000000
1225	0.0000000
1226	0.0000000
1227	0.0000000
1228	0.0000000
1229	0.0000000
1230	-0.0000002
1231	-0.0000246
1232	-0.0000895
1233	-0.0004123
1234	-0.0005532
1235	-0.0024946
1236	-0.0036048
1237	-0.0033005
1238	-0.0046019
1239	-0.0044439
1240	-0.0042123
1241	-0.0034452
1242	-0.0027979
1243	-0.0018402
1244	-0.0005697
1245	-0.0000377
1246	-0.0000095
1247	0.0000000
1248	0.0000000
1249	0.0000000
1250	0.0000000
1251	0.0000000
1252	0.0000000
1253	0.0000000
1254	0.0000000
1255	-0.0000011
1256	-0.0002006
1257	-0.0013639
1258	-0.0027899
1259	-0.0035477
1260	-0.0041374
1261	-0.0043680
1262	-0.0040985
1263	-0.0042015
1264	-0.0040744
1265	-0.0035832
1266	-0.0027427
1267	-0.0014422
1268	-0.0002671
1269	-0.0000109
1270	-0.0000108
1271	-0.0000105
1272	0.0000000
1273	0.0000000
1274	0.0000000
1275	0.0000000
1276	0.0000000
1277	0.0000000
1278	0.0000000
1279	-0.0000002
1280	-0.0002396
1281	-0.0011068
1282	-0.0024258
1283	-0.0031845
1284	-0.0035769
1285	-0.0034320
1286	-0.0034598
1287	-0.0029626
1288	-0.0034141
1289	-0.0028012
1290	-0.0024004
1291	-0.0012018
1292	-0.0002783
1293	-0.0000094
1294	-0.0000057
1295	-0.0000048
1296	0.0000000
1297	0.0000000
1298	0.0000000
1299	0.0000000
1300	0.0000000
1301	0.0000000
1302	-0.0000000
1303	-0.0000000
1304	-0.0000003
1305	-0.0001690
1306	-0.0005055
1307	-0.0008579
1308	-0.0016182
1309	-0.0008956
1310	-0.0004364
1311	-0.0006540
1312	-0.0006255
1313	-0.0006318
1314	-0.0006318
1315	-0.0001889
1316	-0.0000755
1317	-0.0000000
1318	0.0000000
1319	0.0000000
1320	0.0000000
1321	0.0000000
1322	0.0000000
1323	0.0000000
1324	0.0000000
1325	0.0000000
1326	-0.0000000
1327	-0.0000037
1328	-0.0000644
1329	-0.0006830
1330	-0.0013229
1331	-0.0025599
1332	-0.0024722
1333	-0.0030701
1334	-0.0023387
1335	-0.0004373
1336	-0.0010589
1337	-0.0025575
1338	-0.0016260
1339	-0.0007987
1340	-0.0001214
1341	-0.0000016
1342	0.0000000
1343	0.0000000
1344	0.0000000
1345	0.0000000
1346	0.0000000
1347	0.0000000
1348	0.0000000
1349	0.0000000
1350	-0.0000012
1351	-0.0000239
1352	-0.0000045
1353	-0.0000163
1354	-0.0001111
1355	-0.0003903
1356	-0.0002396
1357	-0.0000109
1358	0.0000000
1359	0.0000000
1360	-0.0000552
1361	-0.0003753
1362	-0.0009549
1363	-0.0005090
1364	-0.0000290
1365	-0.0000023
1366	-0.0000027
1367	0.0000000
1368	0.0000000
1369	0.0000000
1370	0.0000000
1371	0.0000000
1372	0.0000000
1373	-0.0000000
1374	-0.0000009
1375	-0.0000286
1376	-0.0000821
1377	-0.0003708
1378	-0.0014781
1379	-0.0026455
1380	-0.0019386
1381	-0.0028653
1382	-0.0012008
1383	-0.0029770
1384	-0.0035142
1385	-0.0032990
1386	-0.0023537
1387	-0.0011363
1388	-0.0000237
1389	0.0000000
1390	0.0000000
1391	0.0000000
1392	0.0000000
1393	0.0000000
1394	0.0000000
1395	0.0000000
1396	0.0000000
1397	-0.0000000
1398	-0.0000002
1399	-0.0000330
1400	-0.0002564
1401	-0.0016944
1402	-0.0030297
1403	-0.0041250
1404	-0.0043356
1405	-0.0043473
1406	-0.0032976
1407	-0.0037656
1408	-0.0038218
1409	-0.0035087
1410	-0.0025527
1411	-0.0013788
1412	-0.0002770
1413	-0.0000092
1414	-0.0000034
1415	0.0000000
1416	0.0000000
1417	0.0000000
1418	0.0000000
1419	0.0000000
1420	0.0000000
1421	0.0000000
1422	-0.0000000
1423	-0.0000107
1424	-0.0003969
1425	-0.0019050
1426	-0.0028360
1427	-0.0033688
1428	-0.0035271
1429	-0.0034843
1430	-0.0035936
1431	-0.0000027
1432	0.0000000
1433	-0.0003774
1434	-0.0022877
1435	-0.0015933
1436	-0.0004184
1437	-0.0000128
1438	-0.0000099
1439	-0.0000091
1440	0.0000000
1441	0.0000000
1442	0.0000000
1443	0.0000000
1444	0.0000000
1445	0.0000000
1446	-0.0000000
1447	-0.0000032
1448	-0.0001250
1449	-0.0009416
1450	-0.0026610
1451	-0.0031602
1452	-0.0035271
1453	-0.0033990
1454	-0.0038063
1455	-0.0036648
1456	-0.0033192
1457	-0.0029255
1458	-0.0023370
1459	-0.0014547
1460	-0.0002809
1461	-0.0000114
1462	-0.0000077
1463	-0.0000063
1464	0.0000000
1465	0.0000000
1466	0.0000000
1467	0.0000000
1468	0.0000000
1469	0.0000000
1470	-0.0000000
1471	-0.0000031
1472	-0.0001393
1473	-0.0008888
1474	-0.0022981
1475	-0.0029320
1476	-0.0036086
1477	-0.0040970
1478	-0.0042328
1479	-0.0043749
1480	-0.0035847
1481	-0.0023909
1482	-0.0020123
1483	-0.0006783
1484	-0.0000919
1485	-0.0000057
1486	-0.0000085
1487	-0.0000000
1488	0.0000000
1489	0.0000000
1490	0.0000000
1491	0.0000000
1492	0.0000000
1493	0.0000000
1494	0.0000000
1495	0.0000000
1496	0.0000000
1497	-0.0000264
1498	-0.0006021
1499	-0.0021481
1500	-0.0022522
1501	-0.0035820
1502	-0.0043446
1503	-0.0040791
1504	-0.0037492
1505	-0.0031409
1506	-0.0022130
1507	-0.0008987
1508	-0.0000985
1509	-0.0000007
1510	0.0000000
1511	0.0000000
1512	0.0000000
1513	0.0000000
1514	0.0000000
1515	0.0000000
1516	0.0000000
1517	0.0000000
1518	0.0000000
1519	-0.0000001
1520	-0.0000004
1521	0.0000000
1522	0.0000000
1523	0.0000000
1524	-0.0000286
1525	-0.0011620
1526	-0.0033600
1527	-0.0036157
1528	-0.0028383
1529	-0.0025551
1530	-0.0018314
1531	-0.0008407
1532	-0.0000938
1533	-0.0000013
1534	0.0000000
1535	0.0000000
1536	0.0000000
1537	0.0000000
1538	0.0000000
1539	0.0000000
1540	0.0000000
1541	0.0000000
1542	-0.0000000
1543	-0.0000114
1544	-0.0001536
1545	-0.0007804
1546	-0.0023406
1547	-0.0034297
1548	-0.0041770
1549	-0.0046146
1550	-0.0045963
1551	-0.0043862
1552	-0.0037866
1553	-0.0025705
1554	-0.0012501
1555	-0.0004348
1556	-0.0000127
1557	-0.0000030
1558	0.0000000
1559	0.0000000
1560	0.0000000
1561	0.0000000
1562	0.0000000
1563	0.0000000
1564	0.0000000
1565	0.0000000
1566	0.0000000
1567	-0.0000106
1568	-0.0001964
1569	-0.0009016
1570	-0.0022652
1571	-0.0034597
1572	-0.0025307
1573	-0.0014044
1574	-0.0014121
1575	-0.0012585
1576	-0.0009203
1577	-0.0005089
1578	-0.0002560
1579	-0.0001047
1580	-0.0000017
1581	-0.0000001
1582	-0.0000001
1583	0.0000000
1584	0.0000000
1585	0.0000000
1586	0.0000000
1587	0.0000000
1588	0.0000000
1589	0.0000000
1590	-0.0000000
1591	-0.0000131
1592	-0.0000868
1593	-0.0004065
1594	-0.0016410
1595	-0.0031931
1596	-0.0040317
1597	-0.0044565
1598	-0.0045884
1599	-0.0042714
1600	-0.0036102
1601	-0.0034489
1602	-0.0019899
1603	-0.0007712
1604	-0.0001316
1605	-0.0000026
1606	-0.0000000
1607	0.0000000
1608	0.0000000
1609	0.0000000
1610	0.0000000
1611	0.0000000
1612	0.0000000
1613	0.0000000
1614	-0.0000000
1615	-0.0000028
1616	-0.0002774
1617	-0.0013653
1618	-0.0026007
1619	-0.0034856
1620	-0.0041601
1621	-0.0045049
1622	-0.0029283
1623	-0.0025370
1624	-0.0034058
1625	-0.0028678
1626	-0.0018946
1627	-0.0009441
1628	-0.0000852
1629	-0.0000125
1630	-0.0000095
1631	-0.0000060
1632	-0.0000000
1633	0.0000000
1634	0.0000000
1635	0.0000000
1636	0.0000000
1637	0.0000000
1638	0.0000000
1639	0.0000000
1640	-0.0000057
1641	-0.0000003
1642	0.0000000
1643	-0.0002343
1644	-0.0023601
1645	-0.0038662
1646	-0.0040697
1647	-0.0036896
1648	-0.0038867
1649	-0.0033868
1650	-0.0023971
1651	-0.0010051
1652	-0.0001905
1653	-0.0000037
1654	-0.0000022
1655	-0.0000004
1656	0.0000000
1657	0.0000000
1658	0.0000000
1659	0.0000000
1660	0.0000000
1661	0.0000000
1662	0.0000000
1663	-0.0000003
1664	-0.0000846
1665	-0.0012397
1666	-0.0027799
1667	-0.0032912
1668	-0.0041366
1669	-0.0042275
1670	-0.0042262
1671	-0.0029040
1672	-0.0023512
1673	-0.0018940
1674	-0.0014877
1675	-0.0007771
1676	-0.0000943
1677	-0.0000124
1678	-0.0000008
1679	0.0000000
1680	0.0000000
1681	0.0000000
1682	0.0000000
1683	0.0000000
1684	0.0000000
1685	0.0000000
1686	-0.0000000
1687	-0.0000362
1688	-0.0008419
1689	-0.0017006
1690	-0.0022171
1691	-0.0022514
1692	-0.0027305
1693	-0.0025051
1694	-0.0028788
1695	-0.0032493
1696	-0.0027202
1697	-0.0029740
1698	-0.0023141
1699	-0.0000194
1700	0.0000000
1701	0.0000000
1702	0.0000000
1703	0.0000000
1704	0.0000000
1705	0.0000000
1706	0.0000000
1707	0.0000000
1708	0.0000000
1709	-0.0000000
1710	-0.0000001
1711	-0.0000165
1712	-0.0003837
1713	-0.0018404
1714	-0.0025709
1715	-0.0028620
1716	-0.0029435
1717	-0.0027284
1718	-0.0029442
1719	-0.0027447
1720	-0.0023181
1721	-0.0022759
1722	-0.0018032
1723	-0.0005731
1724	-0.0001089
1725	-0.0000062
1726	-0.0000057
1727	-0.0000063
1728	-0.0000000
1729	0.0000000
1730	0.0000000
1731	0.0000000
1732	0.0000000
1733	0.0000000
1734	-0.0000000
1735	-0.0000041
1736	-0.0001140
1737	-0.0011710
1738	-0.0023213
1739	-0.0029879
1740	-0.0035553
1741	-0.0038497
1742	-0.0040786
1743	-0.0036536
1744	-0.0029268
1745	-0.0024770
1746	-0.0017145
1747	-0.0004023
1748	-0.0000283
1749	-0.0000021
1750	-0.0000021
1751	-0.0000018
1752	0.0000000
1753	0.0000000
1754	0.0000000
1755	0.0000000
1756	0.0000000
1757	0.0000000
1758	0.0000000
1759	0.0000000
1760	-0.0000012
1761	-0.0000245
1762	-0.0002029
1763	-0.0014956
1764	-0.0028300
1765	-0.0033710
1766	-0.0036035
1767	-0.0035370
1768	-0.0031756
1769	-0.0026283
1770	-0.0013988
1771	-0.0003262
1772	-0.0000811
1773	-0.0000022
1774	-0.0000000
1775	-0.0000014
1776	0.0000000
1777	0.0000000
1778	0.0000000
1779	0.0000000
1780	0.0000000
1781	0.0000000
1782	0.0000000
1783	-0.0000016
1784	-0.0000292
1785	-0.0001151
1786	-0.0000011
1787	-0.0000021
1788	-0.0004175
1789	-0.0019024
1790	-0.0024421
1791	-0.0023502
1792	-0.0014381
1793	-0.0018196
1794	-0.0011343
1795	-0.0001977
1796	-0.0000058
1797	-0.0000000
1798	0.0000000
1799	0.0000000
1800	0.0000000
1801	0.0000000
1802	0.0000000
1803	0.0000000
1804	0.0000000
1805	0.0000000
1806	0.0000000
1807	-0.0000002
1808	-0.0000108
1809	-0.0001447
1810	-0.0003924
1811	-0.0007413
1812	-0.0009141
1813	-0.0002995
1814	-0.0003029
1815	-0.0008148
1816	-0.0013939
1817	-0.0017187
1818	-0.0010715
1819	-0.0002512
1820	-0.0000219
1821	-0.0000051
1822	-0.0000038
1823	0.0000000
1824	0.0000000
1825	0.0000000
1826	0.0000000
1827	0.0000000
1828	0.0000000
1829	-0.0000000
1830	-0.0000000
1831	-0.0000038
1832	-0.0000560
1833	-0.0003394
1834	-0.0008657
1835	-0.0019115
1836	-0.0026995
1837	-0.0032052
1838	-0.0034533
1839	-0.0035311
1840	-0.0031155
1841	-0.0022279
1842	-0.0008907
1843	-0.0002288
1844	-0.0000297
1845	-0.0000054
1846	-0.0000059
1847	-0.0000040
1848	0.0000000
1849	0.0000000
1850	0.0000000
1851	0.0000000
1852	0.0000000
1853	0.0000000
1854	0.0000000
1855	-0.0000006
1856	-0.0000513
1857	-0.0001944
1858	-0.0005277
1859	-0.0011107
1860	-0.0011077
1861	-0.0011175
1862	-0.0012136
1863	-0.0011515
1864	-0.0011463
1865	-0.0009787
1866	-0.0005342
1867	-0.0001821
1868	-0.0000181
1869	-0.0000049
1870	-0.0000061
1871	-0.0000065
1872	0.0000000
1873	0.0000000
1874	0.0000000
1875	0.0000000
1876	0.0000000
1877	0.0000000
1878	0.0000000
1879	-0.0000006
1880	-0.0000141
1881	-0.0001982
1882	-0.0009219
1883	-0.0020723
1884	-0.0021356
1885	-0.0026244
1886	-0.0032932
1887	-0.0035210
1888	-0.0026827
1889	-0.0026131
1890	-0.0015082
1891	-0.0003027
1892	-0.0000143
1893	-0.0000013
1894	-0.0000086
1895	-0.0000000
1896	0.0000000
1897	0.0000000
1898	0.0000000
1899	0.0000000
1900	0.0000000
1901	-0.0000000
1902	-0.0000001
1903	-0.0000184
1904	-0.0003077
1905	-0.0011431
1906	-0.0018158
1907	-0.0021179
1908	-0.0022216
1909	-0.0022936
1910	-0.0025830
1911	-0.0018087
1912	-0.0016360
1913	-0.0014249
1914	-0.0011830
1915	-0.0003796
1916	-0.0000406
1917	-0.0000095
1918	-0.0000067
1919	-0.0000046
1920	0.0000000
1921	0.0000000
1922	0.0000000
1923	0.0000000
1924	0.0000000
1925	0.0000000
1926	0.0000000
1927	-0.0000000
1928	-0.0000148
1929	-0.0005224
1930	-0.0018071
1931	-0.0023030
1932	-0.0023078
1933	-0.0031261
1934	-0.0034652
1935	-0.0034081
1936	-0.0030290
1937	-0.0025606
1938	-0.0015299
1939	-0.0005064
1940	-0.0000935
1941	-0.0000074
1942	-0.0000063
1943	-0.0000026
1944	0.0000000
1945	0.0000000
1946	0.0000000
1947	0.0000000
1948	0.0000000
1949	0.0000000
1950	-0.0000000
1951	-0.0000030
1952	-0.0000737
1953	-0.0010645
1954	-0.0022158
1955	-0.0029208
1956	-0.0033285
1957	-0.0038810
1958	-0.0041441
1959	-0.0040666
1960	-0.0037200
1961	-0.0030295
1962	-0.0018850
1963	-0.0005534
1964	-0.0000550
1965	-0.0000061
1966	-0.0000086
1967	-0.0000000
1968	0.0000000
1969	0.0000000
1970	0.0000000
1971	0.0000000
1972	0.0000000
1973	-0.0000001
1974	-0.0000002
1975	-0.0000108
1976	-0.0002683
1977	-0.0016921
1978	-0.0028236
1979	-0.0037945
1980	-0.0045803
1981	-0.0047913
1982	-0.0048539
1983	-0.0046885
1984	-0.0043262
1985	-0.0033573
1986	-0.0020579
1987	-0.0007542
1988	-0.0000463
1989	-0.0000057
1990	-0.0000001
