TIME_UNITS h
DATA_UNITS kg/s
0	-0.0000008
1	-0.0000020
2	-0.0000023
3	-0.0000011
4	-0.0000007
5	-0.0000003
6	-0.0000035
7	-0.0000472
8	-0.0002886
9	-0.0005980
10	-0.0009533
11	-0.0013192
12	-0.0014567
13	-0.0015631
14	-0.0016673
15	-0.0017046
16	-0.0016663
17	-0.0015069
18	-0.0012307
19	-0.0007781
20	-0.0002691
21	-0.0000303
22	-0.0000029
23	-0.0000014
24	-0.0000015
25	-0.0000011
26	-0.0000005
27	-0.0000005
28	0.0000000
29	0.0000000
30	0.0000000
31	0.0000000
32	-0.0002153
33	-0.0006967
34	-0.0012237
35	-0.0016147
36	-0.0017813
37	-0.0018665
38	-0.0016917
39	-0.0013443
40	-0.0011518
41	-0.0004846
42	-0.0002325
43	-0.0001702
44	-0.0000442
45	-0.0000002
46	0.0000000
47	0.0000000
48	0.0000000
49	0.0000000
50	0.0000000
51	0.0000000
52	0.0000000
53	0.0000000
54	0.0000000
55	0.0000000
56	0.0000000
57	-0.0000000
58	-0.0000116
59	-0.0001602
60	-0.0010651
61	-0.0011435
62	-0.0016559
63	-0.0016476
64	-0.0000014
65	0.0000000
66	-0.0000289
67	-0.0001302
68	-0.0000422
69	-0.0000015
70	-0.0000000
71	-0.0000011
72	-0.0000007
73	-0.0000008
74	-0.0000002
75	-0.0000001
76	-0.0000007
77	-0.0000007
78	-0.0000204
79	-0.0001610
80	-0.0001716
81	-0.0003238
82	-0.0005535
83	-0.0007044
84	-0.0007528
85	-0.0010620
86	-0.0013191
87	-0.0013874
88	-0.0011155
89	-0.0010743
90	-0.0007785
91	-0.0003459
92	-0.0001144
93	-0.0000097
94	-0.0000018
95	0.0000000
96	0.0000000
97	0.0000000
98	0.0000000
99	0.0000000
100	0.0000000
101	0.0000000
102	0.0000000
103	-0.0000304
104	-0.0002815
105	-0.0008830
106	-0.0012906
107	-0.0017093
108	-0.0016285
109	-0.0014468
110	-0.0010326
111	-0.0000042
112	0.0000000
113	-0.0000086
114	-0.0000580
115	-0.0000001
116	-0.0000000
117	0.0000000
118	0.0000000
119	0.0000000
120	0.0000000
121	-0.0000000
122	0.0000000
123	-0.0000000
124	-0.0000002
125	-0.0000001
126	-0.0000010
127	0.0000000
128	-0.0000118
129	-0.0000841
130	-0.0001761
131	-0.0002482
132	-0.0003453
133	-0.0003431
134	-0.0003050
135	-0.0002847
136	-0.0004786
137	-0.0005957
138	-0.0005364
139	-0.0003948
140	-0.0000710
141	-0.0000020
142	0.0000000
143	0.0000000
144	0.0000000
145	0.0000000
146	-0.0000000
147	-0.0000000
148	-0.0000001
149	0.0000000
150	-0.0000003
151	-0.0000407
152	-0.0001770
153	-0.0008285
154	-0.0014500
155	-0.0016039
156	-0.0021243
157	-0.0014066
158	-0.0015064
159	-0.0012549
160	-0.0008059
161	-0.0007249
162	-0.0006631
163	-0.0003070
164	-0.0001193
165	-0.0000207
166	-0.0000045
167	-0.0000034
168	0.0000000
169	0.0000000
170	0.0000000
171	0.0000000
172	-0.0000000
173	-0.0000000
174	-0.0000052
175	-0.0000374
176	-0.0001375
177	-0.0002637
178	-0.0002866
179	-0.0005602
180	-0.0010472
181	-0.0011607
182	-0.0011303
183	-0.0009598
184	-0.0003770
185	-0.0004517
186	-0.0005718
187	-0.0004112
188	-0.0000826
189	-0.0000003
190	0.0000000
191	0.0000000
192	0.0000000
193	0.0000000
194	0.0000000
195	0.0000000
196	0.0000000
197	-0.0000000
198	-0.0000001
199	-0.0000191
200	-0.0001063
201	-0.0002963
202	-0.0004698
203	-0.0007963
204	-0.0009687
205	-0.0008370
206	-0.0007948
207	-0.0008270
208	-0.0003057
209	-0.0005062
210	-0.0004222
211	-0.0000061
212	-0.0000004
213	-0.0000000
214	-0.0000000
215	0.0000000
216	0.0000000
217	0.0000000
218	0.0000000
219	0.0000000
220	0.0000000
221	0.0000000
222	0.0000000
223	-0.0000001
224	-0.0000005
225	-0.0000026
226	-0.0000003
227	-0.0000008
228	-0.0000035
229	-0.0000455
230	-0.0001437
231	-0.0002329
232	-0.0004037
233	-0.0004871
234	-0.0003550
235	-0.0001954
236	-0.0000404
237	0.0000000
238	0.0000000
239	0.0000000
240	0.0000000
241	0.0000000
242	0.0000000
243	0.0000000
244	0.0000000
245	0.0000000
246	0.0000000
247	-0.0000006
248	-0.0001695
249	-0.0006916
250	-0.0013312
251	-0.0016736
252	-0.0019757
253	-0.0022029
254	-0.0022646
255	-0.0022068
256	-0.0019210
257	-0.0017336
258	-0.0013682
259	-0.0008567
260	-0.0002135
261	-0.0000102
262	-0.0000012
263	0.0000000
264	0.0000000
265	0.0000000
266	0.0000000
267	0.0000000
268	0.0000000
269	-0.0000000
270	-0.0000001
271	-0.0000229
272	-0.0002971
273	-0.0005434
274	-0.0008253
275	-0.0014553
276	-0.0022361
277	-0.0023310
278	-0.0023484
279	-0.0024223
280	-0.0021171
281	-0.0019547
282	-0.0014501
283	-0.0006877
284	-0.0001954
285	-0.0000407
286	-0.0000127
287	-0.0000000
288	0.0000000
289	0.0000000
290	0.0000000
291	0.0000000
292	0.0000000
293	-0.0000000
294	-0.0000014
295	-0.0000747
296	-0.0006825
297	-0.0011312
298	-0.0016956
299	-0.0020154
300	-0.0021885
301	-0.0021866
302	-0.0018689
303	-0.0017560
304	-0.0018723
305	-0.0009192
306	-0.0010712
307	-0.0005549
308	-0.0001611
309	-0.0000043
310	0.0000000
311	0.0000000
312	0.0000000
313	0.0000000
314	0.0000000
315	0.0000000
316	0.0000000
317	0.0000000
318	0.0000000
319	-0.0000167
320	-0.0001664
321	-0.0006093
322	-0.0012869
323	-0.0017297
324	-0.0019859
325	-0.0021596
326	-0.0021597
327	-0.0021440
328	-0.0020299
329	-0.0016849
330	-0.0012595
331	-0.0006747
332	-0.0002078
333	-0.0000178
334	0.0000000
335	0.0000000
336	0.0000000
337	0.0000000
338	0.0000000
339	0.0000000
340	0.0000000
341	0.0000000
342	0.0000000
343	-0.0000294
344	-0.0002400
345	-0.0006263
346	-0.0011550
347	-0.0017120
348	-0.0020845
349	-0.0022828
350	-0.0023565
351	-0.0023342
352	-0.0021691
353	-0.0017147
354	-0.0009531
355	-0.0006482
356	-0.0001860
357	-0.0000202
358	-0.0000050
359	-0.0000000
360	0.0000000
361	0.0000000
362	0.0000000
363	0.0000000
364	0.0000000
365	0.0000000
366	0.0000000
367	0.0000000
368	0.0000000
369	-0.0000064
370	-0.0001022
371	-0.0006443
372	-0.0007409
373	-0.0007298
374	-0.0005267
375	-0.0009290
376	-0.0011050
377	-0.0012074
378	-0.0010319
379	-0.0005874
380	-0.0001342
381	-0.0000076
382	-0.0000012
383	-0.0000000
384	0.0000000
385	0.0000000
386	0.0000000
387	0.0000000
388	0.0000000
389	0.0000000
390	0.0000000
391	-0.0000117
392	-0.0000836
393	-0.0000399
394	-0.0000522
395	-0.0001143
396	-0.0002693
397	-0.0002671
398	-0.0000874
399	-0.0001081
400	-0.0004515
401	-0.0012823
402	-0.0011202
403	-0.0007364
404	-0.0001728
405	-0.0000067
406	-0.0000036
407	-0.0000003
408	0.0000000
409	0.0000000
410	0.0000000
411	0.0000000
412	0.0000000
413	0.0000000
414	0.0000000
415	-0.0000058
416	-0.0001016
417	-0.0003265
418	-0.0004958
419	-0.0006444
420	-0.0007279
421	-0.0008614
422	-0.0009549
423	-0.0012107
424	-0.0013996
425	-0.0012536
426	-0.0009663
427	-0.0007098
428	-0.0002709
429	-0.0000080
430	-0.0000010
431	-0.0000004
432	0.0000000
433	0.0000000
434	0.0000000
435	0.0000000
436	0.0000000
437	0.0000000
438	0.0000000
439	-0.0000003
440	-0.0000012
441	-0.0000097
442	-0.0000077
443	-0.0000000
444	0.0000000
445	0.0000000
446	-0.0002119
447	-0.0012675
448	-0.0005413
449	-0.0000012
450	0.0000000
451	0.0000000
452	0.0000000
453	-0.0000000
454	-0.0000000
455	-0.0000002
456	-0.0000005
457	0.0000000
458	0.0000000
459	0.0000000
460	0.0000000
461	0.0000000
462	-0.0000003
463	-0.0000123
464	-0.0000578
465	-0.0001475
466	-0.0003340
467	-0.0005272
468	-0.0004739
469	-0.0004536
470	-0.0006639
471	-0.0003448
472	-0.0008510
473	-0.0008903
474	-0.0007773
475	-0.0004902
476	-0.0000709
477	-0.0000000
478	0.0000000
479	-0.0000012
480	0.0000000
481	0.0000000
482	0.0000000
483	0.0000000
484	0.0000000
485	0.0000000
486	-0.0000004
487	-0.0000043
488	-0.0000069
489	-0.0000008
490	-0.0000064
491	-0.0001155
492	-0.0002058
493	-0.0005219
494	-0.0007098
495	-0.0007203
496	-0.0009067
497	-0.0009308
498	-0.0008666
499	-0.0006098
500	-0.0003060
501	-0.0000270
502	-0.0000004
503	-0.0000010
504	-0.0000029
505	-0.0000012
506	-0.0000029
507	-0.0000053
508	-0.0000067
509	-0.0000058
510	-0.0000996
511	-0.0001861
512	-0.0003475
513	-0.0000036
514	0.0000000
515	-0.0000698
516	-0.0003979
517	-0.0008832
518	-0.0011371
519	-0.0011301
520	-0.0010327
521	-0.0010073
522	-0.0010276
523	-0.0008057
524	-0.0004148
525	-0.0000420
526	-0.0000031
527	-0.0000000
528	0.0000000
529	0.0000000
530	0.0000000
531	0.0000000
532	0.0000000
533	0.0000000
534	-0.0000001
535	-0.0000029
536	-0.0001325
537	-0.0006486
538	-0.0008341
539	-0.0009303
540	-0.0008011
541	-0.0011305
542	-0.0013335
543	-0.0013131
544	-0.0011513
545	-0.0010112
546	-0.0009057
547	-0.0006929
548	-0.0003410
549	-0.0000449
550	-0.0000041
551	-0.0000000
552	0.0000000
553	0.0000000
554	0.0000000
555	0.0000000
556	0.0000000
557	0.0000000
558	-0.0000000
559	-0.0000038
560	-0.0001729
561	-0.0007399
562	-0.0010435
563	-0.0010274
564	-0.0011781
565	-0.0014805
566	-0.0015965
567	-0.0016749
568	-0.0016434
569	-0.0014834
570	-0.0012383
571	-0.0008922
572	-0.0003250
573	-0.0000660
574	-0.0000000
575	0.0000000
576	0.0000000
577	0.0000000
578	0.0000000
579	0.0000000
580	-0.0000000
581	-0.0000000
582	-0.0000002
583	-0.0000104
584	-0.0001912
585	-0.0008622
586	-0.0013210
587	-0.0016861
588	-0.0020007
589	-0.0021213
590	-0.0021235
591	-0.0020930
592	-0.0017990
593	-0.0016269
594	-0.0012796
595	-0.0009359
596	-0.0002302
597	-0.0000223
598	-0.0000043
599	0.0000000
600	0.0000000
601	0.0000000
602	0.0000000
603	0.0000000
604	0.0000000
605	-0.0000000
606	-0.0000016
607	-0.0000452
608	-0.0004771
609	-0.0012911
610	-0.0017236
611	-0.0020551
612	-0.0023061
613	-0.0024806
614	-0.0025917
615	-0.0025795
616	-0.0024672
617	-0.0020834
618	-0.0014364
619	-0.0007754
620	-0.0002405
621	-0.0000498
622	-0.0000080
623	-0.0000111
624	-0.0000000
625	0.0000000
626	0.0000000
627	0.0000000
628	0.0000000
629	0.0000000
630	-0.0000005
631	-0.0000241
632	-0.0006459
633	-0.0014969
634	-0.0019128
635	-0.0023070
636	-0.0025201
637	-0.0026393
638	-0.0026587
639	-0.0027153
640	-0.0026699
641	-0.0022921
642	-0.0014593
643	-0.0008669
644	-0.0003111
645	-0.0000661
646	-0.0000143
647	-0.0000162
648	-0.0000000
649	0.0000000
650	0.0000000
651	0.0000000
652	0.0000000
653	-0.0000000
654	-0.0000013
655	-0.0000661
656	-0.0006993
657	-0.0015732
658	-0.0020766
659	-0.0022679
660	-0.0025888
661	-0.0029066
662	-0.0029269
663	-0.0028271
664	-0.0029142
665	-0.0025036
666	-0.0017922
667	-0.0012195
668	-0.0003686
669	-0.0000448
670	-0.0000146
671	-0.0000104
672	-0.0000000
673	0.0000000
674	0.0000000
675	0.0000000
676	0.0000000
677	0.0000000
678	0.0000000
679	-0.0000006
680	-0.0000005
681	-0.0000009
682	-0.0000442
683	-0.0003665
684	-0.0000413
685	-0.0001130
686	-0.0004076
687	-0.0007148
688	-0.0010398
689	-0.0007742
690	-0.0004727
691	-0.0001943
692	-0.0000204
693	-0.0000119
694	-0.0000000
695	0.0000000
696	0.0000000
697	0.0000000
698	0.0000000
699	0.0000000
700	-0.0000000
701	-0.0000001
702	-0.0000002
703	-0.0000007
704	-0.0001490
705	-0.0004716
706	-0.0004973
707	-0.0011161
708	-0.0012787
709	-0.0014587
710	-0.0011073
711	-0.0012634
712	-0.0016406
713	-0.0014290
714	-0.0010840
715	-0.0003714
716	-0.0000485
717	-0.0000059
718	-0.0000025
719	0.0000000
720	0.0000000
721	0.0000000
722	0.0000000
723	0.0000000
724	0.0000000
725	0.0000000
726	-0.0000004
727	-0.0000150
728	-0.0002030
729	-0.0004344
730	-0.0007820
731	-0.0016837
732	-0.0021040
733	-0.0021575
734	-0.0015748
735	-0.0016157
736	-0.0021922
737	-0.0017377
738	-0.0012795
739	-0.0006345
740	-0.0000825
741	-0.0000135
742	-0.0000034
743	0.0000000
744	0.0000000
745	0.0000000
746	0.0000000
747	0.0000000
748	0.0000000
749	-0.0000000
750	-0.0000002
751	-0.0000038
752	-0.0000155
753	-0.0000014
754	-0.0000015
755	-0.0002526
756	-0.0007096
757	-0.0011336
758	-0.0013003
759	-0.0015771
760	-0.0016181
761	-0.0017567
762	-0.0013265
763	-0.0008260
764	-0.0002821
765	-0.0000087
766	-0.0000041
767	0.0000000
768	0.0000000
769	0.0000000
770	0.0000000
771	0.0000000
772	0.0000000
773	0.0000000
774	0.0000000
775	-0.0000027
776	-0.0001264
777	-0.0004362
778	-0.0010844
779	-0.0016443
780	-0.0021003
781	-0.0020698
782	-0.0021096
783	-0.0021768
784	-0.0020776
785	-0.0020197
786	-0.0015323
787	-0.0009161
788	-0.0002126
789	-0.0000453
790	-0.0000057
791	0.0000000
792	0.0000000
793	0.0000000
794	0.0000000
795	0.0000000
796	0.0000000
797	0.0000000
798	0.0000000
799	-0.0000000
800	-0.0001808
801	-0.0008415
802	-0.0015929
803	-0.0020778
804	-0.0024473
805	-0.0025668
806	-0.0026479
807	-0.0025932
808	-0.0024166
809	-0.0020393
810	-0.0014362
811	-0.0005422
812	-0.0000130
813	-0.0000056
814	-0.0000055
815	-0.0000053
816	0.0000000
817	0.0000000
818	0.0000000
819	0.0000000
820	0.0000000
821	0.0000000
822	-0.0000001
823	-0.0000166
824	-0.0002842
825	-0.0013073
826	-0.0017773
827	-0.0021463
828	-0.0024928
829	-0.0027421
830	-0.0028137
831	-0.0027251
832	-0.0023164
833	-0.0016567
834	-0.0009241
835	-0.0003705
836	-0.0001857
837	-0.0000098
838	-0.0000024
839	-0.0000001
840	0.0000000
841	0.0000000
842	0.0000000
843	0.0000000
844	0.0000000
845	0.0000000
846	0.0000000
847	-0.0000231
848	-0.0001189
849	-0.0003863
850	-0.0011056
851	-0.0016542
852	-0.0019615
853	-0.0018237
854	-0.0016842
855	-0.0014654
856	-0.0016656
857	-0.0017804
858	-0.0014950
859	-0.0011258
860	-0.0004801
861	-0.0000409
862	-0.0000000
863	0.0000000
864	0.0000000
865	0.0000000
866	0.0000000
867	0.0000000
868	0.0000000
869	-0.0000000
870	-0.0000009
871	-0.0000083
872	-0.0000489
873	-0.0005514
874	-0.0013133
875	-0.0018640
876	-0.0023491
877	-0.0024739
878	-0.0025350
879	-0.0024931
880	-0.0023529
881	-0.0018540
882	-0.0010517
883	-0.0008496
884	-0.0001233
885	-0.0000119
886	-0.0000019
887	-0.0000014
888	0.0000000
889	0.0000000
890	0.0000000
891	0.0000000
892	0.0000000
893	0.0000000
894	0.0000000
895	0.0000000
896	-0.0000958
897	-0.0007360
898	-0.0016323
899	-0.0020281
900	-0.0024268
901	-0.0026087
902	-0.0027531
903	-0.0026702
904	-0.0017887
905	-0.0010681
906	-0.0009195
907	-0.0005837
908	-0.0000613
909	-0.0000378
910	-0.0000114
911	-0.0000102
912	-0.0000000
913	0.0000000
914	0.0000000
915	0.0000000
916	0.0000000
917	0.0000000
918	0.0000000
919	-0.0000011
920	-0.0000397
921	-0.0000163
922	-0.0001016
923	-0.0004385
924	-0.0000248
925	-0.0000203
926	-0.0002536
927	-0.0008677
928	-0.0012799
929	-0.0016463
930	-0.0014016
931	-0.0008873
932	-0.0002541
933	-0.0000218
934	-0.0000043
935	-0.0000027
936	0.0000000
937	0.0000000
938	0.0000000
939	0.0000000
940	0.0000000
941	0.0000000
942	-0.0000000
943	-0.0000069
944	-0.0001841
945	-0.0010899
946	-0.0015318
947	-0.0019512
948	-0.0022706
949	-0.0023119
950	-0.0023849
951	-0.0024061
952	-0.0022660
953	-0.0019719
954	-0.0015767
955	-0.0008394
956	-0.0003160
957	-0.0000251
958	-0.0000062
959	-0.0000037
960	-0.0000000
961	0.0000000
962	0.0000000
963	0.0000000
964	0.0000000
965	0.0000000
966	-0.0000000
967	-0.0000068
968	-0.0002375
969	-0.0011583
970	-0.0016155
971	-0.0019273
972	-0.0019524
973	-0.0016537
974	-0.0018464
975	-0.0019991
976	-0.0018136
977	-0.0016630
978	-0.0012475
979	-0.0007877
980	-0.0001319
981	-0.0000120
982	-0.0000016
983	-0.0000004
984	0.0000000
985	0.0000000
986	0.0000000
987	0.0000000
988	0.0000000
989	0.0000000
990	0.0000000
991	0.0000000
992	-0.0000000
993	-0.0000648
994	-0.0001751
995	-0.0001097
996	-0.0000663
997	-0.0000992
998	-0.0005158
999	-0.0005480
1000	-0.0002289
1001	-0.0000508
1002	-0.0000091
1003	-0.0000044
1004	-0.0000004
1005	0.0000000
1006	0.0000000
1007	0.0000000
1008	0.0000000
1009	0.0000000
1010	0.0000000
1011	0.0000000
1012	0.0000000
1013	0.0000000
1014	0.0000000
1015	-0.0000028
1016	-0.0000353
1017	-0.0002481
1018	-0.0011160
1019	-0.0014513
1020	-0.0018744
1021	-0.0018898
1022	-0.0018611
1023	-0.0019462
1024	-0.0016795
1025	-0.0010500
1026	-0.0005261
1027	-0.0001740
1028	-0.0000681
1029	-0.0000030
1030	0.0000000
1031	0.0000000
1032	0.0000000
1033	0.0000000
1034	0.0000000
1035	0.0000000
1036	0.0000000
1037	0.0000000
1038	0.0000000
1039	-0.0000006
1040	-0.0000640
1041	-0.0004214
1042	-0.0012119
1043	-0.0017535
1044	-0.0005878
1045	-0.0017257
1046	-0.0016264
1047	-0.0014962
1048	-0.0010139
1049	-0.0010459
1050	-0.0008078
1051	-0.0003032
1052	-0.0000658
1053	-0.0000004
1054	-0.0000000
1055	-0.0000001
1056	0.0000000
1057	0.0000000
1058	0.0000000
1059	0.0000000
1060	0.0000000
1061	0.0000000
1062	-0.0000001
1063	-0.0000137
1064	-0.0001204
1065	-0.0004761
1066	-0.0014006
1067	-0.0018323
1068	-0.0019518
1069	-0.0022336
1070	-0.0023112
1071	-0.0022841
1072	-0.0021808
1073	-0.0018602
1074	-0.0014490
1075	-0.0007972
1076	-0.0002486
1077	-0.0000167
1078	-0.0000007
1079	0.0000000
1080	0.0000000
1081	0.0000000
1082	0.0000000
1083	0.0000000
1084	0.0000000
1085	0.0000000
1086	0.0000000
1087	-0.0000022
1088	-0.0000891
1089	-0.0002191
1090	-0.0003551
1091	-0.0005634
1092	-0.0004435
1093	-0.0008455
1094	-0.0009902
1095	-0.0007533
1096	-0.0006916
1097	-0.0003118
1098	-0.0000173
1099	-0.0000017
1100	0.0000000
1101	0.0000000
1102	0.0000000
1103	0.0000000
1104	0.0000000
1105	0.0000000
1106	0.0000000
1107	0.0000000
1108	0.0000000
1109	0.0000000
1110	-0.0000000
1111	-0.0000048
1112	-0.0000491
1113	-0.0001524
1114	-0.0002396
1115	-0.0005315
1116	-0.0007001
1117	-0.0005006
1118	-0.0008189
1119	-0.0015965
1120	-0.0016685
1121	-0.0012740
1122	-0.0006736
1123	-0.0004393
1124	-0.0000204
1125	-0.0000107
1126	-0.0000000
1127	0.0000000
1128	0.0000000
1129	0.0000000
1130	0.0000000
1131	0.0000000
1132	0.0000000
1133	0.0000000
1134	0.0000000
1135	-0.0000011
1136	-0.0000134
1137	-0.0003164
1138	-0.0007770
1139	-0.0007601
1140	-0.0003762
1141	-0.0007589
1142	-0.0008520
1143	-0.0006810
1144	-0.0007813
1145	-0.0000152
1146	-0.0000228
1147	-0.0000215
1148	-0.0000013
1149	0.0000000
1150	0.0000000
1151	-0.0000003
1152	0.0000000
1153	0.0000000
1154	0.0000000
1155	0.0000000
1156	0.0000000
1157	0.0000000
1158	0.0000000
1159	-0.0000063
1160	-0.0000755
1161	-0.0003787
1162	-0.0010567
1163	-0.0017240
1164	-0.0020530
1165	-0.0022887
1166	-0.0023409
1167	-0.0022296
1168	-0.0021280
1169	-0.0018286
1170	-0.0013729
1171	-0.0008220
1172	-0.0002311
1173	-0.0000019
1174	0.0000000
1175	0.0000000
1176	0.0000000
1177	0.0000000
1178	0.0000000
1179	0.0000000
1180	0.0000000
1181	0.0000000
1182	0.0000000
1183	-0.0000003
1184	-0.0000744
1185	-0.0005970
1186	-0.0014975
1187	-0.0019632
1188	-0.0023574
1189	-0.0025154
1190	-0.0027121
1191	-0.0026566
1192	-0.0023963
1193	-0.0019813
1194	-0.0012792
1195	-0.0006585
1196	-0.0002029
1197	-0.0000148
1198	-0.0000025
1199	-0.0000000
1200	0.0000000
1201	0.0000000
1202	0.0000000
1203	0.0000000
1204	0.0000000
1205	-0.0000000
1206	-0.0000003
1207	-0.0000174
1208	-0.0002859
1209	-0.0010544
1210	-0.0015574
1211	-0.0020193
1212	-0.0023507
1213	-0.0026209
1214	-0.0027438
1215	-0.0024944
1216	-0.0023401
1217	-0.0014584
1218	-0.0009235
1219	-0.0007040
1220	-0.0002593
1221	-0.0000119
1222	-0.0000112
1223	-0.0000105
1224	-0.0000000
1225	0.0000000
1226	0.0000000
1227	0.0000000
1228	0.0000000
1229	0.0000000
1230	-0.0000001
1231	-0.0000123
1232	-0.0000448
1233	-0.0002061
1234	-0.0002766
1235	-0.0012471
1236	-0.0018022
1237	-0.0016500
1238	-0.0023006
1239	-0.0022217
1240	-0.0021059
1241	-0.0017224
1242	-0.0013988
1243	-0.0009200
1244	-0.0002848
1245	-0.0000189
1246	-0.0000047
1247	0.0000000
1248	0.0000000
1249	0.0000000
1250	0.0000000
1251	0.0000000
1252	0.0000000
1253	0.0000000
1254	0.0000000
1255	-0.0000006
1256	-0.0001003
1257	-0.0006819
1258	-0.0013947
1259	-0.0017736
1260	-0.0020684
1261	-0.0021837
1262	-0.0020490
1263	-0.0021004
1264	-0.0020369
1265	-0.0017914
1266	-0.0013711
1267	-0.0007210
1268	-0.0001335
1269	-0.0000055
1270	-0.0000054
1271	-0.0000052
1272	0.0000000
1273	0.0000000
1274	0.0000000
1275	0.0000000
1276	0.0000000
1277	0.0000000
1278	0.0000000
1279	-0.0000001
1280	-0.0001198
1281	-0.0005533
1282	-0.0012127
1283	-0.0015920
1284	-0.0017882
1285	-0.0017158
1286	-0.0017297
1287	-0.0014811
1288	-0.0017068
1289	-0.0014004
1290	-0.0012000
1291	-0.0006008
1292	-0.0001391
1293	-0.0000047
1294	-0.0000028
1295	-0.0000024
1296	0.0000000
1297	0.0000000
1298	0.0000000
1299	0.0000000
1300	0.0000000
1301	0.0000000
1302	-0.0000000
1303	-0.0000000
1304	-0.0000002
1305	-0.0000845
1306	-0.0002527
1307	-0.0004289
1308	-0.0008090
1309	-0.0004478
1310	-0.0002182
1311	-0.0003270
1312	-0.0003127
1313	-0.0003159
1314	-0.0003158
1315	-0.0000944
1316	-0.0000377
1317	-0.0000000
1318	0.0000000
1319	0.0000000
1320	0.0000000
1321	0.0000000
1322	0.0000000
1323	0.0000000
1324	0.0000000
1325	0.0000000
1326	-0.0000000
1327	-0.0000019
1328	-0.0000322
1329	-0.0003415
1330	-0.0006614
1331	-0.0012798
1332	-0.0012359
1333	-0.0015348
1334	-0.0011692
1335	-0.0002186
1336	-0.0005294
1337	-0.0012786
1338	-0.0008129
1339	-0.0003993
1340	-0.0000607
1341	-0.0000008
1342	0.0000000
1343	0.0000000
1344	0.0000000
1345	0.0000000
1346	0.0000000
1347	0.0000000
1348	0.0000000
1349	0.0000000
1350	-0.0000006
1351	-0.0000119
1352	-0.0000023
1353	-0.0000081
1354	-0.0000556
1355	-0.0001951
1356	-0.0001198
1357	-0.0000055
1358	0.0000000
1359	0.0000000
1360	-0.0000276
1361	-0.0001876
1362	-0.0004774
1363	-0.0002545
1364	-0.0000145
1365	-0.0000012
1366	-0.0000014
1367	0.0000000
1368	0.0000000
1369	0.0000000
1370	0.0000000
1371	0.0000000
1372	0.0000000
1373	-0.0000000
1374	-0.0000004
1375	-0.0000143
1376	-0.0000410
1377	-0.0001854
1378	-0.0007389
1379	-0.0013226
1380	-0.0009692
1381	-0.0014324
1382	-0.0006003
1383	-0.0014883
1384	-0.0017569
1385	-0.0016493
1386	-0.0011767
1387	-0.0005681
1388	-0.0000119
1389	0.0000000
1390	0.0000000
1391	0.0000000
1392	0.0000000
1393	0.0000000
1394	0.0000000
1395	0.0000000
1396	0.0000000
1397	-0.0000000
1398	-0.0000001
1399	-0.0000165
1400	-0.0001282
1401	-0.0008471
1402	-0.0015147
1403	-0.0020622
1404	-0.0021675
1405	-0.0021734
1406	-0.0016486
1407	-0.0018826
1408	-0.0019106
1409	-0.0017541
1410	-0.0012762
1411	-0.0006893
1412	-0.0001385
1413	-0.0000046
1414	-0.0000017
1415	0.0000000
1416	0.0000000
1417	0.0000000
1418	0.0000000
1419	0.0000000
1420	0.0000000
1421	0.0000000
1422	-0.0000000
1423	-0.0000053
1424	-0.0001984
1425	-0.0009524
1426	-0.0014178
1427	-0.0016842
1428	-0.0017633
1429	-0.0017419
1430	-0.0017966
1431	-0.0000013
1432	0.0000000
1433	-0.0001887
1434	-0.0011437
1435	-0.0007966
1436	-0.0002092
1437	-0.0000064
1438	-0.0000050
1439	-0.0000046
1440	0.0000000
1441	0.0000000
1442	0.0000000
1443	0.0000000
1444	0.0000000
1445	0.0000000
1446	-0.0000000
1447	-0.0000016
1448	-0.0000625
1449	-0.0004707
1450	-0.0013303
1451	-0.0015799
1452	-0.0017633
1453	-0.0016993
1454	-0.0019029
1455	-0.0018321
1456	-0.0016594
1457	-0.0014626
1458	-0.0011683
1459	-0.0007272
1460	-0.0001404
1461	-0.0000057
1462	-0.0000039
1463	-0.0000032
1464	0.0000000
1465	0.0000000
1466	0.0000000
1467	0.0000000
1468	0.0000000
1469	0.0000000
1470	-0.0000000
1471	-0.0000015
1472	-0.0000696
1473	-0.0004443
1474	-0.0011489
1475	-0.0014658
1476	-0.0018041
1477	-0.0020482
1478	-0.0021161
1479	-0.0021871
1480	-0.0017921
1481	-0.0011953
1482	-0.0010060
1483	-0.0003391
1484	-0.0000460
1485	-0.0000028
1486	-0.0000043
1487	-0.0000000
1488	0.0000000
1489	0.0000000
1490	0.0000000
1491	0.0000000
1492	0.0000000
1493	0.0000000
1494	0.0000000
1495	0.0000000
1496	0.0000000
1497	-0.0000132
1498	-0.0003010
1499	-0.0010739
1500	-0.0011260
1501	-0.0017908
1502	-0.0021720
1503	-0.0020393
1504	-0.0018743
1505	-0.0015703
1506	-0.0011064
1507	-0.0004493
1508	-0.0000492
1509	-0.0000003
1510	0.0000000
1511	0.0000000
1512	0.0000000
1513	0.0000000
1514	0.0000000
1515	0.0000000
1516	0.0000000
1517	0.0000000
1518	0.0000000
1519	-0.0000001
1520	-0.0000002
1521	0.0000000
1522	0.0000000
1523	0.0000000
1524	-0.0000143
1525	-0.0005809
1526	-0.0016798
1527	-0.0018076
1528	-0.0014189
1529	-0.0012774
1530	-0.0009156
1531	-0.0004203
1532	-0.0000469
1533	-0.0000007
1534	0.0000000
1535	0.0000000
1536	0.0000000
1537	0.0000000
1538	0.0000000
1539	0.0000000
1540	0.0000000
1541	0.0000000
1542	-0.0000000
1543	-0.0000057
1544	-0.0000768
1545	-0.0003902
1546	-0.0011701
1547	-0.0017146
1548	-0.0020882
1549	-0.0023070
1550	-0.0022979
1551	-0.0021928
1552	-0.0018931
1553	-0.0012851
1554	-0.0006250
1555	-0.0002174
1556	-0.0000063
1557	-0.0000015
1558	0.0000000
1559	0.0000000
1560	0.0000000
1561	0.0000000
1562	0.0000000
1563	0.0000000
1564	0.0000000
1565	0.0000000
1566	0.0000000
1567	-0.0000053
1568	-0.0000982
1569	-0.0004508
1570	-0.0011324
1571	-0.0017296
1572	-0.0012652
1573	-0.0007021
1574	-0.0007060
1575	-0.0006291
1576	-0.0004601
1577	-0.0002544
1578	-0.0001280
1579	-0.0000523
1580	-0.0000009
1581	-0.0000000
1582	-0.0000001
1583	0.0000000
1584	0.0000000
1585	0.0000000
1586	0.0000000
1587	0.0000000
1588	0.0000000
1589	0.0000000
1590	-0.0000000
1591	-0.0000065
1592	-0.0000434
1593	-0.0002032
1594	-0.0008204
1595	-0.0015963
1596	-0.0020156
1597	-0.0022279
1598	-0.0022939
1599	-0.0021354
1600	-0.0018049
1601	-0.0017242
1602	-0.0009948
1603	-0.0003855
1604	-0.0000658
1605	-0.0000013
1606	-0.0000000
1607	0.0000000
1608	0.0000000
1609	0.0000000
1610	0.0000000
1611	0.0000000
1612	0.0000000
1613	0.0000000
1614	-0.0000000
1615	-0.0000014
1616	-0.0001387
1617	-0.0006826
1618	-0.0013002
1619	-0.0017426
1620	-0.0020798
1621	-0.0022522
1622	-0.0014640
1623	-0.0012683
1624	-0.0017027
1625	-0.0014337
1626	-0.0009472
1627	-0.0004720
1628	-0.0000426
1629	-0.0000062
1630	-0.0000047
1631	-0.0000030
1632	-0.0000000
1633	0.0000000
1634	0.0000000
1635	0.0000000
1636	0.0000000
1637	0.0000000
1638	0.0000000
1639	0.0000000
1640	-0.0000029
1641	-0.0000002
1642	0.0000000
1643	-0.0001171
1644	-0.0011799
1645	-0.0019329
1646	-0.0020346
1647	-0.0018445
1648	-0.0019431
1649	-0.0016932
1650	-0.0011984
1651	-0.0005025
1652	-0.0000952
1653	-0.0000019
1654	-0.0000011
1655	-0.0000002
1656	0.0000000
1657	0.0000000
1658	0.0000000
1659	0.0000000
1660	0.0000000
1661	0.0000000
1662	0.0000000
1663	-0.0000001
1664	-0.0000423
1665	-0.0006198
1666	-0.0013897
1667	-0.0016454
1668	-0.0020680
1669	-0.0021135
1670	-0.0021128
1671	-0.0014518
1672	-0.0011754
1673	-0.0009469
1674	-0.0007438
1675	-0.0003885
1676	-0.0000471
1677	-0.0000062
1678	-0.0000004
1679	0.0000000
1680	0.0000000
1681	0.0000000
1682	0.0000000
1683	0.0000000
1684	0.0000000
1685	0.0000000
1686	-0.0000000
1687	-0.0000181
1688	-0.0004209
1689	-0.0008502
1690	-0.0011084
1691	-0.0011256
1692	-0.0013651
1693	-0.0012524
1694	-0.0014392
1695	-0.0016244
1696	-0.0013599
1697	-0.0014868
1698	-0.0011569
1699	-0.0000097
1700	0.0000000
1701	0.0000000
1702	0.0000000
1703	0.0000000
1704	0.0000000
1705	0.0000000
1706	0.0000000
1707	0.0000000
1708	0.0000000
1709	-0.0000000
1710	-0.0000000
1711	-0.0000083
1712	-0.0001918
1713	-0.0009201
1714	-0.0012853
1715	-0.0014308
1716	-0.0014715
1717	-0.0013640
1718	-0.0014719
1719	-0.0013722
1720	-0.0011589
1721	-0.0011378
1722	-0.0009015
1723	-0.0002865
1724	-0.0000544
1725	-0.0000031
1726	-0.0000029
1727	-0.0000032
1728	-0.0000000
1729	0.0000000
1730	0.0000000
1731	0.0000000
1732	0.0000000
1733	0.0000000
1734	-0.0000000
1735	-0.0000020
1736	-0.0000570
1737	-0.0005854
1738	-0.0011605
1739	-0.0014937
1740	-0.0017774
1741	-0.0019246
1742	-0.0020390
1743	-0.0018266
1744	-0.0014632
1745	-0.0012384
1746	-0.0008571
1747	-0.0002011
1748	-0.0000141
1749	-0.0000010
1750	-0.0000010
1751	-0.0000009
1752	0.0000000
1753	0.0000000
1754	0.0000000
1755	0.0000000
1756	0.0000000
1757	0.0000000
1758	0.0000000
1759	0.0000000
1760	-0.0000006
1761	-0.0000123
1762	-0.0001014
1763	-0.0007477
1764	-0.0014148
1765	-0.0016853
1766	-0.0018015
1767	-0.0017683
1768	-0.0015876
1769	-0.0013140
1770	-0.0006993
1771	-0.0001631
1772	-0.0000406
1773	-0.0000011
1774	-0.0000000
1775	-0.0000007
1776	0.0000000
1777	0.0000000
1778	0.0000000
1779	0.0000000
1780	0.0000000
1781	0.0000000
1782	0.0000000
1783	-0.0000008
1784	-0.0000146
1785	-0.0000576
1786	-0.0000005
1787	-0.0000011
1788	-0.0002087
1789	-0.0009511
1790	-0.0012209
1791	-0.0011749
1792	-0.0007190
1793	-0.0009097
1794	-0.0005671
1795	-0.0000988
1796	-0.0000029
1797	-0.0000000
1798	0.0000000
1799	0.0000000
1800	0.0000000
1801	0.0000000
1802	0.0000000
1803	0.0000000
1804	0.0000000
1805	0.0000000
1806	0.0000000
1807	-0.0000001
1808	-0.0000054
1809	-0.0000724
1810	-0.0001962
1811	-0.0003706
1812	-0.0004570
1813	-0.0001497
1814	-0.0001514
1815	-0.0004073
1816	-0.0006969
1817	-0.0008592
1818	-0.0005357
1819	-0.0001256
1820	-0.0000109
1821	-0.0000026
1822	-0.0000019
1823	0.0000000
1824	0.0000000
1825	0.0000000
1826	0.0000000
1827	0.0000000
1828	0.0000000
1829	-0.0000000
1830	-0.0000000
1831	-0.0000019
1832	-0.0000280
1833	-0.0001697
1834	-0.0004328
1835	-0.0009556
1836	-0.0013495
1837	-0.0016024
1838	-0.0017264
1839	-0.0017653
1840	-0.0015576
1841	-0.0011138
1842	-0.0004453
1843	-0.0001144
1844	-0.0000148
1845	-0.0000027
1846	-0.0000029
1847	-0.0000020
1848	0.0000000
1849	0.0000000
1850	0.0000000
1851	0.0000000
1852	0.0000000
1853	0.0000000
1854	0.0000000
1855	-0.0000003
1856	-0.0000257
1857	-0.0000972
1858	-0.0002638
1859	-0.0005553
1860	-0.0005538
1861	-0.0005587
1862	-0.0006067
1863	-0.0005757
1864	-0.0005731
1865	-0.0004893
1866	-0.0002671
1867	-0.0000910
1868	-0.0000091
1869	-0.0000024
1870	-0.0000031
1871	-0.0000032
1872	0.0000000
1873	0.0000000
1874	0.0000000
1875	0.0000000
1876	0.0000000
1877	0.0000000
1878	0.0000000
1879	-0.0000003
1880	-0.0000071
1881	-0.0000991
1882	-0.0004609
1883	-0.0010360
1884	-0.0010677
1885	-0.0013120
1886	-0.0016464
1887	-0.0017602
1888	-0.0013412
1889	-0.0013064
1890	-0.0007540
1891	-0.0001513
1892	-0.0000071
1893	-0.0000006
1894	-0.0000043
1895	-0.0000000
1896	0.0000000
1897	0.0000000
1898	0.0000000
1899	0.0000000
1900	0.0000000
1901	-0.0000000
1902	-0.0000000
1903	-0.0000092
1904	-0.0001538
1905	-0.0005715
1906	-0.0009078
1907	-0.0010588
1908	-0.0011107
1909	-0.0011466
1910	-0.0012913
1911	-0.0009042
1912	-0.0008179
1913	-0.0007124
1914	-0.0005914
1915	-0.0001898
1916	-0.0000203
1917	-0.0000048
1918	-0.0000033
1919	-0.0000023
1920	0.0000000
1921	0.0000000
1922	0.0000000
1923	0.0000000
1924	0.0000000
1925	0.0000000
1926	0.0000000
1927	-0.0000000
1928	-0.0000074
1929	-0.0002612
1930	-0.0009034
1931	-0.0011514
1932	-0.0011537
1933	-0.0015629
1934	-0.0017324
1935	-0.0017038
1936	-0.0015143
1937	-0.0012801
1938	-0.0007648
1939	-0.0002532
1940	-0.0000467
1941	-0.0000037
1942	-0.0000032
1943	-0.0000013
1944	0.0000000
1945	0.0000000
1946	0.0000000
1947	0.0000000
1948	0.0000000
1949	0.0000000
1950	-0.0000000
1951	-0.0000015
1952	-0.0000369
1953	-0.0005322
1954	-0.0011077
1955	-0.0014602
1956	-0.0016640
1957	-0.0019402
1958	-0.0020718
1959	-0.0020330
1960	-0.0018598
1961	-0.0015145
1962	-0.0009424
1963	-0.0002767
1964	-0.0000275
1965	-0.0000031
1966	-0.0000043
1967	-0.0000000
1968	0.0000000
1969	0.0000000
1970	0.0000000
1971	0.0000000
1972	0.0000000
1973	-0.0000000
1974	-0.0000001
1975	-0.0000054
1976	-0.0001341
1977	-0.0008460
1978	-0.0014116
1979	-0.0018970
1980	-0.0022898
1981	-0.0023953
1982	-0.0024266
1983	-0.0023439
1984	-0.0021628
1985	-0.0016784
1986	-0.0010288
1987	-0.0003771
1988	-0.0000232
1989	-0.0000029
1990	-0.0000000
