TIME_UNITS h
DATA_UNITS kg/s
0	-0.0000011
1	-0.0000029
2	-0.0000035
3	-0.0000017
4	-0.0000011
5	-0.0000004
6	-0.0000052
7	-0.0000703
8	-0.0004301
9	-0.0008910
10	-0.0014205
11	-0.0019658
12	-0.0021706
13	-0.0023291
14	-0.0024844
15	-0.0025399
16	-0.0024829
17	-0.0022454
18	-0.0018339
19	-0.0011594
20	-0.0004010
21	-0.0000451
22	-0.0000044
23	-0.0000020
24	-0.0000023
25	-0.0000016
26	-0.0000007
27	-0.0000007
28	0.0000000
29	0.0000000
30	0.0000000
31	0.0000000
32	-0.0003208
33	-0.0010382
34	-0.0018234
35	-0.0024060
36	-0.0026542
37	-0.0027812
38	-0.0025207
39	-0.0020031
40	-0.0017162
41	-0.0007221
42	-0.0003465
43	-0.0002536
44	-0.0000658
45	-0.0000003
46	0.0000000
47	0.0000000
48	0.0000000
49	0.0000000
50	0.0000000
51	0.0000000
52	0.0000000
53	0.0000000
54	0.0000000
55	0.0000000
56	0.0000000
57	-0.0000001
58	-0.0000173
59	-0.0002387
60	-0.0015871
61	-0.0017039
62	-0.0024674
63	-0.0024550
64	-0.0000021
65	0.0000000
66	-0.0000431
67	-0.0001940
68	-0.0000629
69	-0.0000022
70	-0.0000000
71	-0.0000017
72	-0.0000010
73	-0.0000013
74	-0.0000004
75	-0.0000001
76	-0.0000011
77	-0.0000010
78	-0.0000305
79	-0.0002399
80	-0.0002556
81	-0.0004825
82	-0.0008248
83	-0.0010497
84	-0.0011217
85	-0.0015825
86	-0.0019656
87	-0.0020673
88	-0.0016621
89	-0.0016008
90	-0.0011600
91	-0.0005154
92	-0.0001704
93	-0.0000145
94	-0.0000027
95	0.0000000
96	0.0000000
97	0.0000000
98	0.0000000
99	0.0000000
100	0.0000000
101	0.0000000
102	0.0000000
103	-0.0000453
104	-0.0004195
105	-0.0013158
106	-0.0019230
107	-0.0025469
108	-0.0024265
109	-0.0021559
110	-0.0015387
111	-0.0000063
112	0.0000000
113	-0.0000129
114	-0.0000864
115	-0.0000002
116	-0.0000000
117	0.0000000
118	0.0000000
119	0.0000000
120	0.0000000
121	-0.0000000
122	0.0000000
123	-0.0000001
124	-0.0000003
125	-0.0000002
126	-0.0000014
127	0.0000000
128	-0.0000175
129	-0.0001253
130	-0.0002623
131	-0.0003699
132	-0.0005145
133	-0.0005112
134	-0.0004545
135	-0.0004242
136	-0.0007131
137	-0.0008876
138	-0.0007993
139	-0.0005883
140	-0.0001059
141	-0.0000030
142	0.0000000
143	0.0000000
144	0.0000000
145	0.0000000
146	-0.0000000
147	-0.0000000
148	-0.0000001
149	0.0000000
150	-0.0000004
151	-0.0000607
152	-0.0002638
153	-0.0012345
154	-0.0021606
155	-0.0023899
156	-0.0031653
157	-0.0020959
158	-0.0022447
159	-0.0018699
160	-0.0012009
161	-0.0010801
162	-0.0009881
163	-0.0004575
164	-0.0001777
165	-0.0000309
166	-0.0000066
167	-0.0000051
168	0.0000000
169	0.0000000
170	0.0000000
171	0.0000000
172	-0.0000000
173	-0.0000000
174	-0.0000077
175	-0.0000557
176	-0.0002048
177	-0.0003929
178	-0.0004270
179	-0.0008348
180	-0.0015603
181	-0.0017295
182	-0.0016842
183	-0.0014302
184	-0.0005618
185	-0.0006731
186	-0.0008520
187	-0.0006126
188	-0.0001231
189	-0.0000004
190	0.0000000
191	0.0000000
192	0.0000000
193	0.0000000
194	0.0000000
195	0.0000000
196	0.0000000
197	-0.0000000
198	-0.0000001
199	-0.0000284
200	-0.0001583
201	-0.0004416
202	-0.0007000
203	-0.0011866
204	-0.0014434
205	-0.0012472
206	-0.0011842
207	-0.0012323
208	-0.0004555
209	-0.0007542
210	-0.0006292
211	-0.0000091
212	-0.0000006
213	-0.0000000
214	-0.0000000
215	0.0000000
216	0.0000000
217	0.0000000
218	0.0000000
219	0.0000000
220	0.0000000
221	0.0000000
222	0.0000000
223	-0.0000001
224	-0.0000007
225	-0.0000038
226	-0.0000004
227	-0.0000012
228	-0.0000052
229	-0.0000679
230	-0.0002141
231	-0.0003470
232	-0.0006016
233	-0.0007258
234	-0.0005289
235	-0.0002911
236	-0.0000602
237	0.0000000
238	0.0000000
239	0.0000000
240	0.0000000
241	0.0000000
242	0.0000000
243	0.0000000
244	0.0000000
245	0.0000000
246	0.0000000
247	-0.0000009
248	-0.0002525
249	-0.0010305
250	-0.0019835
251	-0.0024937
252	-0.0029439
253	-0.0032825
254	-0.0033744
255	-0.0032883
256	-0.0028624
257	-0.0025832
258	-0.0020387
259	-0.0012765
260	-0.0003181
261	-0.0000152
262	-0.0000018
263	0.0000000
264	0.0000000
265	0.0000000
266	0.0000000
267	0.0000000
268	0.0000000
269	-0.0000000
270	-0.0000002
271	-0.0000342
272	-0.0004427
273	-0.0008097
274	-0.0012298
275	-0.0021685
276	-0.0033320
277	-0.0034733
278	-0.0034992
279	-0.0036093
280	-0.0031546
281	-0.0029126
282	-0.0021607
283	-0.0010247
284	-0.0002911
285	-0.0000606
286	-0.0000189
287	-0.0000000
288	0.0000000
289	0.0000000
290	0.0000000
291	0.0000000
292	0.0000000
293	-0.0000000
294	-0.0000021
295	-0.0001113
296	-0.0010169
297	-0.0016855
298	-0.0025265
299	-0.0030031
300	-0.0032610
301	-0.0032582
302	-0.0027848
303	-0.0026166
304	-0.0027898
305	-0.0013697
306	-0.0015962
307	-0.0008268
308	-0.0002400
309	-0.0000065
310	0.0000000
311	0.0000000
312	0.0000000
313	0.0000000
314	0.0000000
315	0.0000000
316	0.0000000
317	0.0000000
318	0.0000000
319	-0.0000249
320	-0.0002479
321	-0.0009078
322	-0.0019176
323	-0.0025773
324	-0.0029591
325	-0.0032179
326	-0.0032180
327	-0.0031947
328	-0.0030246
329	-0.0025107
330	-0.0018767
331	-0.0010054
332	-0.0003096
333	-0.0000266
334	0.0000000
335	0.0000000
336	0.0000000
337	0.0000000
338	0.0000000
339	0.0000000
340	0.0000000
341	0.0000000
342	0.0000000
343	-0.0000439
344	-0.0003576
345	-0.0009332
346	-0.0017210
347	-0.0025509
348	-0.0031060
349	-0.0034016
350	-0.0035113
351	-0.0034781
352	-0.0032321
353	-0.0025550
354	-0.0014202
355	-0.0009658
356	-0.0002772
357	-0.0000301
358	-0.0000074
359	-0.0000000
360	0.0000000
361	0.0000000
362	0.0000000
363	0.0000000
364	0.0000000
365	0.0000000
366	0.0000000
367	0.0000000
368	0.0000000
369	-0.0000095
370	-0.0001522
371	-0.0009601
372	-0.0011040
373	-0.0010874
374	-0.0007848
375	-0.0013842
376	-0.0016465
377	-0.0017990
378	-0.0015376
379	-0.0008753
380	-0.0002000
381	-0.0000114
382	-0.0000019
383	-0.0000000
384	0.0000000
385	0.0000000
386	0.0000000
387	0.0000000
388	0.0000000
389	0.0000000
390	0.0000000
391	-0.0000174
392	-0.0001245
393	-0.0000595
394	-0.0000778
395	-0.0001703
396	-0.0004013
397	-0.0003980
398	-0.0001302
399	-0.0001610
400	-0.0006728
401	-0.0019107
402	-0.0016691
403	-0.0010973
404	-0.0002575
405	-0.0000099
406	-0.0000053
407	-0.0000004
408	0.0000000
409	0.0000000
410	0.0000000
411	0.0000000
412	0.0000000
413	0.0000000
414	0.0000000
415	-0.0000087
416	-0.0001514
417	-0.0004865
418	-0.0007387
419	-0.0009602
420	-0.0010847
421	-0.0012835
422	-0.0014229
423	-0.0018041
424	-0.0020855
425	-0.0018680
426	-0.0014398
427	-0.0010576
428	-0.0004036
429	-0.0000120
430	-0.0000014
431	-0.0000006
432	0.0000000
433	0.0000000
434	0.0000000
435	0.0000000
436	0.0000000
437	0.0000000
438	0.0000000
439	-0.0000005
440	-0.0000018
441	-0.0000144
442	-0.0000114
443	-0.0000000
444	0.0000000
445	0.0000000
446	-0.0003157
447	-0.0018886
448	-0.0008066
449	-0.0000017
450	0.0000000
451	0.0000000
452	0.0000000
453	-0.0000000
454	-0.0000000
455	-0.0000003
456	-0.0000008
457	0.0000000
458	0.0000000
459	0.0000000
460	0.0000000
461	0.0000000
462	-0.0000005
463	-0.0000183
464	-0.0000861
465	-0.0002197
466	-0.0004976
467	-0.0007856
468	-0.0007062
469	-0.0006759
470	-0.0009892
471	-0.0005137
472	-0.0012680
473	-0.0013265
474	-0.0011582
475	-0.0007304
476	-0.0001056
477	-0.0000001
478	0.0000000
479	-0.0000019
480	0.0000000
481	0.0000000
482	0.0000000
483	0.0000000
484	0.0000000
485	0.0000000
486	-0.0000005
487	-0.0000064
488	-0.0000103
489	-0.0000012
490	-0.0000095
491	-0.0001722
492	-0.0003067
493	-0.0007777
494	-0.0010577
495	-0.0010733
496	-0.0013511
497	-0.0013869
498	-0.0012912
499	-0.0009087
500	-0.0004560
501	-0.0000403
502	-0.0000007
503	-0.0000015
504	-0.0000043
505	-0.0000017
506	-0.0000043
507	-0.0000079
508	-0.0000100
509	-0.0000086
510	-0.0001484
511	-0.0002773
512	-0.0005178
513	-0.0000054
514	0.0000000
515	-0.0001039
516	-0.0005929
517	-0.0013161
518	-0.0016944
519	-0.0016840
520	-0.0015389
521	-0.0015009
522	-0.0015312
523	-0.0012005
524	-0.0006180
525	-0.0000626
526	-0.0000045
527	-0.0000000
528	0.0000000
529	0.0000000
530	0.0000000
531	0.0000000
532	0.0000000
533	0.0000000
534	-0.0000002
535	-0.0000044
536	-0.0001974
537	-0.0009665
538	-0.0012429
539	-0.0013861
540	-0.0011937
541	-0.0016845
542	-0.0019870
543	-0.0019566
544	-0.0017155
545	-0.0015068
546	-0.0013496
547	-0.0010324
548	-0.0005081
549	-0.0000670
550	-0.0000061
551	-0.0000000
552	0.0000000
553	0.0000000
554	0.0000000
555	0.0000000
556	0.0000000
557	0.0000000
558	-0.0000000
559	-0.0000057
560	-0.0002576
561	-0.0011025
562	-0.0015549
563	-0.0015309
564	-0.0017554
565	-0.0022060
566	-0.0023789
567	-0.0024957
568	-0.0024487
569	-0.0022103
570	-0.0018452
571	-0.0013294
572	-0.0004843
573	-0.0000983
574	-0.0000000
575	0.0000000
576	0.0000000
577	0.0000000
578	0.0000000
579	0.0000000
580	-0.0000000
581	-0.0000000
582	-0.0000003
583	-0.0000156
584	-0.0002849
585	-0.0012847
586	-0.0019684
587	-0.0025125
588	-0.0029811
589	-0.0031608
590	-0.0031642
591	-0.0031187
592	-0.0026807
593	-0.0024242
594	-0.0019067
595	-0.0013946
596	-0.0003430
597	-0.0000332
598	-0.0000065
599	0.0000000
600	0.0000000
601	0.0000000
602	0.0000000
603	0.0000000
604	0.0000000
605	-0.0000000
606	-0.0000024
607	-0.0000674
608	-0.0007110
609	-0.0019238
610	-0.0025683
611	-0.0030622
612	-0.0034362
613	-0.0036962
614	-0.0038617
615	-0.0038437
616	-0.0036763
617	-0.0031045
618	-0.0021404
619	-0.0011554
620	-0.0003583
621	-0.0000743
622	-0.0000119
623	-0.0000165
624	-0.0000000
625	0.0000000
626	0.0000000
627	0.0000000
628	0.0000000
629	0.0000000
630	-0.0000007
631	-0.0000359
632	-0.0009625
633	-0.0022304
634	-0.0028502
635	-0.0034375
636	-0.0037551
637	-0.0039327
638	-0.0039616
639	-0.0040460
640	-0.0039783
641	-0.0034153
642	-0.0021744
643	-0.0012918
644	-0.0004636
645	-0.0000985
646	-0.0000212
647	-0.0000241
648	-0.0000000
649	0.0000000
650	0.0000000
651	0.0000000
652	0.0000000
653	-0.0000000
654	-0.0000020
655	-0.0000985
656	-0.0010421
657	-0.0023442
658	-0.0030943
659	-0.0033794
660	-0.0038575
661	-0.0043310
662	-0.0043612
663	-0.0042125
664	-0.0043423
665	-0.0037305
666	-0.0026705
667	-0.0018172
668	-0.0005493
669	-0.0000668
670	-0.0000218
671	-0.0000155
672	-0.0000000
673	0.0000000
674	0.0000000
675	0.0000000
676	0.0000000
677	0.0000000
678	0.0000000
679	-0.0000009
680	-0.0000007
681	-0.0000014
682	-0.0000658
683	-0.0005461
684	-0.0000616
685	-0.0001683
686	-0.0006074
687	-0.0010652
688	-0.0015493
689	-0.0011536
690	-0.0007043
691	-0.0002895
692	-0.0000304
693	-0.0000178
694	-0.0000000
695	0.0000000
696	0.0000000
697	0.0000000
698	0.0000000
699	0.0000000
700	-0.0000001
701	-0.0000001
702	-0.0000002
703	-0.0000010
704	-0.0002220
705	-0.0007027
706	-0.0007410
707	-0.0016630
708	-0.0019054
709	-0.0021735
710	-0.0016499
711	-0.0018825
712	-0.0024446
713	-0.0021292
714	-0.0016152
715	-0.0005534
716	-0.0000722
717	-0.0000088
718	-0.0000038
719	0.0000000
720	0.0000000
721	0.0000000
722	0.0000000
723	0.0000000
724	0.0000000
725	0.0000000
726	-0.0000005
727	-0.0000223
728	-0.0003025
729	-0.0006473
730	-0.0011652
731	-0.0025088
732	-0.0031351
733	-0.0032148
734	-0.0023465
735	-0.0024075
736	-0.0032666
737	-0.0025892
738	-0.0019065
739	-0.0009454
740	-0.0001230
741	-0.0000201
742	-0.0000051
743	0.0000000
744	0.0000000
745	0.0000000
746	0.0000000
747	0.0000000
748	0.0000000
749	-0.0000000
750	-0.0000004
751	-0.0000057
752	-0.0000231
753	-0.0000021
754	-0.0000023
755	-0.0003764
756	-0.0010574
757	-0.0016891
758	-0.0019376
759	-0.0023500
760	-0.0024110
761	-0.0026175
762	-0.0019766
763	-0.0012308
764	-0.0004203
765	-0.0000129
766	-0.0000061
767	0.0000000
768	0.0000000
769	0.0000000
770	0.0000000
771	0.0000000
772	0.0000000
773	0.0000000
774	0.0000000
775	-0.0000041
776	-0.0001883
777	-0.0006499
778	-0.0016158
779	-0.0024500
780	-0.0031296
781	-0.0030842
782	-0.0031435
783	-0.0032435
784	-0.0030958
785	-0.0030094
786	-0.0022832
787	-0.0013650
788	-0.0003168
789	-0.0000675
790	-0.0000086
791	0.0000000
792	0.0000000
793	0.0000000
794	0.0000000
795	0.0000000
796	0.0000000
797	0.0000000
798	0.0000000
799	-0.0000001
800	-0.0002694
801	-0.0012538
802	-0.0023735
803	-0.0030961
804	-0.0036467
805	-0.0038248
806	-0.0039456
807	-0.0038640
808	-0.0036009
809	-0.0030387
810	-0.0021401
811	-0.0008079
812	-0.0000194
813	-0.0000084
814	-0.0000082
815	-0.0000078
816	0.0000000
817	0.0000000
818	0.0000000
819	0.0000000
820	0.0000000
821	0.0000000
822	-0.0000002
823	-0.0000247
824	-0.0004234
825	-0.0019479
826	-0.0026483
827	-0.0031981
828	-0.0037144
829	-0.0040858
830	-0.0041925
831	-0.0040605
832	-0.0034515
833	-0.0024686
834	-0.0013770
835	-0.0005521
836	-0.0002768
837	-0.0000147
838	-0.0000035
839	-0.0000001
840	0.0000000
841	0.0000000
842	0.0000000
843	0.0000000
844	0.0000000
845	0.0000000
846	0.0000000
847	-0.0000344
848	-0.0001772
849	-0.0005757
850	-0.0016474
851	-0.0024648
852	-0.0029228
853	-0.0027174
854	-0.0025095
855	-0.0021835
856	-0.0024818
857	-0.0026529
858	-0.0022277
859	-0.0016775
860	-0.0007154
861	-0.0000609
862	-0.0000000
863	0.0000000
864	0.0000000
865	0.0000000
866	0.0000000
867	0.0000000
868	0.0000000
869	-0.0000000
870	-0.0000013
871	-0.0000124
872	-0.0000729
873	-0.0008217
874	-0.0019568
875	-0.0027774
876	-0.0035003
877	-0.0036862
878	-0.0037773
879	-0.0037149
880	-0.0035060
881	-0.0027626
882	-0.0015671
883	-0.0012659
884	-0.0001838
885	-0.0000178
886	-0.0000029
887	-0.0000022
888	0.0000000
889	0.0000000
890	0.0000000
891	0.0000000
892	0.0000000
893	0.0000000
894	0.0000000
895	0.0000000
896	-0.0001428
897	-0.0010967
898	-0.0024322
899	-0.0030221
900	-0.0036161
901	-0.0038872
902	-0.0041023
903	-0.0039788
904	-0.0026653
905	-0.0015916
906	-0.0013700
907	-0.0008697
908	-0.0000913
909	-0.0000564
910	-0.0000169
911	-0.0000153
912	-0.0000000
913	0.0000000
914	0.0000000
915	0.0000000
916	0.0000000
917	0.0000000
918	0.0000000
919	-0.0000016
920	-0.0000592
921	-0.0000242
922	-0.0001514
923	-0.0006534
924	-0.0000370
925	-0.0000303
926	-0.0003779
927	-0.0012930
928	-0.0019071
929	-0.0024531
930	-0.0020885
931	-0.0013222
932	-0.0003787
933	-0.0000326
934	-0.0000064
935	-0.0000041
936	0.0000000
937	0.0000000
938	0.0000000
939	0.0000000
940	0.0000000
941	0.0000000
942	-0.0000001
943	-0.0000102
944	-0.0002743
945	-0.0016240
946	-0.0022825
947	-0.0029074
948	-0.0033833
949	-0.0034449
950	-0.0035537
951	-0.0035853
952	-0.0033765
953	-0.0029383
954	-0.0023494
955	-0.0012508
956	-0.0004709
957	-0.0000374
958	-0.0000092
959	-0.0000055
960	-0.0000000
961	0.0000000
962	0.0000000
963	0.0000000
964	0.0000000
965	0.0000000
966	-0.0000000
967	-0.0000101
968	-0.0003540
969	-0.0017260
970	-0.0024073
971	-0.0028717
972	-0.0029092
973	-0.0024641
974	-0.0027513
975	-0.0029788
976	-0.0027023
977	-0.0024780
978	-0.0018588
979	-0.0011737
980	-0.0001966
981	-0.0000178
982	-0.0000023
983	-0.0000007
984	0.0000000
985	0.0000000
986	0.0000000
987	0.0000000
988	0.0000000
989	0.0000000
990	0.0000000
991	0.0000000
992	-0.0000001
993	-0.0000966
994	-0.0002609
995	-0.0001634
996	-0.0000989
997	-0.0001478
998	-0.0007685
999	-0.0008165
1000	-0.0003410
1001	-0.0000757
1002	-0.0000136
1003	-0.0000065
1004	-0.0000005
1005	0.0000000
1006	0.0000000
1007	0.0000000
1008	0.0000000
1009	0.0000000
1010	0.0000000
1011	0.0000000
1012	0.0000000
1013	0.0000000
1014	0.0000000
1015	-0.0000042
1016	-0.0000526
1017	-0.0003697
1018	-0.0016629
1019	-0.0021625
1020	-0.0027929
1021	-0.0028159
1022	-0.0027731
1023	-0.0029000
1024	-0.0025026
1025	-0.0015646
1026	-0.0007839
1027	-0.0002593
1028	-0.0001014
1029	-0.0000044
1030	0.0000000
1031	0.0000000
1032	0.0000000
1033	0.0000000
1034	0.0000000
1035	0.0000000
1036	0.0000000
1037	0.0000000
1038	0.0000000
1039	-0.0000009
1040	-0.0000953
1041	-0.0006280
1042	-0.0018058
1043	-0.0026128
1044	-0.0008759
1045	-0.0025715
1046	-0.0024234
1047	-0.0022295
1048	-0.0015108
1049	-0.0015585
1050	-0.0012037
1051	-0.0004518
1052	-0.0000980
1053	-0.0000005
1054	-0.0000000
1055	-0.0000001
1056	0.0000000
1057	0.0000000
1058	0.0000000
1059	0.0000000
1060	0.0000000
1061	0.0000000
1062	-0.0000001
1063	-0.0000205
1064	-0.0001794
1065	-0.0007095
1066	-0.0020869
1067	-0.0027302
1068	-0.0029083
1069	-0.0033283
1070	-0.0034438
1071	-0.0034035
1072	-0.0032496
1073	-0.0027718
1074	-0.0021591
1075	-0.0011879
1076	-0.0003704
1077	-0.0000250
1078	-0.0000011
1079	0.0000000
1080	0.0000000
1081	0.0000000
1082	0.0000000
1083	0.0000000
1084	0.0000000
1085	0.0000000
1086	0.0000000
1087	-0.0000033
1088	-0.0001328
1089	-0.0003265
1090	-0.0005292
1091	-0.0008395
1092	-0.0006608
1093	-0.0012598
1094	-0.0014754
1095	-0.0011224
1096	-0.0010306
1097	-0.0004645
1098	-0.0000257
1099	-0.0000026
1100	0.0000000
1101	0.0000000
1102	0.0000000
1103	0.0000000
1104	0.0000000
1105	0.0000000
1106	0.0000000
1107	0.0000000
1108	0.0000000
1109	0.0000000
1110	-0.0000000
1111	-0.0000072
1112	-0.0000731
1113	-0.0002271
1114	-0.0003570
1115	-0.0007920
1116	-0.0010432
1117	-0.0007459
1118	-0.0012202
1119	-0.0023789
1120	-0.0024862
1121	-0.0018984
1122	-0.0010037
1123	-0.0006545
1124	-0.0000304
1125	-0.0000160
1126	-0.0000000
1127	0.0000000
1128	0.0000000
1129	0.0000000
1130	0.0000000
1131	0.0000000
1132	0.0000000
1133	0.0000000
1134	0.0000000
1135	-0.0000016
1136	-0.0000200
1137	-0.0004715
1138	-0.0011578
1139	-0.0011325
1140	-0.0005605
1141	-0.0011309
1142	-0.0012695
1143	-0.0010147
1144	-0.0011642
1145	-0.0000227
1146	-0.0000340
1147	-0.0000320
1148	-0.0000020
1149	0.0000000
1150	0.0000000
1151	-0.0000004
1152	0.0000000
1153	0.0000000
1154	0.0000000
1155	0.0000000
1156	0.0000000
1157	0.0000000
1158	0.0000000
1159	-0.0000094
1160	-0.0001125
1161	-0.0005643
1162	-0.0015745
1163	-0.0025689
1164	-0.0030591
1165	-0.0034104
1166	-0.0034881
1167	-0.0033223
1168	-0.0031708
1169	-0.0027247
1170	-0.0020457
1171	-0.0012248
1172	-0.0003444
1173	-0.0000029
1174	0.0000000
1175	0.0000000
1176	0.0000000
1177	0.0000000
1178	0.0000000
1179	0.0000000
1180	0.0000000
1181	0.0000000
1182	0.0000000
1183	-0.0000005
1184	-0.0001109
1185	-0.0008896
1186	-0.0022313
1187	-0.0029253
1188	-0.0035127
1189	-0.0037481
1190	-0.0040413
1191	-0.0039585
1192	-0.0035706
1193	-0.0029522
1194	-0.0019061
1195	-0.0009812
1196	-0.0003023
1197	-0.0000220
1198	-0.0000037
1199	-0.0000000
1200	0.0000000
1201	0.0000000
1202	0.0000000
1203	0.0000000
1204	0.0000000
1205	-0.0000000
1206	-0.0000005
1207	-0.0000260
1208	-0.0004259
1209	-0.0015711
1210	-0.0023206
1211	-0.0030089
1212	-0.0035027
1213	-0.0039052
1214	-0.0040885
1215	-0.0037168
1216	-0.0034869
1217	-0.0021731
1218	-0.0013761
1219	-0.0010489
1220	-0.0003864
1221	-0.0000178
1222	-0.0000167
1223	-0.0000157
1224	-0.0000000
1225	0.0000000
1226	0.0000000
1227	0.0000000
1228	0.0000000
1229	0.0000000
1230	-0.0000002
1231	-0.0000183
1232	-0.0000667
1233	-0.0003071
1234	-0.0004121
1235	-0.0018583
1236	-0.0026853
1237	-0.0024586
1238	-0.0034281
1239	-0.0033104
1240	-0.0031379
1241	-0.0025664
1242	-0.0020843
1243	-0.0013708
1244	-0.0004244
1245	-0.0000281
1246	-0.0000071
1247	0.0000000
1248	0.0000000
1249	0.0000000
1250	0.0000000
1251	0.0000000
1252	0.0000000
1253	0.0000000
1254	0.0000000
1255	-0.0000009
1256	-0.0001494
1257	-0.0010160
1258	-0.0020783
1259	-0.0026428
1260	-0.0030821
1261	-0.0032538
1262	-0.0030531
1263	-0.0031298
1264	-0.0030352
1265	-0.0026693
1266	-0.0020431
1267	-0.0010744
1268	-0.0001990
1269	-0.0000081
1270	-0.0000081
1271	-0.0000078
1272	0.0000000
1273	0.0000000
1274	0.0000000
1275	0.0000000
1276	0.0000000
1277	0.0000000
1278	0.0000000
1279	-0.0000002
1280	-0.0001785
1281	-0.0008245
1282	-0.0018070
1283	-0.0023722
1284	-0.0026645
1285	-0.0025566
1286	-0.0025773
1287	-0.0022069
1288	-0.0025433
1289	-0.0020867
1290	-0.0017881
1291	-0.0008953
1292	-0.0002073
1293	-0.0000070
1294	-0.0000042
1295	-0.0000036
1296	0.0000000
1297	0.0000000
1298	0.0000000
1299	0.0000000
1300	0.0000000
1301	0.0000000
1302	-0.0000000
1303	-0.0000000
1304	-0.0000002
1305	-0.0001259
1306	-0.0003766
1307	-0.0006391
1308	-0.0012055
1309	-0.0006672
1310	-0.0003251
1311	-0.0004872
1312	-0.0004660
1313	-0.0004707
1314	-0.0004706
1315	-0.0001407
1316	-0.0000562
1317	-0.0000000
1318	0.0000000
1319	0.0000000
1320	0.0000000
1321	0.0000000
1322	0.0000000
1323	0.0000000
1324	0.0000000
1325	0.0000000
1326	-0.0000000
1327	-0.0000028
1328	-0.0000480
1329	-0.0005088
1330	-0.0009855
1331	-0.0019069
1332	-0.0018416
1333	-0.0022870
1334	-0.0017422
1335	-0.0003258
1336	-0.0007888
1337	-0.0019052
1338	-0.0012113
1339	-0.0005950
1340	-0.0000904
1341	-0.0000012
1342	0.0000000
1343	0.0000000
1344	0.0000000
1345	0.0000000
1346	0.0000000
1347	0.0000000
1348	0.0000000
1349	0.0000000
1350	-0.0000009
1351	-0.0000178
1352	-0.0000034
1353	-0.0000121
1354	-0.0000828
1355	-0.0002908
1356	-0.0001785
1357	-0.0000081
1358	0.0000000
1359	0.0000000
1360	-0.0000411
1361	-0.0002796
1362	-0.0007114
1363	-0.0003792
1364	-0.0000216
1365	-0.0000017
1366	-0.0000020
1367	0.0000000
1368	0.0000000
1369	0.0000000
1370	0.0000000
1371	0.0000000
1372	0.0000000
1373	-0.0000000
1374	-0.0000007
1375	-0.0000213
1376	-0.0000611
1377	-0.0002762
1378	-0.0011011
1379	-0.0019707
1380	-0.0014441
1381	-0.0021344
1382	-0.0008945
1383	-0.0022177
1384	-0.0026178
1385	-0.0024575
1386	-0.0017533
1387	-0.0008465
1388	-0.0000177
1389	0.0000000
1390	0.0000000
1391	0.0000000
1392	0.0000000
1393	0.0000000
1394	0.0000000
1395	0.0000000
1396	0.0000000
1397	-0.0000000
1398	-0.0000002
1399	-0.0000246
1400	-0.0001910
1401	-0.0012622
1402	-0.0022569
1403	-0.0030728
1404	-0.0032297
1405	-0.0032385
1406	-0.0024565
1407	-0.0028051
1408	-0.0028470
1409	-0.0026138
1410	-0.0019016
1411	-0.0010271
1412	-0.0002063
1413	-0.0000068
1414	-0.0000025
1415	0.0000000
1416	0.0000000
1417	0.0000000
1418	0.0000000
1419	0.0000000
1420	0.0000000
1421	0.0000000
1422	-0.0000000
1423	-0.0000080
1424	-0.0002956
1425	-0.0014191
1426	-0.0021126
1427	-0.0025095
1428	-0.0026274
1429	-0.0025956
1430	-0.0026770
1431	-0.0000020
1432	0.0000000
1433	-0.0002811
1434	-0.0017042
1435	-0.0011869
1436	-0.0003117
1437	-0.0000095
1438	-0.0000074
1439	-0.0000068
1440	0.0000000
1441	0.0000000
1442	0.0000000
1443	0.0000000
1444	0.0000000
1445	0.0000000
1446	-0.0000000
1447	-0.0000024
1448	-0.0000931
1449	-0.0007014
1450	-0.0019822
1451	-0.0023541
1452	-0.0026275
1453	-0.0025320
1454	-0.0028354
1455	-0.0027300
1456	-0.0024726
1457	-0.0021793
1458	-0.0017409
1459	-0.0010836
1460	-0.0002092
1461	-0.0000085
1462	-0.0000057
1463	-0.0000047
1464	0.0000000
1465	0.0000000
1466	0.0000000
1467	0.0000000
1468	0.0000000
1469	0.0000000
1470	-0.0000000
1471	-0.0000023
1472	-0.0001038
1473	-0.0006621
1474	-0.0017119
1475	-0.0021842
1476	-0.0026882
1477	-0.0030520
1478	-0.0031531
1479	-0.0032590
1480	-0.0026704
1481	-0.0017810
1482	-0.0014990
1483	-0.0005053
1484	-0.0000685
1485	-0.0000042
1486	-0.0000064
1487	-0.0000000
1488	0.0000000
1489	0.0000000
1490	0.0000000
1491	0.0000000
1492	0.0000000
1493	0.0000000
1494	0.0000000
1495	0.0000000
1496	0.0000000
1497	-0.0000197
1498	-0.0004485
1499	-0.0016002
1500	-0.0016778
1501	-0.0026684
1502	-0.0032365
1503	-0.0030386
1504	-0.0027929
1505	-0.0023398
1506	-0.0016486
1507	-0.0006695
1508	-0.0000733
1509	-0.0000005
1510	0.0000000
1511	0.0000000
1512	0.0000000
1513	0.0000000
1514	0.0000000
1515	0.0000000
1516	0.0000000
1517	0.0000000
1518	0.0000000
1519	-0.0000001
1520	-0.0000003
1521	0.0000000
1522	0.0000000
1523	0.0000000
1524	-0.0000213
1525	-0.0008656
1526	-0.0025030
1527	-0.0026934
1528	-0.0021143
1529	-0.0019034
1530	-0.0013643
1531	-0.0006262
1532	-0.0000699
1533	-0.0000010
1534	0.0000000
1535	0.0000000
1536	0.0000000
1537	0.0000000
1538	0.0000000
1539	0.0000000
1540	0.0000000
1541	0.0000000
1542	-0.0000000
1543	-0.0000085
1544	-0.0001145
1545	-0.0005814
1546	-0.0017436
1547	-0.0025549
1548	-0.0031116
1549	-0.0034375
1550	-0.0034239
1551	-0.0032674
1552	-0.0028208
1553	-0.0019148
1554	-0.0009312
1555	-0.0003239
1556	-0.0000095
1557	-0.0000022
1558	0.0000000
1559	0.0000000
1560	0.0000000
1561	0.0000000
1562	0.0000000
1563	0.0000000
1564	0.0000000
1565	0.0000000
1566	0.0000000
1567	-0.0000079
1568	-0.0001463
1569	-0.0006717
1570	-0.0016874
1571	-0.0025772
1572	-0.0018852
1573	-0.0010462
1574	-0.0010519
1575	-0.0009375
1576	-0.0006856
1577	-0.0003791
1578	-0.0001907
1579	-0.0000780
1580	-0.0000013
1581	-0.0000000
1582	-0.0000001
1583	0.0000000
1584	0.0000000
1585	0.0000000
1586	0.0000000
1587	0.0000000
1588	0.0000000
1589	0.0000000
1590	-0.0000000
1591	-0.0000097
1592	-0.0000647
1593	-0.0003028
1594	-0.0012225
1595	-0.0023786
1596	-0.0030033
1597	-0.0033198
1598	-0.0034181
1599	-0.0031819
1600	-0.0026894
1601	-0.0025692
1602	-0.0014823
1603	-0.0005745
1604	-0.0000980
1605	-0.0000019
1606	-0.0000000
1607	0.0000000
1608	0.0000000
1609	0.0000000
1610	0.0000000
1611	0.0000000
1612	0.0000000
1613	0.0000000
1614	-0.0000000
1615	-0.0000021
1616	-0.0002066
1617	-0.0010171
1618	-0.0019373
1619	-0.0025965
1620	-0.0030990
1621	-0.0033559
1622	-0.0021814
1623	-0.0018899
1624	-0.0025371
1625	-0.0021363
1626	-0.0014113
1627	-0.0007033
1628	-0.0000634
1629	-0.0000093
1630	-0.0000071
1631	-0.0000045
1632	-0.0000000
1633	0.0000000
1634	0.0000000
1635	0.0000000
1636	0.0000000
1637	0.0000000
1638	0.0000000
1639	0.0000000
1640	-0.0000043
1641	-0.0000003
1642	0.0000000
1643	-0.0001745
1644	-0.0017581
1645	-0.0028801
1646	-0.0030316
1647	-0.0027485
1648	-0.0028953
1649	-0.0025229
1650	-0.0017857
1651	-0.0007487
1652	-0.0001419
1653	-0.0000028
1654	-0.0000017
1655	-0.0000003
1656	0.0000000
1657	0.0000000
1658	0.0000000
1659	0.0000000
1660	0.0000000
1661	0.0000000
1662	0.0000000
1663	-0.0000002
1664	-0.0000630
1665	-0.0009235
1666	-0.0020708
1667	-0.0024517
1668	-0.0030815
1669	-0.0031492
1670	-0.0031483
1671	-0.0021633
1672	-0.0017514
1673	-0.0014109
1674	-0.0011082
1675	-0.0005789
1676	-0.0000703
1677	-0.0000093
1678	-0.0000006
1679	0.0000000
1680	0.0000000
1681	0.0000000
1682	0.0000000
1683	0.0000000
1684	0.0000000
1685	0.0000000
1686	-0.0000000
1687	-0.0000270
1688	-0.0006272
1689	-0.0012668
1690	-0.0016516
1691	-0.0016772
1692	-0.0020340
1693	-0.0018661
1694	-0.0021445
1695	-0.0024205
1696	-0.0020263
1697	-0.0022154
1698	-0.0017238
1699	-0.0000144
1700	0.0000000
1701	0.0000000
1702	0.0000000
1703	0.0000000
1704	0.0000000
1705	0.0000000
1706	0.0000000
1707	0.0000000
1708	0.0000000
1709	-0.0000000
1710	-0.0000001
1711	-0.0000123
1712	-0.0002858
1713	-0.0013710
1714	-0.0019152
1715	-0.0021320
1716	-0.0021927
1717	-0.0020325
1718	-0.0021932
1719	-0.0020446
1720	-0.0017268
1721	-0.0016954
1722	-0.0013432
1723	-0.0004269
1724	-0.0000811
1725	-0.0000046
1726	-0.0000043
1727	-0.0000047
1728	-0.0000000
1729	0.0000000
1730	0.0000000
1731	0.0000000
1732	0.0000000
1733	0.0000000
1734	-0.0000000
1735	-0.0000030
1736	-0.0000849
1737	-0.0008723
1738	-0.0017292
1739	-0.0022258
1740	-0.0026485
1741	-0.0028677
1742	-0.0030383
1743	-0.0027217
1744	-0.0021802
1745	-0.0018452
1746	-0.0012772
1747	-0.0002997
1748	-0.0000211
1749	-0.0000016
1750	-0.0000015
1751	-0.0000014
1752	0.0000000
1753	0.0000000
1754	0.0000000
1755	0.0000000
1756	0.0000000
1757	0.0000000
1758	0.0000000
1759	0.0000000
1760	-0.0000009
1761	-0.0000183
1762	-0.0001512
1763	-0.0011141
1764	-0.0021081
1765	-0.0025111
1766	-0.0026843
1767	-0.0026348
1768	-0.0023656
1769	-0.0019579
1770	-0.0010420
1771	-0.0002430
1772	-0.0000604
1773	-0.0000017
1774	-0.0000000
1775	-0.0000010
1776	0.0000000
1777	0.0000000
1778	0.0000000
1779	0.0000000
1780	0.0000000
1781	0.0000000
1782	0.0000000
1783	-0.0000012
1784	-0.0000218
1785	-0.0000858
1786	-0.0000008
1787	-0.0000016
1788	-0.0003110
1789	-0.0014172
1790	-0.0018192
1791	-0.0017507
1792	-0.0010713
1793	-0.0013555
1794	-0.0008450
1795	-0.0001473
1796	-0.0000043
1797	-0.0000000
1798	0.0000000
1799	0.0000000
1800	0.0000000
1801	0.0000000
1802	0.0000000
1803	0.0000000
1804	0.0000000
1805	0.0000000
1806	0.0000000
1807	-0.0000001
1808	-0.0000080
1809	-0.0001078
1810	-0.0002923
1811	-0.0005522
1812	-0.0006809
1813	-0.0002231
1814	-0.0002256
1815	-0.0006070
1816	-0.0010384
1817	-0.0012803
1818	-0.0007982
1819	-0.0001871
1820	-0.0000163
1821	-0.0000038
1822	-0.0000028
1823	0.0000000
1824	0.0000000
1825	0.0000000
1826	0.0000000
1827	0.0000000
1828	0.0000000
1829	-0.0000000
1830	-0.0000000
1831	-0.0000029
1832	-0.0000417
1833	-0.0002528
1834	-0.0006449
1835	-0.0014239
1836	-0.0020109
1837	-0.0023877
1838	-0.0025725
1839	-0.0026304
1840	-0.0023209
1841	-0.0016596
1842	-0.0006635
1843	-0.0001704
1844	-0.0000221
1845	-0.0000040
1846	-0.0000044
1847	-0.0000030
1848	0.0000000
1849	0.0000000
1850	0.0000000
1851	0.0000000
1852	0.0000000
1853	0.0000000
1854	0.0000000
1855	-0.0000004
1856	-0.0000382
1857	-0.0001448
1858	-0.0003931
1859	-0.0008274
1860	-0.0008252
1861	-0.0008325
1862	-0.0009040
1863	-0.0008578
1864	-0.0008539
1865	-0.0007291
1866	-0.0003979
1867	-0.0001357
1868	-0.0000135
1869	-0.0000036
1870	-0.0000046
1871	-0.0000048
1872	0.0000000
1873	0.0000000
1874	0.0000000
1875	0.0000000
1876	0.0000000
1877	0.0000000
1878	0.0000000
1879	-0.0000005
1880	-0.0000105
1881	-0.0001477
1882	-0.0006867
1883	-0.0015437
1884	-0.0015909
1885	-0.0019550
1886	-0.0024532
1887	-0.0026229
1888	-0.0019984
1889	-0.0019466
1890	-0.0011235
1891	-0.0002255
1892	-0.0000106
1893	-0.0000009
1894	-0.0000064
1895	-0.0000000
1896	0.0000000
1897	0.0000000
1898	0.0000000
1899	0.0000000
1900	0.0000000
1901	-0.0000000
1902	-0.0000000
1903	-0.0000137
1904	-0.0002292
1905	-0.0008515
1906	-0.0013526
1907	-0.0015777
1908	-0.0016550
1909	-0.0017086
1910	-0.0019242
1911	-0.0013473
1912	-0.0012187
1913	-0.0010615
1914	-0.0008813
1915	-0.0002828
1916	-0.0000302
1917	-0.0000071
1918	-0.0000050
1919	-0.0000034
1920	0.0000000
1921	0.0000000
1922	0.0000000
1923	0.0000000
1924	0.0000000
1925	0.0000000
1926	0.0000000
1927	-0.0000000
1928	-0.0000110
1929	-0.0003892
1930	-0.0013462
1931	-0.0017156
1932	-0.0017191
1933	-0.0023287
1934	-0.0025814
1935	-0.0025388
1936	-0.0022564
1937	-0.0019075
1938	-0.0011396
1939	-0.0003772
1940	-0.0000696
1941	-0.0000055
1942	-0.0000047
1943	-0.0000019
1944	0.0000000
1945	0.0000000
1946	0.0000000
1947	0.0000000
1948	0.0000000
1949	0.0000000
1950	-0.0000000
1951	-0.0000022
1952	-0.0000549
1953	-0.0007930
1954	-0.0016506
1955	-0.0021758
1956	-0.0024795
1957	-0.0028911
1958	-0.0030870
1959	-0.0030294
1960	-0.0027712
1961	-0.0022568
1962	-0.0014042
1963	-0.0004123
1964	-0.0000409
1965	-0.0000046
1966	-0.0000064
1967	-0.0000000
1968	0.0000000
1969	0.0000000
1970	0.0000000
1971	0.0000000
1972	0.0000000
1973	-0.0000000
1974	-0.0000001
1975	-0.0000081
1976	-0.0001999
1977	-0.0012605
1978	-0.0021034
1979	-0.0028266
1980	-0.0034120
1981	-0.0035692
1982	-0.0036158
1983	-0.0034926
1984	-0.0032227
1985	-0.0025010
1986	-0.0015330
1987	-0.0005618
1988	-0.0000345
1989	-0.0000043
1990	-0.0000001
