TIME_UNITS h
DATA_UNITS kg/s
0	-0.0000011
1	-0.0000029
2	-0.0000035
3	-0.0000017
4	-0.0000011
5	-0.0000004
6	-0.0000052
7	-0.0000705
8	-0.0004313
9	-0.0008935
10	-0.0014245
11	-0.0019713
12	-0.0021767
13	-0.0023356
14	-0.0024914
15	-0.0025471
16	-0.0024899
17	-0.0022517
18	-0.0018390
19	-0.0011627
20	-0.0004021
21	-0.0000452
22	-0.0000044
23	-0.0000021
24	-0.0000023
25	-0.0000016
26	-0.0000007
27	-0.0000007
28	0.0000000
29	0.0000000
30	0.0000000
31	0.0000000
32	-0.0003217
33	-0.0010411
34	-0.0018285
35	-0.0024128
36	-0.0026617
37	-0.0027890
38	-0.0025278
39	-0.0020087
40	-0.0017211
41	-0.0007241
42	-0.0003474
43	-0.0002543
44	-0.0000660
45	-0.0000003
46	0.0000000
47	0.0000000
48	0.0000000
49	0.0000000
50	0.0000000
51	0.0000000
52	0.0000000
53	0.0000000
54	0.0000000
55	0.0000000
56	0.0000000
57	-0.0000001
58	-0.0000173
59	-0.0002394
60	-0.0015916
61	-0.0017087
62	-0.0024743
63	-0.0024619
64	-0.0000021
65	0.0000000
66	-0.0000432
67	-0.0001946
68	-0.0000631
69	-0.0000022
70	-0.0000000
71	-0.0000017
72	-0.0000010
73	-0.0000013
74	-0.0000004
75	-0.0000001
76	-0.0000011
77	-0.0000010
78	-0.0000305
79	-0.0002406
80	-0.0002564
81	-0.0004839
82	-0.0008271
83	-0.0010526
84	-0.0011248
85	-0.0015869
86	-0.0019711
87	-0.0020731
88	-0.0016668
89	-0.0016053
90	-0.0011633
91	-0.0005168
92	-0.0001709
93	-0.0000145
94	-0.0000027
95	0.0000000
96	0.0000000
97	0.0000000
98	0.0000000
99	0.0000000
100	0.0000000
101	0.0000000
102	0.0000000
103	-0.0000454
104	-0.0004207
105	-0.0013194
106	-0.0019284
107	-0.0025541
108	-0.0024333
109	-0.0021619
110	-0.0015430
111	-0.0000063
112	0.0000000
113	-0.0000129
114	-0.0000866
115	-0.0000002
116	-0.0000000
117	0.0000000
118	0.0000000
119	0.0000000
120	0.0000000
121	-0.0000000
122	0.0000000
123	-0.0000001
124	-0.0000003
125	-0.0000002
126	-0.0000014
127	0.0000000
128	-0.0000176
129	-0.0001256
130	-0.0002631
131	-0.0003709
132	-0.0005160
133	-0.0005126
134	-0.0004558
135	-0.0004254
136	-0.0007151
137	-0.0008901
138	-0.0008016
139	-0.0005899
140	-0.0001062
141	-0.0000030
142	0.0000000
143	0.0000000
144	0.0000000
145	0.0000000
146	-0.0000000
147	-0.0000000
148	-0.0000001
149	0.0000000
150	-0.0000004
151	-0.0000609
152	-0.0002645
153	-0.0012380
154	-0.0021666
155	-0.0023966
156	-0.0031742
157	-0.0021018
158	-0.0022510
159	-0.0018751
160	-0.0012043
161	-0.0010831
162	-0.0009909
163	-0.0004587
164	-0.0001782
165	-0.0000310
166	-0.0000067
167	-0.0000051
168	0.0000000
169	0.0000000
170	0.0000000
171	0.0000000
172	-0.0000000
173	-0.0000000
174	-0.0000077
175	-0.0000559
176	-0.0002054
177	-0.0003940
178	-0.0004282
179	-0.0008371
180	-0.0015647
181	-0.0017344
182	-0.0016890
183	-0.0014342
184	-0.0005634
185	-0.0006750
186	-0.0008543
187	-0.0006144
188	-0.0001234
189	-0.0000004
190	0.0000000
191	0.0000000
192	0.0000000
193	0.0000000
194	0.0000000
195	0.0000000
196	0.0000000
197	-0.0000000
198	-0.0000001
199	-0.0000285
200	-0.0001588
201	-0.0004428
202	-0.0007020
203	-0.0011899
204	-0.0014475
205	-0.0012507
206	-0.0011876
207	-0.0012358
208	-0.0004567
209	-0.0007563
210	-0.0006309
211	-0.0000091
212	-0.0000006
213	-0.0000000
214	-0.0000000
215	0.0000000
216	0.0000000
217	0.0000000
218	0.0000000
219	0.0000000
220	0.0000000
221	0.0000000
222	0.0000000
223	-0.0000001
224	-0.0000007
225	-0.0000038
226	-0.0000004
227	-0.0000012
228	-0.0000052
229	-0.0000680
230	-0.0002147
231	-0.0003480
232	-0.0006032
233	-0.0007278
234	-0.0005304
235	-0.0002920
236	-0.0000604
237	0.0000000
238	0.0000000
239	0.0000000
240	0.0000000
241	0.0000000
242	0.0000000
243	0.0000000
244	0.0000000
245	0.0000000
246	0.0000000
247	-0.0000009
248	-0.0002532
249	-0.0010334
250	-0.0019891
251	-0.0025007
252	-0.0029521
253	-0.0032917
254	-0.0033839
255	-0.0032975
256	-0.0028705
257	-0.0025904
258	-0.0020444
259	-0.0012801
260	-0.0003190
261	-0.0000153
262	-0.0000018
263	0.0000000
264	0.0000000
265	0.0000000
266	0.0000000
267	0.0000000
268	0.0000000
269	-0.0000000
270	-0.0000002
271	-0.0000343
272	-0.0004439
273	-0.0008120
274	-0.0012332
275	-0.0021746
276	-0.0033413
277	-0.0034831
278	-0.0035090
279	-0.0036194
280	-0.0031635
281	-0.0029208
282	-0.0021667
283	-0.0010276
284	-0.0002919
285	-0.0000608
286	-0.0000189
287	-0.0000000
288	0.0000000
289	0.0000000
290	0.0000000
291	0.0000000
292	0.0000000
293	-0.0000000
294	-0.0000021
295	-0.0001116
296	-0.0010198
297	-0.0016903
298	-0.0025336
299	-0.0030116
300	-0.0032701
301	-0.0032673
302	-0.0027926
303	-0.0026239
304	-0.0027976
305	-0.0013735
306	-0.0016006
307	-0.0008291
308	-0.0002407
309	-0.0000065
310	0.0000000
311	0.0000000
312	0.0000000
313	0.0000000
314	0.0000000
315	0.0000000
316	0.0000000
317	0.0000000
318	0.0000000
319	-0.0000250
320	-0.0002486
321	-0.0009104
322	-0.0019230
323	-0.0025846
324	-0.0029674
325	-0.0032270
326	-0.0032271
327	-0.0032037
328	-0.0030331
329	-0.0025177
330	-0.0018820
331	-0.0010082
332	-0.0003105
333	-0.0000266
334	0.0000000
335	0.0000000
336	0.0000000
337	0.0000000
338	0.0000000
339	0.0000000
340	0.0000000
341	0.0000000
342	0.0000000
343	-0.0000440
344	-0.0003586
345	-0.0009358
346	-0.0017259
347	-0.0025581
348	-0.0031147
349	-0.0034111
350	-0.0035211
351	-0.0034879
352	-0.0032412
353	-0.0025622
354	-0.0014242
355	-0.0009685
356	-0.0002780
357	-0.0000302
358	-0.0000074
359	-0.0000000
360	0.0000000
361	0.0000000
362	0.0000000
363	0.0000000
364	0.0000000
365	0.0000000
366	0.0000000
367	0.0000000
368	0.0000000
369	-0.0000095
370	-0.0001526
371	-0.0009628
372	-0.0011071
373	-0.0010905
374	-0.0007870
375	-0.0013881
376	-0.0016511
377	-0.0018041
378	-0.0015419
379	-0.0008778
380	-0.0002006
381	-0.0000114
382	-0.0000019
383	-0.0000000
384	0.0000000
385	0.0000000
386	0.0000000
387	0.0000000
388	0.0000000
389	0.0000000
390	0.0000000
391	-0.0000174
392	-0.0001249
393	-0.0000597
394	-0.0000780
395	-0.0001708
396	-0.0004024
397	-0.0003991
398	-0.0001305
399	-0.0001615
400	-0.0006747
401	-0.0019161
402	-0.0016738
403	-0.0011004
404	-0.0002582
405	-0.0000100
406	-0.0000053
407	-0.0000004
408	0.0000000
409	0.0000000
410	0.0000000
411	0.0000000
412	0.0000000
413	0.0000000
414	0.0000000
415	-0.0000087
416	-0.0001518
417	-0.0004878
418	-0.0007408
419	-0.0009629
420	-0.0010877
421	-0.0012872
422	-0.0014269
423	-0.0018091
424	-0.0020914
425	-0.0018732
426	-0.0014439
427	-0.0010606
428	-0.0004047
429	-0.0000120
430	-0.0000014
431	-0.0000006
432	0.0000000
433	0.0000000
434	0.0000000
435	0.0000000
436	0.0000000
437	0.0000000
438	0.0000000
439	-0.0000005
440	-0.0000018
441	-0.0000145
442	-0.0000115
443	-0.0000000
444	0.0000000
445	0.0000000
446	-0.0003166
447	-0.0018939
448	-0.0008088
449	-0.0000017
450	0.0000000
451	0.0000000
452	0.0000000
453	-0.0000000
454	-0.0000000
455	-0.0000003
456	-0.0000008
457	0.0000000
458	0.0000000
459	0.0000000
460	0.0000000
461	0.0000000
462	-0.0000005
463	-0.0000183
464	-0.0000863
465	-0.0002203
466	-0.0004990
467	-0.0007878
468	-0.0007082
469	-0.0006778
470	-0.0009920
471	-0.0005152
472	-0.0012716
473	-0.0013303
474	-0.0011614
475	-0.0007325
476	-0.0001059
477	-0.0000001
478	0.0000000
479	-0.0000019
480	0.0000000
481	0.0000000
482	0.0000000
483	0.0000000
484	0.0000000
485	0.0000000
486	-0.0000005
487	-0.0000065
488	-0.0000103
489	-0.0000012
490	-0.0000095
491	-0.0001726
492	-0.0003076
493	-0.0007798
494	-0.0010606
495	-0.0010763
496	-0.0013549
497	-0.0013908
498	-0.0012949
499	-0.0009112
500	-0.0004572
501	-0.0000404
502	-0.0000007
503	-0.0000015
504	-0.0000043
505	-0.0000017
506	-0.0000043
507	-0.0000079
508	-0.0000100
509	-0.0000086
510	-0.0001488
511	-0.0002780
512	-0.0005192
513	-0.0000054
514	0.0000000
515	-0.0001042
516	-0.0005946
517	-0.0013198
518	-0.0016992
519	-0.0016887
520	-0.0015432
521	-0.0015051
522	-0.0015355
523	-0.0012039
524	-0.0006198
525	-0.0000628
526	-0.0000046
527	-0.0000000
528	0.0000000
529	0.0000000
530	0.0000000
531	0.0000000
532	0.0000000
533	0.0000000
534	-0.0000002
535	-0.0000044
536	-0.0001979
537	-0.0009692
538	-0.0012463
539	-0.0013900
540	-0.0011970
541	-0.0016892
542	-0.0019926
543	-0.0019621
544	-0.0017203
545	-0.0015110
546	-0.0013534
547	-0.0010353
548	-0.0005095
549	-0.0000671
550	-0.0000061
551	-0.0000000
552	0.0000000
553	0.0000000
554	0.0000000
555	0.0000000
556	0.0000000
557	0.0000000
558	-0.0000000
559	-0.0000057
560	-0.0002583
561	-0.0011056
562	-0.0015593
563	-0.0015352
564	-0.0017603
565	-0.0022122
566	-0.0023855
567	-0.0025027
568	-0.0024556
569	-0.0022166
570	-0.0018503
571	-0.0013331
572	-0.0004857
573	-0.0000986
574	-0.0000000
575	0.0000000
576	0.0000000
577	0.0000000
578	0.0000000
579	0.0000000
580	-0.0000000
581	-0.0000000
582	-0.0000003
583	-0.0000156
584	-0.0002857
585	-0.0012883
586	-0.0019739
587	-0.0025195
588	-0.0029895
589	-0.0031697
590	-0.0031730
591	-0.0031275
592	-0.0026882
593	-0.0024310
594	-0.0019120
595	-0.0013985
596	-0.0003440
597	-0.0000333
598	-0.0000065
599	0.0000000
600	0.0000000
601	0.0000000
602	0.0000000
603	0.0000000
604	0.0000000
605	-0.0000000
606	-0.0000024
607	-0.0000676
608	-0.0007129
609	-0.0019292
610	-0.0025755
611	-0.0030708
612	-0.0034458
613	-0.0037066
614	-0.0038726
615	-0.0038545
616	-0.0036866
617	-0.0031132
618	-0.0021464
619	-0.0011586
620	-0.0003593
621	-0.0000745
622	-0.0000119
623	-0.0000165
624	-0.0000000
625	0.0000000
626	0.0000000
627	0.0000000
628	0.0000000
629	0.0000000
630	-0.0000007
631	-0.0000360
632	-0.0009652
633	-0.0022367
634	-0.0028582
635	-0.0034472
636	-0.0037656
637	-0.0039437
638	-0.0039727
639	-0.0040573
640	-0.0039895
641	-0.0034249
642	-0.0021805
643	-0.0012954
644	-0.0004649
645	-0.0000988
646	-0.0000213
647	-0.0000242
648	-0.0000000
649	0.0000000
650	0.0000000
651	0.0000000
652	0.0000000
653	-0.0000000
654	-0.0000020
655	-0.0000988
656	-0.0010450
657	-0.0023508
658	-0.0031030
659	-0.0033888
660	-0.0038683
661	-0.0043432
662	-0.0043735
663	-0.0042244
664	-0.0043545
665	-0.0037410
666	-0.0026780
667	-0.0018223
668	-0.0005508
669	-0.0000670
670	-0.0000218
671	-0.0000156
672	-0.0000000
673	0.0000000
674	0.0000000
675	0.0000000
676	0.0000000
677	0.0000000
678	0.0000000
679	-0.0000009
680	-0.0000007
681	-0.0000014
682	-0.0000660
683	-0.0005476
684	-0.0000618
685	-0.0001688
686	-0.0006091
687	-0.0010681
688	-0.0015537
689	-0.0011568
690	-0.0007063
691	-0.0002904
692	-0.0000305
693	-0.0000178
694	-0.0000000
695	0.0000000
696	0.0000000
697	0.0000000
698	0.0000000
699	0.0000000
700	-0.0000001
701	-0.0000001
702	-0.0000002
703	-0.0000010
704	-0.0002226
705	-0.0007046
706	-0.0007431
707	-0.0016677
708	-0.0019107
709	-0.0021796
710	-0.0016545
711	-0.0018878
712	-0.0024515
713	-0.0021352
714	-0.0016197
715	-0.0005549
716	-0.0000724
717	-0.0000088
718	-0.0000038
719	0.0000000
720	0.0000000
721	0.0000000
722	0.0000000
723	0.0000000
724	0.0000000
725	0.0000000
726	-0.0000005
727	-0.0000224
728	-0.0003033
729	-0.0006492
730	-0.0011685
731	-0.0025158
732	-0.0031439
733	-0.0032238
734	-0.0023531
735	-0.0024142
736	-0.0032757
737	-0.0025965
738	-0.0019119
739	-0.0009481
740	-0.0001233
741	-0.0000201
742	-0.0000051
743	0.0000000
744	0.0000000
745	0.0000000
746	0.0000000
747	0.0000000
748	0.0000000
749	-0.0000000
750	-0.0000004
751	-0.0000058
752	-0.0000232
753	-0.0000021
754	-0.0000023
755	-0.0003775
756	-0.0010603
757	-0.0016939
758	-0.0019430
759	-0.0023566
760	-0.0024178
761	-0.0026249
762	-0.0019822
763	-0.0012343
764	-0.0004215
765	-0.0000129
766	-0.0000061
767	0.0000000
768	0.0000000
769	0.0000000
770	0.0000000
771	0.0000000
772	0.0000000
773	0.0000000
774	0.0000000
775	-0.0000041
776	-0.0001888
777	-0.0006517
778	-0.0016204
779	-0.0024569
780	-0.0031384
781	-0.0030928
782	-0.0031523
783	-0.0032526
784	-0.0031045
785	-0.0030179
786	-0.0022897
787	-0.0013688
788	-0.0003177
789	-0.0000677
790	-0.0000086
791	0.0000000
792	0.0000000
793	0.0000000
794	0.0000000
795	0.0000000
796	0.0000000
797	0.0000000
798	0.0000000
799	-0.0000001
800	-0.0002702
801	-0.0012574
802	-0.0023802
803	-0.0031048
804	-0.0036569
805	-0.0038355
806	-0.0039567
807	-0.0038749
808	-0.0036110
809	-0.0030472
810	-0.0021461
811	-0.0008101
812	-0.0000194
813	-0.0000084
814	-0.0000083
815	-0.0000078
816	0.0000000
817	0.0000000
818	0.0000000
819	0.0000000
820	0.0000000
821	0.0000000
822	-0.0000002
823	-0.0000248
824	-0.0004246
825	-0.0019534
826	-0.0026557
827	-0.0032071
828	-0.0037248
829	-0.0040973
830	-0.0042043
831	-0.0040719
832	-0.0034612
833	-0.0024755
834	-0.0013809
835	-0.0005536
836	-0.0002775
837	-0.0000147
838	-0.0000035
839	-0.0000001
840	0.0000000
841	0.0000000
842	0.0000000
843	0.0000000
844	0.0000000
845	0.0000000
846	0.0000000
847	-0.0000345
848	-0.0001777
849	-0.0005773
850	-0.0016520
851	-0.0024718
852	-0.0029310
853	-0.0027250
854	-0.0025165
855	-0.0021897
856	-0.0024888
857	-0.0026603
858	-0.0022340
859	-0.0016822
860	-0.0007174
861	-0.0000611
862	-0.0000000
863	0.0000000
864	0.0000000
865	0.0000000
866	0.0000000
867	0.0000000
868	0.0000000
869	-0.0000000
870	-0.0000013
871	-0.0000124
872	-0.0000731
873	-0.0008240
874	-0.0019623
875	-0.0027852
876	-0.0035101
877	-0.0036966
878	-0.0037879
879	-0.0037254
880	-0.0035158
881	-0.0027703
882	-0.0015715
883	-0.0012695
884	-0.0001843
885	-0.0000178
886	-0.0000029
887	-0.0000022
888	0.0000000
889	0.0000000
890	0.0000000
891	0.0000000
892	0.0000000
893	0.0000000
894	0.0000000
895	0.0000000
896	-0.0001432
897	-0.0010997
898	-0.0024390
899	-0.0030305
900	-0.0036263
901	-0.0038981
902	-0.0041138
903	-0.0039900
904	-0.0026727
905	-0.0015960
906	-0.0013739
907	-0.0008722
908	-0.0000916
909	-0.0000565
910	-0.0000170
911	-0.0000153
912	-0.0000000
913	0.0000000
914	0.0000000
915	0.0000000
916	0.0000000
917	0.0000000
918	0.0000000
919	-0.0000017
920	-0.0000593
921	-0.0000243
922	-0.0001518
923	-0.0006552
924	-0.0000371
925	-0.0000304
926	-0.0003789
927	-0.0012966
928	-0.0019124
929	-0.0024599
930	-0.0020944
931	-0.0013259
932	-0.0003797
933	-0.0000326
934	-0.0000064
935	-0.0000041
936	0.0000000
937	0.0000000
938	0.0000000
939	0.0000000
940	0.0000000
941	0.0000000
942	-0.0000001
943	-0.0000103
944	-0.0002751
945	-0.0016286
946	-0.0022889
947	-0.0029156
948	-0.0033928
949	-0.0034545
950	-0.0035636
951	-0.0035953
952	-0.0033860
953	-0.0029465
954	-0.0023560
955	-0.0012543
956	-0.0004722
957	-0.0000375
958	-0.0000092
959	-0.0000055
960	-0.0000000
961	0.0000000
962	0.0000000
963	0.0000000
964	0.0000000
965	0.0000000
966	-0.0000000
967	-0.0000101
968	-0.0003550
969	-0.0017308
970	-0.0024140
971	-0.0028798
972	-0.0029174
973	-0.0024710
974	-0.0027590
975	-0.0029872
976	-0.0027099
977	-0.0024850
978	-0.0018641
979	-0.0011770
980	-0.0001971
981	-0.0000179
982	-0.0000023
983	-0.0000007
984	0.0000000
985	0.0000000
986	0.0000000
987	0.0000000
988	0.0000000
989	0.0000000
990	0.0000000
991	0.0000000
992	-0.0000001
993	-0.0000969
994	-0.0002617
995	-0.0001639
996	-0.0000991
997	-0.0001482
998	-0.0007707
999	-0.0008188
1000	-0.0003420
1001	-0.0000759
1002	-0.0000136
1003	-0.0000065
1004	-0.0000005
1005	0.0000000
1006	0.0000000
1007	0.0000000
1008	0.0000000
1009	0.0000000
1010	0.0000000
1011	0.0000000
1012	0.0000000
1013	0.0000000
1014	0.0000000
1015	-0.0000042
1016	-0.0000527
1017	-0.0003708
1018	-0.0016675
1019	-0.0021686
1020	-0.0028008
1021	-0.0028238
1022	-0.0027809
1023	-0.0029081
1024	-0.0025096
1025	-0.0015690
1026	-0.0007861
1027	-0.0002600
1028	-0.0001017
1029	-0.0000044
1030	0.0000000
1031	0.0000000
1032	0.0000000
1033	0.0000000
1034	0.0000000
1035	0.0000000
1036	0.0000000
1037	0.0000000
1038	0.0000000
1039	-0.0000009
1040	-0.0000956
1041	-0.0006297
1042	-0.0018109
1043	-0.0026202
1044	-0.0008784
1045	-0.0025787
1046	-0.0024303
1047	-0.0022357
1048	-0.0015150
1049	-0.0015629
1050	-0.0012070
1051	-0.0004531
1052	-0.0000983
1053	-0.0000005
1054	-0.0000000
1055	-0.0000001
1056	0.0000000
1057	0.0000000
1058	0.0000000
1059	0.0000000
1060	0.0000000
1061	0.0000000
1062	-0.0000001
1063	-0.0000205
1064	-0.0001799
1065	-0.0007114
1066	-0.0020928
1067	-0.0027379
1068	-0.0029164
1069	-0.0033376
1070	-0.0034535
1071	-0.0034131
1072	-0.0032587
1073	-0.0027796
1074	-0.0021652
1075	-0.0011912
1076	-0.0003715
1077	-0.0000250
1078	-0.0000011
1079	0.0000000
1080	0.0000000
1081	0.0000000
1082	0.0000000
1083	0.0000000
1084	0.0000000
1085	0.0000000
1086	0.0000000
1087	-0.0000033
1088	-0.0001332
1089	-0.0003274
1090	-0.0005306
1091	-0.0008418
1092	-0.0006627
1093	-0.0012634
1094	-0.0014796
1095	-0.0011256
1096	-0.0010334
1097	-0.0004658
1098	-0.0000258
1099	-0.0000026
1100	0.0000000
1101	0.0000000
1102	0.0000000
1103	0.0000000
1104	0.0000000
1105	0.0000000
1106	0.0000000
1107	0.0000000
1108	0.0000000
1109	0.0000000
1110	-0.0000000
1111	-0.0000072
1112	-0.0000733
1113	-0.0002278
1114	-0.0003580
1115	-0.0007942
1116	-0.0010461
1117	-0.0007480
1118	-0.0012236
1119	-0.0023856
1120	-0.0024932
1121	-0.0019037
1122	-0.0010065
1123	-0.0006564
1124	-0.0000305
1125	-0.0000160
1126	-0.0000000
1127	0.0000000
1128	0.0000000
1129	0.0000000
1130	0.0000000
1131	0.0000000
1132	0.0000000
1133	0.0000000
1134	0.0000000
1135	-0.0000016
1136	-0.0000201
1137	-0.0004728
1138	-0.0011611
1139	-0.0011357
1140	-0.0005621
1141	-0.0011341
1142	-0.0012731
1143	-0.0010175
1144	-0.0011675
1145	-0.0000227
1146	-0.0000341
1147	-0.0000321
1148	-0.0000020
1149	0.0000000
1150	0.0000000
1151	-0.0000004
1152	0.0000000
1153	0.0000000
1154	0.0000000
1155	0.0000000
1156	0.0000000
1157	0.0000000
1158	0.0000000
1159	-0.0000095
1160	-0.0001128
1161	-0.0005659
1162	-0.0015790
1163	-0.0025761
1164	-0.0030677
1165	-0.0034199
1166	-0.0034979
1167	-0.0033316
1168	-0.0031797
1169	-0.0027324
1170	-0.0020514
1171	-0.0012282
1172	-0.0003453
1173	-0.0000029
1174	0.0000000
1175	0.0000000
1176	0.0000000
1177	0.0000000
1178	0.0000000
1179	0.0000000
1180	0.0000000
1181	0.0000000
1182	0.0000000
1183	-0.0000005
1184	-0.0001112
1185	-0.0008921
1186	-0.0022376
1187	-0.0029335
1188	-0.0035225
1189	-0.0037586
1190	-0.0040526
1191	-0.0039696
1192	-0.0035807
1193	-0.0029605
1194	-0.0019114
1195	-0.0009840
1196	-0.0003031
1197	-0.0000221
1198	-0.0000038
1199	-0.0000000
1200	0.0000000
1201	0.0000000
1202	0.0000000
1203	0.0000000
1204	0.0000000
1205	-0.0000000
1206	-0.0000005
1207	-0.0000261
1208	-0.0004271
1209	-0.0015755
1210	-0.0023271
1211	-0.0030173
1212	-0.0035125
1213	-0.0039162
1214	-0.0040999
1215	-0.0037272
1216	-0.0034967
1217	-0.0021792
1218	-0.0013800
1219	-0.0010519
1220	-0.0003875
1221	-0.0000178
1222	-0.0000167
1223	-0.0000157
1224	-0.0000000
1225	0.0000000
1226	0.0000000
1227	0.0000000
1228	0.0000000
1229	0.0000000
1230	-0.0000002
1231	-0.0000184
1232	-0.0000669
1233	-0.0003080
1234	-0.0004133
1235	-0.0018635
1236	-0.0026929
1237	-0.0024655
1238	-0.0034377
1239	-0.0033197
1240	-0.0031467
1241	-0.0025736
1242	-0.0020901
1243	-0.0013746
1244	-0.0004256
1245	-0.0000282
1246	-0.0000071
1247	0.0000000
1248	0.0000000
1249	0.0000000
1250	0.0000000
1251	0.0000000
1252	0.0000000
1253	0.0000000
1254	0.0000000
1255	-0.0000009
1256	-0.0001498
1257	-0.0010189
1258	-0.0020841
1259	-0.0026502
1260	-0.0030907
1261	-0.0032630
1262	-0.0030617
1263	-0.0031386
1264	-0.0030437
1265	-0.0026768
1266	-0.0020488
1267	-0.0010774
1268	-0.0001995
1269	-0.0000081
1270	-0.0000081
1271	-0.0000078
1272	0.0000000
1273	0.0000000
1274	0.0000000
1275	0.0000000
1276	0.0000000
1277	0.0000000
1278	0.0000000
1279	-0.0000002
1280	-0.0001790
1281	-0.0008268
1282	-0.0018121
1283	-0.0023789
1284	-0.0026720
1285	-0.0025638
1286	-0.0025846
1287	-0.0022131
1288	-0.0025504
1289	-0.0020926
1290	-0.0017931
1291	-0.0008978
1292	-0.0002079
1293	-0.0000070
1294	-0.0000042
1295	-0.0000036
1296	0.0000000
1297	0.0000000
1298	0.0000000
1299	0.0000000
1300	0.0000000
1301	0.0000000
1302	-0.0000000
1303	-0.0000000
1304	-0.0000002
1305	-0.0001263
1306	-0.0003776
1307	-0.0006408
1308	-0.0012088
1309	-0.0006691
1310	-0.0003260
1311	-0.0004886
1312	-0.0004673
1313	-0.0004720
1314	-0.0004720
1315	-0.0001411
1316	-0.0000564
1317	-0.0000000
1318	0.0000000
1319	0.0000000
1320	0.0000000
1321	0.0000000
1322	0.0000000
1323	0.0000000
1324	0.0000000
1325	0.0000000
1326	-0.0000000
1327	-0.0000028
1328	-0.0000481
1329	-0.0005102
1330	-0.0009882
1331	-0.0019123
1332	-0.0018468
1333	-0.0022934
1334	-0.0017471
1335	-0.0003267
1336	-0.0007911
1337	-0.0019105
1338	-0.0012147
1339	-0.0005967
1340	-0.0000907
1341	-0.0000012
1342	0.0000000
1343	0.0000000
1344	0.0000000
1345	0.0000000
1346	0.0000000
1347	0.0000000
1348	0.0000000
1349	0.0000000
1350	-0.0000009
1351	-0.0000178
1352	-0.0000034
1353	-0.0000121
1354	-0.0000830
1355	-0.0002916
1356	-0.0001790
1357	-0.0000082
1358	0.0000000
1359	0.0000000
1360	-0.0000412
1361	-0.0002804
1362	-0.0007134
1363	-0.0003802
1364	-0.0000217
1365	-0.0000017
1366	-0.0000020
1367	0.0000000
1368	0.0000000
1369	0.0000000
1370	0.0000000
1371	0.0000000
1372	0.0000000
1373	-0.0000000
1374	-0.0000007
1375	-0.0000214
1376	-0.0000613
1377	-0.0002770
1378	-0.0011042
1379	-0.0019762
1380	-0.0014482
1381	-0.0021404
1382	-0.0008970
1383	-0.0022239
1384	-0.0026252
1385	-0.0024644
1386	-0.0017583
1387	-0.0008489
1388	-0.0000177
1389	0.0000000
1390	0.0000000
1391	0.0000000
1392	0.0000000
1393	0.0000000
1394	0.0000000
1395	0.0000000
1396	0.0000000
1397	-0.0000000
1398	-0.0000002
1399	-0.0000247
1400	-0.0001915
1401	-0.0012658
1402	-0.0022633
1403	-0.0030814
1404	-0.0032388
1405	-0.0032476
1406	-0.0024634
1407	-0.0028130
1408	-0.0028549
1409	-0.0026211
1410	-0.0019070
1411	-0.0010300
1412	-0.0002069
1413	-0.0000068
1414	-0.0000025
1415	0.0000000
1416	0.0000000
1417	0.0000000
1418	0.0000000
1419	0.0000000
1420	0.0000000
1421	0.0000000
1422	-0.0000000
1423	-0.0000080
1424	-0.0002965
1425	-0.0014231
1426	-0.0021186
1427	-0.0025166
1428	-0.0026348
1429	-0.0026029
1430	-0.0026845
1431	-0.0000020
1432	0.0000000
1433	-0.0002819
1434	-0.0017090
1435	-0.0011903
1436	-0.0003126
1437	-0.0000095
1438	-0.0000074
1439	-0.0000068
1440	0.0000000
1441	0.0000000
1442	0.0000000
1443	0.0000000
1444	0.0000000
1445	0.0000000
1446	-0.0000000
1447	-0.0000024
1448	-0.0000934
1449	-0.0007034
1450	-0.0019878
1451	-0.0023607
1452	-0.0026348
1453	-0.0025391
1454	-0.0028434
1455	-0.0027377
1456	-0.0024795
1457	-0.0021854
1458	-0.0017458
1459	-0.0010867
1460	-0.0002098
1461	-0.0000085
1462	-0.0000058
1463	-0.0000047
1464	0.0000000
1465	0.0000000
1466	0.0000000
1467	0.0000000
1468	0.0000000
1469	0.0000000
1470	-0.0000000
1471	-0.0000023
1472	-0.0001041
1473	-0.0006639
1474	-0.0017167
1475	-0.0021903
1476	-0.0026957
1477	-0.0030605
1478	-0.0031620
1479	-0.0032681
1480	-0.0026779
1481	-0.0017860
1482	-0.0015033
1483	-0.0005067
1484	-0.0000687
1485	-0.0000043
1486	-0.0000064
1487	-0.0000000
1488	0.0000000
1489	0.0000000
1490	0.0000000
1491	0.0000000
1492	0.0000000
1493	0.0000000
1494	0.0000000
1495	0.0000000
1496	0.0000000
1497	-0.0000198
1498	-0.0004498
1499	-0.0016047
1500	-0.0016825
1501	-0.0026759
1502	-0.0032456
1503	-0.0030471
1504	-0.0028007
1505	-0.0023463
1506	-0.0016532
1507	-0.0006713
1508	-0.0000735
1509	-0.0000005
1510	0.0000000
1511	0.0000000
1512	0.0000000
1513	0.0000000
1514	0.0000000
1515	0.0000000
1516	0.0000000
1517	0.0000000
1518	0.0000000
1519	-0.0000001
1520	-0.0000003
1521	0.0000000
1522	0.0000000
1523	0.0000000
1524	-0.0000214
1525	-0.0008681
1526	-0.0025100
1527	-0.0027010
1528	-0.0021202
1529	-0.0019087
1530	-0.0013681
1531	-0.0006280
1532	-0.0000701
1533	-0.0000010
1534	0.0000000
1535	0.0000000
1536	0.0000000
1537	0.0000000
1538	0.0000000
1539	0.0000000
1540	0.0000000
1541	0.0000000
1542	-0.0000000
1543	-0.0000085
1544	-0.0001148
1545	-0.0005830
1546	-0.0017485
1547	-0.0025621
1548	-0.0031203
1549	-0.0034472
1550	-0.0034336
1551	-0.0032766
1552	-0.0028287
1553	-0.0019202
1554	-0.0009338
1555	-0.0003248
1556	-0.0000095
1557	-0.0000022
1558	0.0000000
1559	0.0000000
1560	0.0000000
1561	0.0000000
1562	0.0000000
1563	0.0000000
1564	0.0000000
1565	0.0000000
1566	0.0000000
1567	-0.0000079
1568	-0.0001467
1569	-0.0006735
1570	-0.0016921
1571	-0.0025845
1572	-0.0018905
1573	-0.0010491
1574	-0.0010549
1575	-0.0009401
1576	-0.0006875
1577	-0.0003802
1578	-0.0001912
1579	-0.0000782
1580	-0.0000013
1581	-0.0000000
1582	-0.0000001
1583	0.0000000
1584	0.0000000
1585	0.0000000
1586	0.0000000
1587	0.0000000
1588	0.0000000
1589	0.0000000
1590	-0.0000000
1591	-0.0000098
1592	-0.0000648
1593	-0.0003037
1594	-0.0012259
1595	-0.0023853
1596	-0.0030117
1597	-0.0033291
1598	-0.0034277
1599	-0.0031909
1600	-0.0026969
1601	-0.0025764
1602	-0.0014865
1603	-0.0005761
1604	-0.0000983
1605	-0.0000019
1606	-0.0000000
1607	0.0000000
1608	0.0000000
1609	0.0000000
1610	0.0000000
1611	0.0000000
1612	0.0000000
1613	0.0000000
1614	-0.0000000
1615	-0.0000021
1616	-0.0002072
1617	-0.0010199
1618	-0.0019428
1619	-0.0026038
1620	-0.0031077
1621	-0.0033653
1622	-0.0021875
1623	-0.0018952
1624	-0.0025442
1625	-0.0021423
1626	-0.0014153
1627	-0.0007053
1628	-0.0000636
1629	-0.0000093
1630	-0.0000071
1631	-0.0000045
1632	-0.0000000
1633	0.0000000
1634	0.0000000
1635	0.0000000
1636	0.0000000
1637	0.0000000
1638	0.0000000
1639	0.0000000
1640	-0.0000043
1641	-0.0000003
1642	0.0000000
1643	-0.0001750
1644	-0.0017631
1645	-0.0028882
1646	-0.0030402
1647	-0.0027562
1648	-0.0029034
1649	-0.0025300
1650	-0.0017907
1651	-0.0007508
1652	-0.0001423
1653	-0.0000028
1654	-0.0000017
1655	-0.0000003
1656	0.0000000
1657	0.0000000
1658	0.0000000
1659	0.0000000
1660	0.0000000
1661	0.0000000
1662	0.0000000
1663	-0.0000002
1664	-0.0000632
1665	-0.0009261
1666	-0.0020766
1667	-0.0024586
1668	-0.0030901
1669	-0.0031580
1670	-0.0031571
1671	-0.0021694
1672	-0.0017564
1673	-0.0014149
1674	-0.0011113
1675	-0.0005805
1676	-0.0000705
1677	-0.0000093
1678	-0.0000006
1679	0.0000000
1680	0.0000000
1681	0.0000000
1682	0.0000000
1683	0.0000000
1684	0.0000000
1685	0.0000000
1686	-0.0000000
1687	-0.0000270
1688	-0.0006289
1689	-0.0012704
1690	-0.0016562
1691	-0.0016819
1692	-0.0020398
1693	-0.0018713
1694	-0.0021505
1695	-0.0024273
1696	-0.0020320
1697	-0.0022216
1698	-0.0017287
1699	-0.0000145
1700	0.0000000
1701	0.0000000
1702	0.0000000
1703	0.0000000
1704	0.0000000
1705	0.0000000
1706	0.0000000
1707	0.0000000
1708	0.0000000
1709	-0.0000000
1710	-0.0000001
1711	-0.0000123
1712	-0.0002866
1713	-0.0013748
1714	-0.0019205
1715	-0.0021380
1716	-0.0021988
1717	-0.0020382
1718	-0.0021994
1719	-0.0020504
1720	-0.0017317
1721	-0.0017001
1722	-0.0013470
1723	-0.0004281
1724	-0.0000813
1725	-0.0000046
1726	-0.0000043
1727	-0.0000047
1728	-0.0000000
1729	0.0000000
1730	0.0000000
1731	0.0000000
1732	0.0000000
1733	0.0000000
1734	-0.0000000
1735	-0.0000030
1736	-0.0000852
1737	-0.0008748
1738	-0.0017341
1739	-0.0022320
1740	-0.0026559
1741	-0.0028758
1742	-0.0030468
1743	-0.0027293
1744	-0.0021864
1745	-0.0018504
1746	-0.0012808
1747	-0.0003005
1748	-0.0000211
1749	-0.0000016
1750	-0.0000015
1751	-0.0000014
1752	0.0000000
1753	0.0000000
1754	0.0000000
1755	0.0000000
1756	0.0000000
1757	0.0000000
1758	0.0000000
1759	0.0000000
1760	-0.0000009
1761	-0.0000183
1762	-0.0001516
1763	-0.0011173
1764	-0.0021141
1765	-0.0025182
1766	-0.0026919
1767	-0.0026422
1768	-0.0023723
1769	-0.0019634
1770	-0.0010450
1771	-0.0002437
1772	-0.0000606
1773	-0.0000017
1774	-0.0000000
1775	-0.0000010
1776	0.0000000
1777	0.0000000
1778	0.0000000
1779	0.0000000
1780	0.0000000
1781	0.0000000
1782	0.0000000
1783	-0.0000012
1784	-0.0000218
1785	-0.0000860
1786	-0.0000008
1787	-0.0000016
1788	-0.0003119
1789	-0.0014212
1790	-0.0018243
1791	-0.0017556
1792	-0.0010743
1793	-0.0013593
1794	-0.0008473
1795	-0.0001477
1796	-0.0000044
1797	-0.0000000
1798	0.0000000
1799	0.0000000
1800	0.0000000
1801	0.0000000
1802	0.0000000
1803	0.0000000
1804	0.0000000
1805	0.0000000
1806	0.0000000
1807	-0.0000001
1808	-0.0000081
1809	-0.0001081
1810	-0.0002931
1811	-0.0005538
1812	-0.0006828
1813	-0.0002237
1814	-0.0002263
1815	-0.0006087
1816	-0.0010413
1817	-0.0012839
1818	-0.0008004
1819	-0.0001876
1820	-0.0000163
1821	-0.0000038
1822	-0.0000028
1823	0.0000000
1824	0.0000000
1825	0.0000000
1826	0.0000000
1827	0.0000000
1828	0.0000000
1829	-0.0000000
1830	-0.0000000
1831	-0.0000029
1832	-0.0000419
1833	-0.0002535
1834	-0.0006467
1835	-0.0014279
1836	-0.0020166
1837	-0.0023944
1838	-0.0025797
1839	-0.0026378
1840	-0.0023274
1841	-0.0016643
1842	-0.0006654
1843	-0.0001709
1844	-0.0000222
1845	-0.0000040
1846	-0.0000044
1847	-0.0000030
1848	0.0000000
1849	0.0000000
1850	0.0000000
1851	0.0000000
1852	0.0000000
1853	0.0000000
1854	0.0000000
1855	-0.0000004
1856	-0.0000383
1857	-0.0001452
1858	-0.0003942
1859	-0.0008298
1860	-0.0008275
1861	-0.0008348
1862	-0.0009066
1863	-0.0008602
1864	-0.0008563
1865	-0.0007311
1866	-0.0003991
1867	-0.0001360
1868	-0.0000136
1869	-0.0000037
1870	-0.0000046
1871	-0.0000048
1872	0.0000000
1873	0.0000000
1874	0.0000000
1875	0.0000000
1876	0.0000000
1877	0.0000000
1878	0.0000000
1879	-0.0000005
1880	-0.0000105
1881	-0.0001481
1882	-0.0006887
1883	-0.0015481
1884	-0.0015954
1885	-0.0019605
1886	-0.0024601
1887	-0.0026302
1888	-0.0020040
1889	-0.0019521
1890	-0.0011267
1891	-0.0002261
1892	-0.0000107
1893	-0.0000010
1894	-0.0000064
1895	-0.0000000
1896	0.0000000
1897	0.0000000
1898	0.0000000
1899	0.0000000
1900	0.0000000
1901	-0.0000000
1902	-0.0000000
1903	-0.0000138
1904	-0.0002299
1905	-0.0008539
1906	-0.0013564
1907	-0.0015821
1908	-0.0016596
1909	-0.0017134
1910	-0.0019296
1911	-0.0013511
1912	-0.0012221
1913	-0.0010644
1914	-0.0008837
1915	-0.0002835
1916	-0.0000303
1917	-0.0000071
1918	-0.0000050
1919	-0.0000034
1920	0.0000000
1921	0.0000000
1922	0.0000000
1923	0.0000000
1924	0.0000000
1925	0.0000000
1926	0.0000000
1927	-0.0000000
1928	-0.0000110
1929	-0.0003903
1930	-0.0013500
1931	-0.0017204
1932	-0.0017240
1933	-0.0023353
1934	-0.0025886
1935	-0.0025460
1936	-0.0022627
1937	-0.0019129
1938	-0.0011428
1939	-0.0003783
1940	-0.0000698
1941	-0.0000055
1942	-0.0000047
1943	-0.0000019
1944	0.0000000
1945	0.0000000
1946	0.0000000
1947	0.0000000
1948	0.0000000
1949	0.0000000
1950	-0.0000000
1951	-0.0000022
1952	-0.0000551
1953	-0.0007952
1954	-0.0016552
1955	-0.0021819
1956	-0.0024865
1957	-0.0028992
1958	-0.0030957
1959	-0.0030379
1960	-0.0027789
1961	-0.0022631
1962	-0.0014081
1963	-0.0004134
1964	-0.0000411
1965	-0.0000046
1966	-0.0000065
1967	-0.0000000
1968	0.0000000
1969	0.0000000
1970	0.0000000
1971	0.0000000
1972	0.0000000
1973	-0.0000000
1974	-0.0000001
1975	-0.0000081
1976	-0.0002004
1977	-0.0012641
1978	-0.0021093
1979	-0.0028346
1980	-0.0034216
1981	-0.0035792
1982	-0.0036260
1983	-0.0035024
1984	-0.0032318
1985	-0.0025080
1986	-0.0015373
1987	-0.0005634
1988	-0.0000346
1989	-0.0000043
1990	-0.0000001
