TIME_UNITS h
DATA_UNITS kg/s
0	-0.0000023
1	-0.0000059
2	-0.0000071
3	-0.0000034
4	-0.0000022
5	-0.0000009
6	-0.0000106
7	-0.0001423
8	-0.0008704
9	-0.0018032
10	-0.0028748
11	-0.0039783
12	-0.0043929
13	-0.0047135
14	-0.0050280
15	-0.0051402
16	-0.0050249
17	-0.0045442
18	-0.0037113
19	-0.0023465
20	-0.0008115
21	-0.0000913
22	-0.0000089
23	-0.0000041
24	-0.0000046
25	-0.0000033
26	-0.0000014
27	-0.0000014
28	0.0000000
29	0.0000000
30	0.0000000
31	0.0000000
32	-0.0006491
33	-0.0021010
34	-0.0036902
35	-0.0048693
36	-0.0053716
37	-0.0056285
38	-0.0051013
39	-0.0040538
40	-0.0034733
41	-0.0014614
42	-0.0007012
43	-0.0005132
44	-0.0001331
45	-0.0000005
46	0.0000000
47	0.0000000
48	0.0000000
49	0.0000000
50	0.0000000
51	0.0000000
52	0.0000000
53	0.0000000
54	0.0000000
55	0.0000000
56	0.0000000
57	-0.0000001
58	-0.0000350
59	-0.0004832
60	-0.0032120
61	-0.0034484
62	-0.0049935
63	-0.0049683
64	-0.0000042
65	0.0000000
66	-0.0000871
67	-0.0003927
68	-0.0001273
69	-0.0000045
70	-0.0000001
71	-0.0000034
72	-0.0000021
73	-0.0000026
74	-0.0000007
75	-0.0000002
76	-0.0000023
77	-0.0000021
78	-0.0000616
79	-0.0004855
80	-0.0005174
81	-0.0009765
82	-0.0016692
83	-0.0021243
84	-0.0022701
85	-0.0032025
86	-0.0039779
87	-0.0041838
88	-0.0033638
89	-0.0032398
90	-0.0023476
91	-0.0010430
92	-0.0003449
93	-0.0000293
94	-0.0000055
95	0.0000000
96	0.0000000
97	0.0000000
98	0.0000000
99	0.0000000
100	0.0000000
101	0.0000000
102	0.0000000
103	-0.0000916
104	-0.0008490
105	-0.0026628
106	-0.0038918
107	-0.0051544
108	-0.0049108
109	-0.0043630
110	-0.0031139
111	-0.0000127
112	0.0000000
113	-0.0000260
114	-0.0001748
115	-0.0000004
116	-0.0000000
117	0.0000000
118	0.0000000
119	0.0000000
120	0.0000000
121	-0.0000000
122	0.0000000
123	-0.0000001
124	-0.0000006
125	-0.0000004
126	-0.0000029
127	0.0000000
128	-0.0000355
129	-0.0002535
130	-0.0005309
131	-0.0007486
132	-0.0010413
133	-0.0010346
134	-0.0009198
135	-0.0008584
136	-0.0014432
137	-0.0017963
138	-0.0016177
139	-0.0011905
140	-0.0002142
141	-0.0000060
142	0.0000000
143	0.0000000
144	0.0000000
145	0.0000000
146	-0.0000000
147	-0.0000001
148	-0.0000002
149	0.0000000
150	-0.0000008
151	-0.0001228
152	-0.0005338
153	-0.0024983
154	-0.0043725
155	-0.0048367
156	-0.0064059
157	-0.0042416
158	-0.0045427
159	-0.0037842
160	-0.0024303
161	-0.0021859
162	-0.0019997
163	-0.0009258
164	-0.0003596
165	-0.0000625
166	-0.0000134
167	-0.0000103
168	0.0000000
169	0.0000000
170	0.0000000
171	0.0000000
172	-0.0000000
173	-0.0000001
174	-0.0000156
175	-0.0001128
176	-0.0004146
177	-0.0007951
178	-0.0008641
179	-0.0016894
180	-0.0031578
181	-0.0035001
182	-0.0034085
183	-0.0028944
184	-0.0011370
185	-0.0013621
186	-0.0017242
187	-0.0012399
188	-0.0002491
189	-0.0000008
190	0.0000000
191	0.0000000
192	0.0000000
193	0.0000000
194	0.0000000
195	0.0000000
196	0.0000000
197	-0.0000000
198	-0.0000003
199	-0.0000575
200	-0.0003205
201	-0.0008937
202	-0.0014166
203	-0.0024013
204	-0.0029212
205	-0.0025241
206	-0.0023966
207	-0.0024939
208	-0.0009218
209	-0.0015264
210	-0.0012733
211	-0.0000184
212	-0.0000012
213	-0.0000000
214	-0.0000000
215	0.0000000
216	0.0000000
217	0.0000000
218	0.0000000
219	0.0000000
220	0.0000000
221	0.0000000
222	0.0000000
223	-0.0000002
224	-0.0000014
225	-0.0000077
226	-0.0000008
227	-0.0000025
228	-0.0000106
229	-0.0001373
230	-0.0004333
231	-0.0007023
232	-0.0012174
233	-0.0014688
234	-0.0010705
235	-0.0005892
236	-0.0001219
237	0.0000000
238	0.0000000
239	0.0000000
240	0.0000000
241	0.0000000
242	0.0000000
243	0.0000000
244	0.0000000
245	0.0000000
246	0.0000000
247	-0.0000018
248	-0.0005110
249	-0.0020854
250	-0.0040142
251	-0.0050468
252	-0.0059577
253	-0.0066430
254	-0.0068290
255	-0.0066547
256	-0.0057930
257	-0.0052278
258	-0.0041259
259	-0.0025833
260	-0.0006438
261	-0.0000309
262	-0.0000036
263	0.0000000
264	0.0000000
265	0.0000000
266	0.0000000
267	0.0000000
268	0.0000000
269	-0.0000000
270	-0.0000004
271	-0.0000692
272	-0.0008958
273	-0.0016387
274	-0.0024888
275	-0.0043886
276	-0.0067432
277	-0.0070292
278	-0.0070816
279	-0.0073044
280	-0.0063842
281	-0.0058944
282	-0.0043727
283	-0.0020738
284	-0.0005892
285	-0.0001227
286	-0.0000382
287	-0.0000000
288	0.0000000
289	0.0000000
290	0.0000000
291	0.0000000
292	0.0000000
293	-0.0000000
294	-0.0000043
295	-0.0002253
296	-0.0020581
297	-0.0034111
298	-0.0051131
299	-0.0060777
300	-0.0065994
301	-0.0065938
302	-0.0056359
303	-0.0052954
304	-0.0056459
305	-0.0027719
306	-0.0032303
307	-0.0016733
308	-0.0004858
309	-0.0000131
310	0.0000000
311	0.0000000
312	0.0000000
313	0.0000000
314	0.0000000
315	0.0000000
316	0.0000000
317	0.0000000
318	0.0000000
319	-0.0000505
320	-0.0005018
321	-0.0018373
322	-0.0038808
323	-0.0052159
324	-0.0059886
325	-0.0065124
326	-0.0065126
327	-0.0064654
328	-0.0061212
329	-0.0050811
330	-0.0037981
331	-0.0020347
332	-0.0006267
333	-0.0000538
334	0.0000000
335	0.0000000
336	0.0000000
337	0.0000000
338	0.0000000
339	0.0000000
340	0.0000000
341	0.0000000
342	0.0000000
343	-0.0000888
344	-0.0007236
345	-0.0018886
346	-0.0034830
347	-0.0051625
348	-0.0062859
349	-0.0068841
350	-0.0071060
351	-0.0070390
352	-0.0065410
353	-0.0051708
354	-0.0028741
355	-0.0019546
356	-0.0005610
357	-0.0000609
358	-0.0000150
359	-0.0000001
360	0.0000000
361	0.0000000
362	0.0000000
363	0.0000000
364	0.0000000
365	0.0000000
366	0.0000000
367	0.0000000
368	0.0000000
369	-0.0000192
370	-0.0003080
371	-0.0019431
372	-0.0022342
373	-0.0022007
374	-0.0015883
375	-0.0028014
376	-0.0033321
377	-0.0036409
378	-0.0031118
379	-0.0017714
380	-0.0004048
381	-0.0000230
382	-0.0000038
383	-0.0000000
384	0.0000000
385	0.0000000
386	0.0000000
387	0.0000000
388	0.0000000
389	0.0000000
390	0.0000000
391	-0.0000351
392	-0.0002520
393	-0.0001205
394	-0.0001574
395	-0.0003447
396	-0.0008121
397	-0.0008054
398	-0.0002635
399	-0.0003258
400	-0.0013615
401	-0.0038669
402	-0.0033779
403	-0.0022207
404	-0.0005212
405	-0.0000201
406	-0.0000108
407	-0.0000008
408	0.0000000
409	0.0000000
410	0.0000000
411	0.0000000
412	0.0000000
413	0.0000000
414	0.0000000
415	-0.0000176
416	-0.0003063
417	-0.0009845
418	-0.0014951
419	-0.0019432
420	-0.0021952
421	-0.0025976
422	-0.0028796
423	-0.0036510
424	-0.0042207
425	-0.0037804
426	-0.0029139
427	-0.0021404
428	-0.0008168
429	-0.0000243
430	-0.0000029
431	-0.0000011
432	0.0000000
433	0.0000000
434	0.0000000
435	0.0000000
436	0.0000000
437	0.0000000
438	0.0000000
439	-0.0000010
440	-0.0000036
441	-0.0000292
442	-0.0000232
443	-0.0000001
444	0.0000000
445	0.0000000
446	-0.0006389
447	-0.0038221
448	-0.0016323
449	-0.0000035
450	0.0000000
451	0.0000000
452	0.0000000
453	-0.0000001
454	-0.0000001
455	-0.0000007
456	-0.0000016
457	0.0000000
458	0.0000000
459	0.0000000
460	0.0000000
461	0.0000000
462	-0.0000010
463	-0.0000370
464	-0.0001742
465	-0.0004447
466	-0.0010071
467	-0.0015898
468	-0.0014292
469	-0.0013679
470	-0.0020020
471	-0.0010396
472	-0.0025662
473	-0.0026846
474	-0.0023439
475	-0.0014782
476	-0.0002138
477	-0.0000001
478	0.0000000
479	-0.0000037
480	0.0000000
481	0.0000000
482	0.0000000
483	0.0000000
484	0.0000000
485	0.0000000
486	-0.0000011
487	-0.0000130
488	-0.0000208
489	-0.0000024
490	-0.0000193
491	-0.0003484
492	-0.0006207
493	-0.0015738
494	-0.0021405
495	-0.0021721
496	-0.0027343
497	-0.0028067
498	-0.0026132
499	-0.0018390
500	-0.0009227
501	-0.0000815
502	-0.0000013
503	-0.0000031
504	-0.0000087
505	-0.0000035
506	-0.0000087
507	-0.0000160
508	-0.0000202
509	-0.0000174
510	-0.0003003
511	-0.0005611
512	-0.0010478
513	-0.0000110
514	0.0000000
515	-0.0002104
516	-0.0011999
517	-0.0026635
518	-0.0034291
519	-0.0034080
520	-0.0031143
521	-0.0030374
522	-0.0030988
523	-0.0024295
524	-0.0012508
525	-0.0001267
526	-0.0000092
527	-0.0000000
528	0.0000000
529	0.0000000
530	0.0000000
531	0.0000000
532	0.0000000
533	0.0000000
534	-0.0000004
535	-0.0000089
536	-0.0003994
537	-0.0019560
538	-0.0025153
539	-0.0028052
540	-0.0024157
541	-0.0034090
542	-0.0040212
543	-0.0039596
544	-0.0034718
545	-0.0030494
546	-0.0027313
547	-0.0020894
548	-0.0010282
549	-0.0001355
550	-0.0000123
551	-0.0000000
552	0.0000000
553	0.0000000
554	0.0000000
555	0.0000000
556	0.0000000
557	0.0000000
558	-0.0000000
559	-0.0000115
560	-0.0005213
561	-0.0022312
562	-0.0031468
563	-0.0030982
564	-0.0035526
565	-0.0044645
566	-0.0048143
567	-0.0050508
568	-0.0049557
569	-0.0044733
570	-0.0037342
571	-0.0026903
572	-0.0009801
573	-0.0001989
574	-0.0000000
575	0.0000000
576	0.0000000
577	0.0000000
578	0.0000000
579	0.0000000
580	-0.0000000
581	-0.0000000
582	-0.0000007
583	-0.0000315
584	-0.0005766
585	-0.0025999
586	-0.0039836
587	-0.0050847
588	-0.0060332
589	-0.0063968
590	-0.0064036
591	-0.0063116
592	-0.0054251
593	-0.0049060
594	-0.0038586
595	-0.0028223
596	-0.0006942
597	-0.0000673
598	-0.0000131
599	0.0000000
600	0.0000000
601	0.0000000
602	0.0000000
603	0.0000000
604	0.0000000
605	-0.0000000
606	-0.0000049
607	-0.0001364
608	-0.0014388
609	-0.0038934
610	-0.0051976
611	-0.0061971
612	-0.0069540
613	-0.0074803
614	-0.0078153
615	-0.0077788
616	-0.0074400
617	-0.0062827
618	-0.0043317
619	-0.0023382
620	-0.0007251
621	-0.0001503
622	-0.0000241
623	-0.0000334
624	-0.0000000
625	0.0000000
626	0.0000000
627	0.0000000
628	0.0000000
629	0.0000000
630	-0.0000014
631	-0.0000726
632	-0.0019479
633	-0.0045139
634	-0.0057681
635	-0.0069568
636	-0.0075995
637	-0.0079589
638	-0.0080174
639	-0.0081881
640	-0.0080513
641	-0.0069118
642	-0.0044006
643	-0.0026142
644	-0.0009383
645	-0.0001994
646	-0.0000430
647	-0.0000488
648	-0.0000000
649	0.0000000
650	0.0000000
651	0.0000000
652	0.0000000
653	-0.0000001
654	-0.0000041
655	-0.0001994
656	-0.0021089
657	-0.0047442
658	-0.0062622
659	-0.0068391
660	-0.0078066
661	-0.0087650
662	-0.0088262
663	-0.0085253
664	-0.0087878
665	-0.0075498
666	-0.0054045
667	-0.0036775
668	-0.0011116
669	-0.0001352
670	-0.0000440
671	-0.0000314
672	-0.0000000
673	0.0000000
674	0.0000000
675	0.0000000
676	0.0000000
677	0.0000000
678	0.0000000
679	-0.0000019
680	-0.0000015
681	-0.0000029
682	-0.0001332
683	-0.0011052
684	-0.0001246
685	-0.0003406
686	-0.0012293
687	-0.0021556
688	-0.0031355
689	-0.0023346
690	-0.0014253
691	-0.0005860
692	-0.0000615
693	-0.0000360
694	-0.0000000
695	0.0000000
696	0.0000000
697	0.0000000
698	0.0000000
699	0.0000000
700	-0.0000001
701	-0.0000002
702	-0.0000005
703	-0.0000020
704	-0.0004493
705	-0.0014220
706	-0.0014996
707	-0.0033656
708	-0.0038560
709	-0.0043987
710	-0.0033391
711	-0.0038098
712	-0.0049473
713	-0.0043091
714	-0.0032688
715	-0.0011199
716	-0.0001462
717	-0.0000178
718	-0.0000076
719	0.0000000
720	0.0000000
721	0.0000000
722	0.0000000
723	0.0000000
724	0.0000000
725	0.0000000
726	-0.0000011
727	-0.0000452
728	-0.0006121
729	-0.0013101
730	-0.0023581
731	-0.0050772
732	-0.0063447
733	-0.0065061
734	-0.0047488
735	-0.0048722
736	-0.0066108
737	-0.0052400
738	-0.0038583
739	-0.0019134
740	-0.0002489
741	-0.0000406
742	-0.0000103
743	0.0000000
744	0.0000000
745	0.0000000
746	0.0000000
747	0.0000000
748	0.0000000
749	-0.0000001
750	-0.0000007
751	-0.0000116
752	-0.0000468
753	-0.0000042
754	-0.0000046
755	-0.0007618
756	-0.0021398
757	-0.0034184
758	-0.0039212
759	-0.0047558
760	-0.0048794
761	-0.0052973
762	-0.0040002
763	-0.0024909
764	-0.0008507
765	-0.0000261
766	-0.0000123
767	0.0000000
768	0.0000000
769	0.0000000
770	0.0000000
771	0.0000000
772	0.0000000
773	0.0000000
774	0.0000000
775	-0.0000082
776	-0.0003811
777	-0.0013153
778	-0.0032701
779	-0.0049584
780	-0.0063336
781	-0.0062416
782	-0.0063617
783	-0.0065642
784	-0.0062652
785	-0.0060904
786	-0.0046208
787	-0.0027625
788	-0.0006412
789	-0.0001366
790	-0.0000173
791	0.0000000
792	0.0000000
793	0.0000000
794	0.0000000
795	0.0000000
796	0.0000000
797	0.0000000
798	0.0000000
799	-0.0000001
800	-0.0005452
801	-0.0025375
802	-0.0048035
803	-0.0062659
804	-0.0073800
805	-0.0077405
806	-0.0079850
807	-0.0078199
808	-0.0072874
809	-0.0061497
810	-0.0043311
811	-0.0016349
812	-0.0000392
813	-0.0000169
814	-0.0000167
815	-0.0000158
816	0.0000000
817	0.0000000
818	0.0000000
819	0.0000000
820	0.0000000
821	0.0000000
822	-0.0000004
823	-0.0000500
824	-0.0008569
825	-0.0039422
826	-0.0053595
827	-0.0064723
828	-0.0075171
829	-0.0082688
830	-0.0084848
831	-0.0082176
832	-0.0069851
833	-0.0049958
834	-0.0027868
835	-0.0011173
836	-0.0005601
837	-0.0000297
838	-0.0000071
839	-0.0000002
840	0.0000000
841	0.0000000
842	0.0000000
843	0.0000000
844	0.0000000
845	0.0000000
846	0.0000000
847	-0.0000696
848	-0.0003586
849	-0.0011650
850	-0.0033339
851	-0.0049883
852	-0.0059151
853	-0.0054994
854	-0.0050787
855	-0.0044190
856	-0.0050226
857	-0.0053688
858	-0.0045084
859	-0.0033948
860	-0.0014477
861	-0.0001232
862	-0.0000000
863	0.0000000
864	0.0000000
865	0.0000000
866	0.0000000
867	0.0000000
868	0.0000000
869	-0.0000000
870	-0.0000026
871	-0.0000250
872	-0.0001475
873	-0.0016628
874	-0.0039602
875	-0.0056209
876	-0.0070838
877	-0.0074601
878	-0.0076444
879	-0.0075182
880	-0.0070953
881	-0.0055908
882	-0.0031714
883	-0.0025619
884	-0.0003719
885	-0.0000360
886	-0.0000059
887	-0.0000044
888	0.0000000
889	0.0000000
890	0.0000000
891	0.0000000
892	0.0000000
893	0.0000000
894	0.0000000
895	0.0000000
896	-0.0002889
897	-0.0022194
898	-0.0049222
899	-0.0061160
900	-0.0073182
901	-0.0078668
902	-0.0083021
903	-0.0080523
904	-0.0053939
905	-0.0032210
906	-0.0027727
907	-0.0017601
908	-0.0001848
909	-0.0001141
910	-0.0000343
911	-0.0000309
912	-0.0000000
913	0.0000000
914	0.0000000
915	0.0000000
916	0.0000000
917	0.0000000
918	0.0000000
919	-0.0000033
920	-0.0001198
921	-0.0000490
922	-0.0003064
923	-0.0013223
924	-0.0000749
925	-0.0000613
926	-0.0007647
927	-0.0026167
928	-0.0038595
929	-0.0049644
930	-0.0042267
931	-0.0026758
932	-0.0007664
933	-0.0000659
934	-0.0000129
935	-0.0000082
936	0.0000000
937	0.0000000
938	0.0000000
939	0.0000000
940	0.0000000
941	0.0000000
942	-0.0000001
943	-0.0000207
944	-0.0005551
945	-0.0032867
946	-0.0046193
947	-0.0058839
948	-0.0068470
949	-0.0069716
950	-0.0071918
951	-0.0072558
952	-0.0068333
953	-0.0059464
954	-0.0047547
955	-0.0025312
956	-0.0009530
957	-0.0000756
958	-0.0000186
959	-0.0000111
960	-0.0000000
961	0.0000000
962	0.0000000
963	0.0000000
964	0.0000000
965	0.0000000
966	-0.0000000
967	-0.0000204
968	-0.0007163
969	-0.0034930
970	-0.0048718
971	-0.0058118
972	-0.0058875
973	-0.0049868
974	-0.0055681
975	-0.0060285
976	-0.0054689
977	-0.0050149
978	-0.0037619
979	-0.0023753
980	-0.0003978
981	-0.0000361
982	-0.0000047
983	-0.0000013
984	0.0000000
985	0.0000000
986	0.0000000
987	0.0000000
988	0.0000000
989	0.0000000
990	0.0000000
991	0.0000000
992	-0.0000001
993	-0.0001955
994	-0.0005281
995	-0.0003307
996	-0.0002001
997	-0.0002992
998	-0.0015553
999	-0.0016525
1000	-0.0006902
1001	-0.0001532
1002	-0.0000274
1003	-0.0000132
1004	-0.0000011
1005	0.0000000
1006	0.0000000
1007	0.0000000
1008	0.0000000
1009	0.0000000
1010	0.0000000
1011	0.0000000
1012	0.0000000
1013	0.0000000
1014	0.0000000
1015	-0.0000086
1016	-0.0001065
1017	-0.0007482
1018	-0.0033653
1019	-0.0043765
1020	-0.0056523
1021	-0.0056987
1022	-0.0056122
1023	-0.0058689
1024	-0.0050647
1025	-0.0031665
1026	-0.0015864
1027	-0.0005247
1028	-0.0002052
1029	-0.0000089
1030	0.0000000
1031	0.0000000
1032	0.0000000
1033	0.0000000
1034	0.0000000
1035	0.0000000
1036	0.0000000
1037	0.0000000
1038	0.0000000
1039	-0.0000019
1040	-0.0001929
1041	-0.0012709
1042	-0.0036545
1043	-0.0052878
1044	-0.0017726
1045	-0.0052041
1046	-0.0049045
1047	-0.0045120
1048	-0.0030575
1049	-0.0031540
1050	-0.0024359
1051	-0.0009144
1052	-0.0001983
1053	-0.0000011
1054	-0.0000001
1055	-0.0000002
1056	0.0000000
1057	0.0000000
1058	0.0000000
1059	0.0000000
1060	0.0000000
1061	0.0000000
1062	-0.0000003
1063	-0.0000414
1064	-0.0003630
1065	-0.0014358
1066	-0.0042234
1067	-0.0055254
1068	-0.0058857
1069	-0.0067357
1070	-0.0069695
1071	-0.0068880
1072	-0.0065764
1073	-0.0056095
1074	-0.0043695
1075	-0.0024040
1076	-0.0007497
1077	-0.0000505
1078	-0.0000022
1079	0.0000000
1080	0.0000000
1081	0.0000000
1082	0.0000000
1083	0.0000000
1084	0.0000000
1085	0.0000000
1086	0.0000000
1087	-0.0000066
1088	-0.0002687
1089	-0.0006608
1090	-0.0010709
1091	-0.0016989
1092	-0.0013374
1093	-0.0025496
1094	-0.0029859
1095	-0.0022715
1096	-0.0020856
1097	-0.0009401
1098	-0.0000520
1099	-0.0000052
1100	0.0000000
1101	0.0000000
1102	0.0000000
1103	0.0000000
1104	0.0000000
1105	0.0000000
1106	0.0000000
1107	0.0000000
1108	0.0000000
1109	0.0000000
1110	-0.0000001
1111	-0.0000146
1112	-0.0001480
1113	-0.0004596
1114	-0.0007225
1115	-0.0016029
1116	-0.0021111
1117	-0.0015096
1118	-0.0024693
1119	-0.0048144
1120	-0.0050315
1121	-0.0038419
1122	-0.0020313
1123	-0.0013246
1124	-0.0000616
1125	-0.0000323
1126	-0.0000000
1127	0.0000000
1128	0.0000000
1129	0.0000000
1130	0.0000000
1131	0.0000000
1132	0.0000000
1133	0.0000000
1134	0.0000000
1135	-0.0000032
1136	-0.0000405
1137	-0.0009541
1138	-0.0023432
1139	-0.0022920
1140	-0.0011344
1141	-0.0022886
1142	-0.0025692
1143	-0.0020535
1144	-0.0023561
1145	-0.0000459
1146	-0.0000688
1147	-0.0000648
1148	-0.0000040
1149	0.0000000
1150	0.0000000
1151	-0.0000009
1152	0.0000000
1153	0.0000000
1154	0.0000000
1155	0.0000000
1156	0.0000000
1157	0.0000000
1158	0.0000000
1159	-0.0000191
1160	-0.0002277
1161	-0.0011420
1162	-0.0031865
1163	-0.0051989
1164	-0.0061909
1165	-0.0069018
1166	-0.0070591
1167	-0.0067235
1168	-0.0064171
1169	-0.0055143
1170	-0.0041400
1171	-0.0024787
1172	-0.0006969
1173	-0.0000058
1174	0.0000000
1175	0.0000000
1176	0.0000000
1177	0.0000000
1178	0.0000000
1179	0.0000000
1180	0.0000000
1181	0.0000000
1182	0.0000000
1183	-0.0000010
1184	-0.0002244
1185	-0.0018004
1186	-0.0045157
1187	-0.0059202
1188	-0.0071088
1189	-0.0075853
1190	-0.0081786
1191	-0.0080111
1192	-0.0072262
1193	-0.0059747
1194	-0.0038575
1195	-0.0019858
1196	-0.0006118
1197	-0.0000446
1198	-0.0000076
1199	-0.0000000
1200	0.0000000
1201	0.0000000
1202	0.0000000
1203	0.0000000
1204	0.0000000
1205	-0.0000000
1206	-0.0000009
1207	-0.0000526
1208	-0.0008620
1209	-0.0031796
1210	-0.0046963
1211	-0.0060893
1212	-0.0070886
1213	-0.0079033
1214	-0.0082741
1215	-0.0075220
1216	-0.0070568
1217	-0.0043979
1218	-0.0027850
1219	-0.0021228
1220	-0.0007821
1221	-0.0000360
1222	-0.0000338
1223	-0.0000318
1224	-0.0000000
1225	0.0000000
1226	0.0000000
1227	0.0000000
1228	0.0000000
1229	0.0000000
1230	-0.0000003
1231	-0.0000371
1232	-0.0001350
1233	-0.0006216
1234	-0.0008340
1235	-0.0037608
1236	-0.0054345
1237	-0.0049757
1238	-0.0069376
1239	-0.0066995
1240	-0.0063503
1241	-0.0051939
1242	-0.0042181
1243	-0.0027742
1244	-0.0008589
1245	-0.0000568
1246	-0.0000143
1247	0.0000000
1248	0.0000000
1249	0.0000000
1250	0.0000000
1251	0.0000000
1252	0.0000000
1253	0.0000000
1254	0.0000000
1255	-0.0000017
1256	-0.0003024
1257	-0.0020562
1258	-0.0042059
1259	-0.0053484
1260	-0.0062375
1261	-0.0065851
1262	-0.0061788
1263	-0.0063340
1264	-0.0061425
1265	-0.0054020
1266	-0.0041348
1267	-0.0021743
1268	-0.0004026
1269	-0.0000164
1270	-0.0000163
1271	-0.0000158
1272	0.0000000
1273	0.0000000
1274	0.0000000
1275	0.0000000
1276	0.0000000
1277	0.0000000
1278	0.0000000
1279	-0.0000004
1280	-0.0003613
1281	-0.0016686
1282	-0.0036571
1283	-0.0048008
1284	-0.0053924
1285	-0.0051740
1286	-0.0052160
1287	-0.0044663
1288	-0.0051471
1289	-0.0042230
1290	-0.0036188
1291	-0.0018119
1292	-0.0004195
1293	-0.0000142
1294	-0.0000085
1295	-0.0000073
1296	0.0000000
1297	0.0000000
1298	0.0000000
1299	0.0000000
1300	0.0000000
1301	0.0000000
1302	-0.0000000
1303	-0.0000000
1304	-0.0000005
1305	-0.0002548
1306	-0.0007621
1307	-0.0012933
1308	-0.0024396
1309	-0.0013502
1310	-0.0006579
1311	-0.0009860
1312	-0.0009430
1313	-0.0009525
1314	-0.0009525
1315	-0.0002847
1316	-0.0001137
1317	-0.0000000
1318	0.0000000
1319	0.0000000
1320	0.0000000
1321	0.0000000
1322	0.0000000
1323	0.0000000
1324	0.0000000
1325	0.0000000
1326	-0.0000000
1327	-0.0000056
1328	-0.0000971
1329	-0.0010297
1330	-0.0019944
1331	-0.0038592
1332	-0.0037270
1333	-0.0046284
1334	-0.0035258
1335	-0.0006593
1336	-0.0015964
1337	-0.0038556
1338	-0.0024514
1339	-0.0012041
1340	-0.0001830
1341	-0.0000024
1342	0.0000000
1343	0.0000000
1344	0.0000000
1345	0.0000000
1346	0.0000000
1347	0.0000000
1348	0.0000000
1349	0.0000000
1350	-0.0000018
1351	-0.0000360
1352	-0.0000068
1353	-0.0000245
1354	-0.0001675
1355	-0.0005884
1356	-0.0003613
1357	-0.0000165
1358	0.0000000
1359	0.0000000
1360	-0.0000831
1361	-0.0005658
1362	-0.0014396
1363	-0.0007673
1364	-0.0000438
1365	-0.0000035
1366	-0.0000041
1367	0.0000000
1368	0.0000000
1369	0.0000000
1370	0.0000000
1371	0.0000000
1372	0.0000000
1373	-0.0000000
1374	-0.0000013
1375	-0.0000431
1376	-0.0001237
1377	-0.0005590
1378	-0.0022283
1379	-0.0039883
1380	-0.0029226
1381	-0.0043196
1382	-0.0018103
1383	-0.0044881
1384	-0.0052979
1385	-0.0049734
1386	-0.0035484
1387	-0.0017131
1388	-0.0000358
1389	0.0000000
1390	0.0000000
1391	0.0000000
1392	0.0000000
1393	0.0000000
1394	0.0000000
1395	0.0000000
1396	0.0000000
1397	-0.0000000
1398	-0.0000004
1399	-0.0000498
1400	-0.0003865
1401	-0.0025544
1402	-0.0045676
1403	-0.0062187
1404	-0.0065362
1405	-0.0065540
1406	-0.0049714
1407	-0.0056769
1408	-0.0057616
1409	-0.0052897
1410	-0.0038485
1411	-0.0020786
1412	-0.0004176
1413	-0.0000138
1414	-0.0000051
1415	0.0000000
1416	0.0000000
1417	0.0000000
1418	0.0000000
1419	0.0000000
1420	0.0000000
1421	0.0000000
1422	-0.0000000
1423	-0.0000161
1424	-0.0005983
1425	-0.0028719
1426	-0.0042755
1427	-0.0050788
1428	-0.0053173
1429	-0.0052529
1430	-0.0054177
1431	-0.0000041
1432	0.0000000
1433	-0.0005689
1434	-0.0034489
1435	-0.0024021
1436	-0.0006308
1437	-0.0000192
1438	-0.0000150
1439	-0.0000138
1440	0.0000000
1441	0.0000000
1442	0.0000000
1443	0.0000000
1444	0.0000000
1445	0.0000000
1446	-0.0000001
1447	-0.0000048
1448	-0.0001884
1449	-0.0014195
1450	-0.0040116
1451	-0.0047642
1452	-0.0053174
1453	-0.0051242
1454	-0.0057383
1455	-0.0055249
1456	-0.0050039
1457	-0.0044104
1458	-0.0035232
1459	-0.0021930
1460	-0.0004234
1461	-0.0000172
1462	-0.0000116
1463	-0.0000096
1464	0.0000000
1465	0.0000000
1466	0.0000000
1467	0.0000000
1468	0.0000000
1469	0.0000000
1470	-0.0000000
1471	-0.0000047
1472	-0.0002100
1473	-0.0013399
1474	-0.0034645
1475	-0.0044203
1476	-0.0054403
1477	-0.0061765
1478	-0.0063812
1479	-0.0065954
1480	-0.0054042
1481	-0.0036044
1482	-0.0030337
1483	-0.0010226
1484	-0.0001386
1485	-0.0000086
1486	-0.0000129
1487	-0.0000000
1488	0.0000000
1489	0.0000000
1490	0.0000000
1491	0.0000000
1492	0.0000000
1493	0.0000000
1494	0.0000000
1495	0.0000000
1496	0.0000000
1497	-0.0000399
1498	-0.0009077
1499	-0.0032384
1500	-0.0033954
1501	-0.0054002
1502	-0.0065499
1503	-0.0061495
1504	-0.0056522
1505	-0.0047352
1506	-0.0033363
1507	-0.0013549
1508	-0.0001484
1509	-0.0000011
1510	0.0000000
1511	0.0000000
1512	0.0000000
1513	0.0000000
1514	0.0000000
1515	0.0000000
1516	0.0000000
1517	0.0000000
1518	0.0000000
1519	-0.0000002
1520	-0.0000007
1521	0.0000000
1522	0.0000000
1523	0.0000000
1524	-0.0000431
1525	-0.0017518
1526	-0.0050655
1527	-0.0054509
1528	-0.0042789
1529	-0.0038520
1530	-0.0027610
1531	-0.0012674
1532	-0.0001415
1533	-0.0000020
1534	0.0000000
1535	0.0000000
1536	0.0000000
1537	0.0000000
1538	0.0000000
1539	0.0000000
1540	0.0000000
1541	0.0000000
1542	-0.0000000
1543	-0.0000172
1544	-0.0002316
1545	-0.0011765
1546	-0.0035286
1547	-0.0051705
1548	-0.0062972
1549	-0.0069568
1550	-0.0069293
1551	-0.0066126
1552	-0.0057086
1553	-0.0038752
1554	-0.0018846
1555	-0.0006555
1556	-0.0000191
1557	-0.0000045
1558	0.0000000
1559	0.0000000
1560	0.0000000
1561	0.0000000
1562	0.0000000
1563	0.0000000
1564	0.0000000
1565	0.0000000
1566	0.0000000
1567	-0.0000159
1568	-0.0002961
1569	-0.0013593
1570	-0.0034149
1571	-0.0052157
1572	-0.0038152
1573	-0.0021172
1574	-0.0021289
1575	-0.0018972
1576	-0.0013875
1577	-0.0007673
1578	-0.0003859
1579	-0.0001578
1580	-0.0000026
1581	-0.0000001
1582	-0.0000002
1583	0.0000000
1584	0.0000000
1585	0.0000000
1586	0.0000000
1587	0.0000000
1588	0.0000000
1589	0.0000000
1590	-0.0000000
1591	-0.0000197
1592	-0.0001309
1593	-0.0006129
1594	-0.0024740
1595	-0.0048138
1596	-0.0060780
1597	-0.0067185
1598	-0.0069174
1599	-0.0064395
1600	-0.0054427
1601	-0.0051994
1602	-0.0029999
1603	-0.0011626
1604	-0.0001984
1605	-0.0000038
1606	-0.0000001
1607	0.0000000
1608	0.0000000
1609	0.0000000
1610	0.0000000
1611	0.0000000
1612	0.0000000
1613	0.0000000
1614	-0.0000000
1615	-0.0000042
1616	-0.0004181
1617	-0.0020583
1618	-0.0039207
1619	-0.0052548
1620	-0.0062716
1621	-0.0067915
1622	-0.0044147
1623	-0.0038247
1624	-0.0051345
1625	-0.0043235
1626	-0.0028562
1627	-0.0014233
1628	-0.0001284
1629	-0.0000188
1630	-0.0000143
1631	-0.0000091
1632	-0.0000000
1633	0.0000000
1634	0.0000000
1635	0.0000000
1636	0.0000000
1637	0.0000000
1638	0.0000000
1639	0.0000000
1640	-0.0000087
1641	-0.0000005
1642	0.0000000
1643	-0.0003532
1644	-0.0035581
1645	-0.0058286
1646	-0.0061354
1647	-0.0055623
1648	-0.0058595
1649	-0.0051059
1650	-0.0036138
1651	-0.0015152
1652	-0.0002872
1653	-0.0000056
1654	-0.0000034
1655	-0.0000006
1656	0.0000000
1657	0.0000000
1658	0.0000000
1659	0.0000000
1660	0.0000000
1661	0.0000000
1662	0.0000000
1663	-0.0000004
1664	-0.0001275
1665	-0.0018689
1666	-0.0041909
1667	-0.0049617
1668	-0.0062362
1669	-0.0063733
1670	-0.0063714
1671	-0.0043780
1672	-0.0035445
1673	-0.0028554
1674	-0.0022428
1675	-0.0011715
1676	-0.0001422
1677	-0.0000187
1678	-0.0000013
1679	0.0000000
1680	0.0000000
1681	0.0000000
1682	0.0000000
1683	0.0000000
1684	0.0000000
1685	0.0000000
1686	-0.0000000
1687	-0.0000546
1688	-0.0012692
1689	-0.0025638
1690	-0.0033424
1691	-0.0033942
1692	-0.0041164
1693	-0.0037766
1694	-0.0043399
1695	-0.0048985
1696	-0.0041008
1697	-0.0044835
1698	-0.0034887
1699	-0.0000292
1700	0.0000000
1701	0.0000000
1702	0.0000000
1703	0.0000000
1704	0.0000000
1705	0.0000000
1706	0.0000000
1707	0.0000000
1708	0.0000000
1709	-0.0000000
1710	-0.0000001
1711	-0.0000249
1712	-0.0005785
1713	-0.0027745
1714	-0.0038759
1715	-0.0043147
1716	-0.0044375
1717	-0.0041133
1718	-0.0044386
1719	-0.0041379
1720	-0.0034947
1721	-0.0034310
1722	-0.0027184
1723	-0.0008640
1724	-0.0001641
1725	-0.0000093
1726	-0.0000086
1727	-0.0000095
1728	-0.0000000
1729	0.0000000
1730	0.0000000
1731	0.0000000
1732	0.0000000
1733	0.0000000
1734	-0.0000000
1735	-0.0000062
1736	-0.0001719
1737	-0.0017654
1738	-0.0034995
1739	-0.0045045
1740	-0.0053599
1741	-0.0058037
1742	-0.0061488
1743	-0.0055081
1744	-0.0044123
1745	-0.0037343
1746	-0.0025848
1747	-0.0006065
1748	-0.0000427
1749	-0.0000031
1750	-0.0000031
1751	-0.0000028
1752	0.0000000
1753	0.0000000
1754	0.0000000
1755	0.0000000
1756	0.0000000
1757	0.0000000
1758	0.0000000
1759	0.0000000
1760	-0.0000017
1761	-0.0000369
1762	-0.0003059
1763	-0.0022548
1764	-0.0042664
1765	-0.0050820
1766	-0.0054325
1767	-0.0053323
1768	-0.0047875
1769	-0.0039624
1770	-0.0021088
1771	-0.0004917
1772	-0.0001223
1773	-0.0000034
1774	-0.0000001
1775	-0.0000021
1776	0.0000000
1777	0.0000000
1778	0.0000000
1779	0.0000000
1780	0.0000000
1781	0.0000000
1782	0.0000000
1783	-0.0000024
1784	-0.0000441
1785	-0.0001735
1786	-0.0000016
1787	-0.0000032
1788	-0.0006294
1789	-0.0028681
1790	-0.0036817
1791	-0.0035431
1792	-0.0021681
1793	-0.0027431
1794	-0.0017100
1795	-0.0002980
1796	-0.0000088
1797	-0.0000000
1798	0.0000000
1799	0.0000000
1800	0.0000000
1801	0.0000000
1802	0.0000000
1803	0.0000000
1804	0.0000000
1805	0.0000000
1806	0.0000000
1807	-0.0000003
1808	-0.0000163
1809	-0.0002182
1810	-0.0005915
1811	-0.0011176
1812	-0.0013780
1813	-0.0004515
1814	-0.0004566
1815	-0.0012283
1816	-0.0021015
1817	-0.0025910
1818	-0.0016154
1819	-0.0003786
1820	-0.0000329
1821	-0.0000078
1822	-0.0000057
1823	0.0000000
1824	0.0000000
1825	0.0000000
1826	0.0000000
1827	0.0000000
1828	0.0000000
1829	-0.0000000
1830	-0.0000000
1831	-0.0000058
1832	-0.0000845
1833	-0.0005117
1834	-0.0013052
1835	-0.0028817
1836	-0.0040696
1837	-0.0048321
1838	-0.0052061
1839	-0.0053233
1840	-0.0046969
1841	-0.0033587
1842	-0.0013428
1843	-0.0003449
1844	-0.0000447
1845	-0.0000081
1846	-0.0000089
1847	-0.0000061
1848	0.0000000
1849	0.0000000
1850	0.0000000
1851	0.0000000
1852	0.0000000
1853	0.0000000
1854	0.0000000
1855	-0.0000009
1856	-0.0000774
1857	-0.0002931
1858	-0.0007955
1859	-0.0016745
1860	-0.0016699
1861	-0.0016847
1862	-0.0018295
1863	-0.0017360
1864	-0.0017282
1865	-0.0014755
1866	-0.0008054
1867	-0.0002746
1868	-0.0000274
1869	-0.0000074
1870	-0.0000093
1871	-0.0000098
1872	0.0000000
1873	0.0000000
1874	0.0000000
1875	0.0000000
1876	0.0000000
1877	0.0000000
1878	0.0000000
1879	-0.0000009
1880	-0.0000213
1881	-0.0002989
1882	-0.0013898
1883	-0.0031242
1884	-0.0032196
1885	-0.0039565
1886	-0.0049647
1887	-0.0053081
1888	-0.0040444
1889	-0.0039395
1890	-0.0022737
1891	-0.0004563
1892	-0.0000216
1893	-0.0000019
1894	-0.0000129
1895	-0.0000000
1896	0.0000000
1897	0.0000000
1898	0.0000000
1899	0.0000000
1900	0.0000000
1901	-0.0000000
1902	-0.0000001
1903	-0.0000278
1904	-0.0004639
1905	-0.0017233
1906	-0.0027375
1907	-0.0031929
1908	-0.0033493
1909	-0.0034578
1910	-0.0038941
1911	-0.0027267
1912	-0.0024663
1913	-0.0021482
1914	-0.0017835
1915	-0.0005722
1916	-0.0000612
1917	-0.0000144
1918	-0.0000101
1919	-0.0000069
1920	0.0000000
1921	0.0000000
1922	0.0000000
1923	0.0000000
1924	0.0000000
1925	0.0000000
1926	0.0000000
1927	-0.0000001
1928	-0.0000223
1929	-0.0007876
1930	-0.0027244
1931	-0.0034720
1932	-0.0034792
1933	-0.0047129
1934	-0.0052241
1935	-0.0051380
1936	-0.0045664
1937	-0.0038604
1938	-0.0023064
1939	-0.0007634
1940	-0.0001409
1941	-0.0000111
1942	-0.0000095
1943	-0.0000039
1944	0.0000000
1945	0.0000000
1946	0.0000000
1947	0.0000000
1948	0.0000000
1949	0.0000000
1950	-0.0000000
1951	-0.0000045
1952	-0.0001111
1953	-0.0016048
1954	-0.0033404
1955	-0.0044033
1956	-0.0050180
1957	-0.0058509
1958	-0.0062475
1959	-0.0061307
1960	-0.0056082
1961	-0.0045672
1962	-0.0028418
1963	-0.0008343
1964	-0.0000828
1965	-0.0000093
1966	-0.0000130
1967	-0.0000000
1968	0.0000000
1969	0.0000000
1970	0.0000000
1971	0.0000000
1972	0.0000000
1973	-0.0000001
1974	-0.0000003
1975	-0.0000163
1976	-0.0004045
1977	-0.0025510
1978	-0.0042568
1979	-0.0057205
1980	-0.0069051
1981	-0.0072232
1982	-0.0073176
1983	-0.0070683
1984	-0.0065221
1985	-0.0050614
1986	-0.0031024
1987	-0.0011370
1988	-0.0000698
1989	-0.0000086
1990	-0.0000001
