TIME_UNITS h
DATA_UNITS kg/s
0	-0.0000007
1	-0.0000017
2	-0.0000021
3	-0.0000010
4	-0.0000006
5	-0.0000003
6	-0.0000031
7	-0.0000412
8	-0.0002523
9	-0.0005228
10	-0.0008334
11	-0.0011534
12	-0.0012736
13	-0.0013665
14	-0.0014577
15	-0.0014902
16	-0.0014568
17	-0.0013174
18	-0.0010760
19	-0.0006803
20	-0.0002353
21	-0.0000265
22	-0.0000026
23	-0.0000012
24	-0.0000013
25	-0.0000009
26	-0.0000004
27	-0.0000004
28	0.0000000
29	0.0000000
30	0.0000000
31	0.0000000
32	-0.0001882
33	-0.0006091
34	-0.0010698
35	-0.0014117
36	-0.0015573
37	-0.0016318
38	-0.0014789
39	-0.0011753
40	-0.0010070
41	-0.0004237
42	-0.0002033
43	-0.0001488
44	-0.0000386
45	-0.0000001
46	0.0000000
47	0.0000000
48	0.0000000
49	0.0000000
50	0.0000000
51	0.0000000
52	0.0000000
53	0.0000000
54	0.0000000
55	0.0000000
56	0.0000000
57	-0.0000000
58	-0.0000101
59	-0.0001401
60	-0.0009312
61	-0.0009997
62	-0.0014477
63	-0.0014404
64	-0.0000012
65	0.0000000
66	-0.0000253
67	-0.0001138
68	-0.0000369
69	-0.0000013
70	-0.0000000
71	-0.0000010
72	-0.0000006
73	-0.0000007
74	-0.0000002
75	-0.0000001
76	-0.0000007
77	-0.0000006
78	-0.0000179
79	-0.0001407
80	-0.0001500
81	-0.0002831
82	-0.0004839
83	-0.0006159
84	-0.0006581
85	-0.0009285
86	-0.0011533
87	-0.0012130
88	-0.0009752
89	-0.0009393
90	-0.0006806
91	-0.0003024
92	-0.0001000
93	-0.0000085
94	-0.0000016
95	0.0000000
96	0.0000000
97	0.0000000
98	0.0000000
99	0.0000000
100	0.0000000
101	0.0000000
102	0.0000000
103	-0.0000266
104	-0.0002461
105	-0.0007720
106	-0.0011283
107	-0.0014943
108	-0.0014237
109	-0.0012649
110	-0.0009028
111	-0.0000037
112	0.0000000
113	-0.0000075
114	-0.0000507
115	-0.0000001
116	-0.0000000
117	0.0000000
118	0.0000000
119	0.0000000
120	0.0000000
121	-0.0000000
122	0.0000000
123	-0.0000000
124	-0.0000002
125	-0.0000001
126	-0.0000008
127	0.0000000
128	-0.0000103
129	-0.0000735
130	-0.0001539
131	-0.0002170
132	-0.0003019
133	-0.0002999
134	-0.0002667
135	-0.0002489
136	-0.0004184
137	-0.0005208
138	-0.0004690
139	-0.0003451
140	-0.0000621
141	-0.0000017
142	0.0000000
143	0.0000000
144	0.0000000
145	0.0000000
146	-0.0000000
147	-0.0000000
148	-0.0000001
149	0.0000000
150	-0.0000002
151	-0.0000356
152	-0.0001548
153	-0.0007243
154	-0.0012677
155	-0.0014022
156	-0.0018572
157	-0.0012297
158	-0.0013170
159	-0.0010971
160	-0.0007046
161	-0.0006337
162	-0.0005797
163	-0.0002684
164	-0.0001043
165	-0.0000181
166	-0.0000039
167	-0.0000030
168	0.0000000
169	0.0000000
170	0.0000000
171	0.0000000
172	-0.0000000
173	-0.0000000
174	-0.0000045
175	-0.0000327
176	-0.0001202
177	-0.0002305
178	-0.0002505
179	-0.0004898
180	-0.0009155
181	-0.0010147
182	-0.0009882
183	-0.0008391
184	-0.0003296
185	-0.0003949
186	-0.0004999
187	-0.0003595
188	-0.0000722
189	-0.0000002
190	0.0000000
191	0.0000000
192	0.0000000
193	0.0000000
194	0.0000000
195	0.0000000
196	0.0000000
197	-0.0000000
198	-0.0000001
199	-0.0000167
200	-0.0000929
201	-0.0002591
202	-0.0004107
203	-0.0006962
204	-0.0008469
205	-0.0007318
206	-0.0006948
207	-0.0007230
208	-0.0002672
209	-0.0004425
210	-0.0003691
211	-0.0000053
212	-0.0000004
213	-0.0000000
214	-0.0000000
215	0.0000000
216	0.0000000
217	0.0000000
218	0.0000000
219	0.0000000
220	0.0000000
221	0.0000000
222	0.0000000
223	-0.0000001
224	-0.0000004
225	-0.0000022
226	-0.0000002
227	-0.0000007
228	-0.0000031
229	-0.0000398
230	-0.0001256
231	-0.0002036
232	-0.0003529
233	-0.0004258
234	-0.0003103
235	-0.0001708
236	-0.0000353
237	0.0000000
238	0.0000000
239	0.0000000
240	0.0000000
241	0.0000000
242	0.0000000
243	0.0000000
244	0.0000000
245	0.0000000
246	0.0000000
247	-0.0000005
248	-0.0001482
249	-0.0006046
250	-0.0011638
251	-0.0014631
252	-0.0017272
253	-0.0019259
254	-0.0019798
255	-0.0019293
256	-0.0016795
257	-0.0015156
258	-0.0011962
259	-0.0007489
260	-0.0001867
261	-0.0000089
262	-0.0000010
263	0.0000000
264	0.0000000
265	0.0000000
266	0.0000000
267	0.0000000
268	0.0000000
269	-0.0000000
270	-0.0000001
271	-0.0000200
272	-0.0002597
273	-0.0004751
274	-0.0007215
275	-0.0012723
276	-0.0019549
277	-0.0020379
278	-0.0020531
279	-0.0021177
280	-0.0018509
281	-0.0017089
282	-0.0012677
283	-0.0006012
284	-0.0001708
285	-0.0000356
286	-0.0000111
287	-0.0000000
288	0.0000000
289	0.0000000
290	0.0000000
291	0.0000000
292	0.0000000
293	-0.0000000
294	-0.0000012
295	-0.0000653
296	-0.0005967
297	-0.0009889
298	-0.0014824
299	-0.0017620
300	-0.0019133
301	-0.0019116
302	-0.0016339
303	-0.0015352
304	-0.0016368
305	-0.0008036
306	-0.0009365
307	-0.0004851
308	-0.0001408
309	-0.0000038
310	0.0000000
311	0.0000000
312	0.0000000
313	0.0000000
314	0.0000000
315	0.0000000
316	0.0000000
317	0.0000000
318	0.0000000
319	-0.0000146
320	-0.0001455
321	-0.0005326
322	-0.0011251
323	-0.0015122
324	-0.0017362
325	-0.0018880
326	-0.0018881
327	-0.0018744
328	-0.0017746
329	-0.0014731
330	-0.0011011
331	-0.0005899
332	-0.0001817
333	-0.0000156
334	0.0000000
335	0.0000000
336	0.0000000
337	0.0000000
338	0.0000000
339	0.0000000
340	0.0000000
341	0.0000000
342	0.0000000
343	-0.0000257
344	-0.0002098
345	-0.0005475
346	-0.0010098
347	-0.0014967
348	-0.0018224
349	-0.0019958
350	-0.0020601
351	-0.0020407
352	-0.0018963
353	-0.0014991
354	-0.0008332
355	-0.0005667
356	-0.0001626
357	-0.0000177
358	-0.0000043
359	-0.0000000
360	0.0000000
361	0.0000000
362	0.0000000
363	0.0000000
364	0.0000000
365	0.0000000
366	0.0000000
367	0.0000000
368	0.0000000
369	-0.0000056
370	-0.0000893
371	-0.0005633
372	-0.0006477
373	-0.0006380
374	-0.0004605
375	-0.0008122
376	-0.0009660
377	-0.0010555
378	-0.0009021
379	-0.0005136
380	-0.0001174
381	-0.0000067
382	-0.0000011
383	-0.0000000
384	0.0000000
385	0.0000000
386	0.0000000
387	0.0000000
388	0.0000000
389	0.0000000
390	0.0000000
391	-0.0000102
392	-0.0000731
393	-0.0000349
394	-0.0000456
395	-0.0000999
396	-0.0002354
397	-0.0002335
398	-0.0000764
399	-0.0000945
400	-0.0003947
401	-0.0011211
402	-0.0009793
403	-0.0006438
404	-0.0001511
405	-0.0000058
406	-0.0000031
407	-0.0000002
408	0.0000000
409	0.0000000
410	0.0000000
411	0.0000000
412	0.0000000
413	0.0000000
414	0.0000000
415	-0.0000051
416	-0.0000888
417	-0.0002854
418	-0.0004334
419	-0.0005634
420	-0.0006364
421	-0.0007531
422	-0.0008348
423	-0.0010585
424	-0.0012236
425	-0.0010960
426	-0.0008448
427	-0.0006205
428	-0.0002368
429	-0.0000070
430	-0.0000008
431	-0.0000003
432	0.0000000
433	0.0000000
434	0.0000000
435	0.0000000
436	0.0000000
437	0.0000000
438	0.0000000
439	-0.0000003
440	-0.0000010
441	-0.0000085
442	-0.0000067
443	-0.0000000
444	0.0000000
445	0.0000000
446	-0.0001852
447	-0.0011081
448	-0.0004732
449	-0.0000010
450	0.0000000
451	0.0000000
452	0.0000000
453	-0.0000000
454	-0.0000000
455	-0.0000002
456	-0.0000005
457	0.0000000
458	0.0000000
459	0.0000000
460	0.0000000
461	0.0000000
462	-0.0000003
463	-0.0000107
464	-0.0000505
465	-0.0001289
466	-0.0002920
467	-0.0004609
468	-0.0004143
469	-0.0003966
470	-0.0005804
471	-0.0003014
472	-0.0007440
473	-0.0007783
474	-0.0006795
475	-0.0004286
476	-0.0000620
477	-0.0000000
478	0.0000000
479	-0.0000011
480	0.0000000
481	0.0000000
482	0.0000000
483	0.0000000
484	0.0000000
485	0.0000000
486	-0.0000003
487	-0.0000038
488	-0.0000060
489	-0.0000007
490	-0.0000056
491	-0.0001010
492	-0.0001800
493	-0.0004563
494	-0.0006206
495	-0.0006297
496	-0.0007927
497	-0.0008137
498	-0.0007576
499	-0.0005331
500	-0.0002675
501	-0.0000236
502	-0.0000004
503	-0.0000009
504	-0.0000025
505	-0.0000010
506	-0.0000025
507	-0.0000046
508	-0.0000058
509	-0.0000050
510	-0.0000871
511	-0.0001627
512	-0.0003038
513	-0.0000032
514	0.0000000
515	-0.0000610
516	-0.0003479
517	-0.0007722
518	-0.0009941
519	-0.0009880
520	-0.0009029
521	-0.0008806
522	-0.0008984
523	-0.0007043
524	-0.0003626
525	-0.0000367
526	-0.0000027
527	-0.0000000
528	0.0000000
529	0.0000000
530	0.0000000
531	0.0000000
532	0.0000000
533	0.0000000
534	-0.0000001
535	-0.0000026
536	-0.0001158
537	-0.0005671
538	-0.0007292
539	-0.0008133
540	-0.0007004
541	-0.0009883
542	-0.0011658
543	-0.0011480
544	-0.0010065
545	-0.0008841
546	-0.0007918
547	-0.0006058
548	-0.0002981
549	-0.0000393
550	-0.0000036
551	-0.0000000
552	0.0000000
553	0.0000000
554	0.0000000
555	0.0000000
556	0.0000000
557	0.0000000
558	-0.0000000
559	-0.0000033
560	-0.0001511
561	-0.0006469
562	-0.0009123
563	-0.0008982
564	-0.0010299
565	-0.0012943
566	-0.0013957
567	-0.0014643
568	-0.0014367
569	-0.0012969
570	-0.0010826
571	-0.0007800
572	-0.0002841
573	-0.0000577
574	-0.0000000
575	0.0000000
576	0.0000000
577	0.0000000
578	0.0000000
579	0.0000000
580	-0.0000000
581	-0.0000000
582	-0.0000002
583	-0.0000091
584	-0.0001672
585	-0.0007538
586	-0.0011549
587	-0.0014741
588	-0.0017491
589	-0.0018545
590	-0.0018565
591	-0.0018298
592	-0.0015728
593	-0.0014223
594	-0.0011187
595	-0.0008182
596	-0.0002013
597	-0.0000195
598	-0.0000038
599	0.0000000
600	0.0000000
601	0.0000000
602	0.0000000
603	0.0000000
604	0.0000000
605	-0.0000000
606	-0.0000014
607	-0.0000395
608	-0.0004171
609	-0.0011288
610	-0.0015069
611	-0.0017966
612	-0.0020161
613	-0.0021686
614	-0.0022658
615	-0.0022552
616	-0.0021570
617	-0.0018215
618	-0.0012558
619	-0.0006779
620	-0.0002102
621	-0.0000436
622	-0.0000070
623	-0.0000097
624	-0.0000000
625	0.0000000
626	0.0000000
627	0.0000000
628	0.0000000
629	0.0000000
630	-0.0000004
631	-0.0000210
632	-0.0005647
633	-0.0013086
634	-0.0016723
635	-0.0020169
636	-0.0022032
637	-0.0023074
638	-0.0023244
639	-0.0023739
640	-0.0023342
641	-0.0020038
642	-0.0012758
643	-0.0007579
644	-0.0002720
645	-0.0000578
646	-0.0000125
647	-0.0000142
648	-0.0000000
649	0.0000000
650	0.0000000
651	0.0000000
652	0.0000000
653	-0.0000000
654	-0.0000012
655	-0.0000578
656	-0.0006114
657	-0.0013754
658	-0.0018155
659	-0.0019827
660	-0.0022633
661	-0.0025411
662	-0.0025588
663	-0.0024716
664	-0.0025477
665	-0.0021888
666	-0.0015668
667	-0.0010662
668	-0.0003223
669	-0.0000392
670	-0.0000128
671	-0.0000091
672	-0.0000000
673	0.0000000
674	0.0000000
675	0.0000000
676	0.0000000
677	0.0000000
678	0.0000000
679	-0.0000005
680	-0.0000004
681	-0.0000008
682	-0.0000386
683	-0.0003204
684	-0.0000361
685	-0.0000988
686	-0.0003564
687	-0.0006249
688	-0.0009090
689	-0.0006768
690	-0.0004132
691	-0.0001699
692	-0.0000178
693	-0.0000104
694	-0.0000000
695	0.0000000
696	0.0000000
697	0.0000000
698	0.0000000
699	0.0000000
700	-0.0000000
701	-0.0000001
702	-0.0000001
703	-0.0000006
704	-0.0001303
705	-0.0004123
706	-0.0004348
707	-0.0009757
708	-0.0011179
709	-0.0012753
710	-0.0009680
711	-0.0011045
712	-0.0014343
713	-0.0012493
714	-0.0009477
715	-0.0003247
716	-0.0000424
717	-0.0000052
718	-0.0000022
719	0.0000000
720	0.0000000
721	0.0000000
722	0.0000000
723	0.0000000
724	0.0000000
725	0.0000000
726	-0.0000003
727	-0.0000131
728	-0.0001775
729	-0.0003798
730	-0.0006836
731	-0.0014719
732	-0.0018394
733	-0.0018862
734	-0.0013768
735	-0.0014125
736	-0.0019166
737	-0.0015192
738	-0.0011186
739	-0.0005547
740	-0.0000722
741	-0.0000118
742	-0.0000030
743	0.0000000
744	0.0000000
745	0.0000000
746	0.0000000
747	0.0000000
748	0.0000000
749	-0.0000000
750	-0.0000002
751	-0.0000034
752	-0.0000136
753	-0.0000012
754	-0.0000013
755	-0.0002208
756	-0.0006204
757	-0.0009910
758	-0.0011368
759	-0.0013788
760	-0.0014146
761	-0.0015358
762	-0.0011597
763	-0.0007221
764	-0.0002466
765	-0.0000076
766	-0.0000036
767	0.0000000
768	0.0000000
769	0.0000000
770	0.0000000
771	0.0000000
772	0.0000000
773	0.0000000
774	0.0000000
775	-0.0000024
776	-0.0001105
777	-0.0003813
778	-0.0009480
779	-0.0014375
780	-0.0018362
781	-0.0018095
782	-0.0018443
783	-0.0019031
784	-0.0018164
785	-0.0017657
786	-0.0013396
787	-0.0008009
788	-0.0001859
789	-0.0000396
790	-0.0000050
791	0.0000000
792	0.0000000
793	0.0000000
794	0.0000000
795	0.0000000
796	0.0000000
797	0.0000000
798	0.0000000
799	-0.0000000
800	-0.0001581
801	-0.0007357
802	-0.0013926
803	-0.0018166
804	-0.0021396
805	-0.0022441
806	-0.0023150
807	-0.0022671
808	-0.0021127
809	-0.0017829
810	-0.0012556
811	-0.0004740
812	-0.0000114
813	-0.0000049
814	-0.0000048
815	-0.0000046
816	0.0000000
817	0.0000000
818	0.0000000
819	0.0000000
820	0.0000000
821	0.0000000
822	-0.0000001
823	-0.0000145
824	-0.0002484
825	-0.0011429
826	-0.0015538
827	-0.0018764
828	-0.0021793
829	-0.0023973
830	-0.0024599
831	-0.0023824
832	-0.0020251
833	-0.0014484
834	-0.0008079
835	-0.0003239
836	-0.0001624
837	-0.0000086
838	-0.0000021
839	-0.0000001
840	0.0000000
841	0.0000000
842	0.0000000
843	0.0000000
844	0.0000000
845	0.0000000
846	0.0000000
847	-0.0000202
848	-0.0001040
849	-0.0003378
850	-0.0009666
851	-0.0014462
852	-0.0017149
853	-0.0015944
854	-0.0014724
855	-0.0012811
856	-0.0014561
857	-0.0015565
858	-0.0013070
859	-0.0009842
860	-0.0004197
861	-0.0000357
862	-0.0000000
863	0.0000000
864	0.0000000
865	0.0000000
866	0.0000000
867	0.0000000
868	0.0000000
869	-0.0000000
870	-0.0000008
871	-0.0000073
872	-0.0000428
873	-0.0004821
874	-0.0011481
875	-0.0016296
876	-0.0020537
877	-0.0021628
878	-0.0022162
879	-0.0021796
880	-0.0020570
881	-0.0016209
882	-0.0009195
883	-0.0007427
884	-0.0001078
885	-0.0000104
886	-0.0000017
887	-0.0000013
888	0.0000000
889	0.0000000
890	0.0000000
891	0.0000000
892	0.0000000
893	0.0000000
894	0.0000000
895	0.0000000
896	-0.0000838
897	-0.0006434
898	-0.0014270
899	-0.0017731
900	-0.0021217
901	-0.0022807
902	-0.0024069
903	-0.0023345
904	-0.0015638
905	-0.0009338
906	-0.0008038
907	-0.0005103
908	-0.0000536
909	-0.0000331
910	-0.0000099
911	-0.0000089
912	-0.0000000
913	0.0000000
914	0.0000000
915	0.0000000
916	0.0000000
917	0.0000000
918	0.0000000
919	-0.0000010
920	-0.0000347
921	-0.0000142
922	-0.0000888
923	-0.0003834
924	-0.0000217
925	-0.0000178
926	-0.0002217
927	-0.0007586
928	-0.0011189
929	-0.0014393
930	-0.0012254
931	-0.0007758
932	-0.0002222
933	-0.0000191
934	-0.0000037
935	-0.0000024
936	0.0000000
937	0.0000000
938	0.0000000
939	0.0000000
940	0.0000000
941	0.0000000
942	-0.0000000
943	-0.0000060
944	-0.0001609
945	-0.0009529
946	-0.0013392
947	-0.0017058
948	-0.0019850
949	-0.0020212
950	-0.0020850
951	-0.0021036
952	-0.0019811
953	-0.0017239
954	-0.0013784
955	-0.0007338
956	-0.0002763
957	-0.0000219
958	-0.0000054
959	-0.0000032
960	-0.0000000
961	0.0000000
962	0.0000000
963	0.0000000
964	0.0000000
965	0.0000000
966	-0.0000000
967	-0.0000059
968	-0.0002077
969	-0.0010127
970	-0.0014124
971	-0.0016849
972	-0.0017069
973	-0.0014457
974	-0.0016143
975	-0.0017478
976	-0.0015855
977	-0.0014539
978	-0.0010906
979	-0.0006886
980	-0.0001153
981	-0.0000105
982	-0.0000014
983	-0.0000004
984	0.0000000
985	0.0000000
986	0.0000000
987	0.0000000
988	0.0000000
989	0.0000000
990	0.0000000
991	0.0000000
992	-0.0000000
993	-0.0000567
994	-0.0001531
995	-0.0000959
996	-0.0000580
997	-0.0000867
998	-0.0004509
999	-0.0004791
1000	-0.0002001
1001	-0.0000444
1002	-0.0000080
1003	-0.0000038
1004	-0.0000003
1005	0.0000000
1006	0.0000000
1007	0.0000000
1008	0.0000000
1009	0.0000000
1010	0.0000000
1011	0.0000000
1012	0.0000000
1013	0.0000000
1014	0.0000000
1015	-0.0000025
1016	-0.0000309
1017	-0.0002169
1018	-0.0009756
1019	-0.0012688
1020	-0.0016387
1021	-0.0016521
1022	-0.0016271
1023	-0.0017015
1024	-0.0014683
1025	-0.0009180
1026	-0.0004599
1027	-0.0001521
1028	-0.0000595
1029	-0.0000026
1030	0.0000000
1031	0.0000000
1032	0.0000000
1033	0.0000000
1034	0.0000000
1035	0.0000000
1036	0.0000000
1037	0.0000000
1038	0.0000000
1039	-0.0000005
1040	-0.0000559
1041	-0.0003684
1042	-0.0010595
1043	-0.0015330
1044	-0.0005139
1045	-0.0015087
1046	-0.0014219
1047	-0.0013081
1048	-0.0008864
1049	-0.0009144
1050	-0.0007062
1051	-0.0002651
1052	-0.0000575
1053	-0.0000003
1054	-0.0000000
1055	-0.0000000
1056	0.0000000
1057	0.0000000
1058	0.0000000
1059	0.0000000
1060	0.0000000
1061	0.0000000
1062	-0.0000001
1063	-0.0000120
1064	-0.0001052
1065	-0.0004163
1066	-0.0012244
1067	-0.0016019
1068	-0.0017064
1069	-0.0019528
1070	-0.0020206
1071	-0.0019969
1072	-0.0019066
1073	-0.0016263
1074	-0.0012668
1075	-0.0006969
1076	-0.0002173
1077	-0.0000146
1078	-0.0000006
1079	0.0000000
1080	0.0000000
1081	0.0000000
1082	0.0000000
1083	0.0000000
1084	0.0000000
1085	0.0000000
1086	0.0000000
1087	-0.0000019
1088	-0.0000779
1089	-0.0001916
1090	-0.0003105
1091	-0.0004925
1092	-0.0003877
1093	-0.0007392
1094	-0.0008657
1095	-0.0006586
1096	-0.0006047
1097	-0.0002726
1098	-0.0000151
1099	-0.0000015
1100	0.0000000
1101	0.0000000
1102	0.0000000
1103	0.0000000
1104	0.0000000
1105	0.0000000
1106	0.0000000
1107	0.0000000
1108	0.0000000
1109	0.0000000
1110	-0.0000000
1111	-0.0000042
1112	-0.0000429
1113	-0.0001333
1114	-0.0002095
1115	-0.0004647
1116	-0.0006120
1117	-0.0004376
1118	-0.0007159
1119	-0.0013958
1120	-0.0014587
1121	-0.0011138
1122	-0.0005889
1123	-0.0003840
1124	-0.0000179
1125	-0.0000094
1126	-0.0000000
1127	0.0000000
1128	0.0000000
1129	0.0000000
1130	0.0000000
1131	0.0000000
1132	0.0000000
1133	0.0000000
1134	0.0000000
1135	-0.0000009
1136	-0.0000118
1137	-0.0002766
1138	-0.0006793
1139	-0.0006645
1140	-0.0003289
1141	-0.0006635
1142	-0.0007449
1143	-0.0005953
1144	-0.0006831
1145	-0.0000133
1146	-0.0000200
1147	-0.0000188
1148	-0.0000012
1149	0.0000000
1150	0.0000000
1151	-0.0000003
1152	0.0000000
1153	0.0000000
1154	0.0000000
1155	0.0000000
1156	0.0000000
1157	0.0000000
1158	0.0000000
1159	-0.0000055
1160	-0.0000660
1161	-0.0003311
1162	-0.0009238
1163	-0.0015072
1164	-0.0017948
1165	-0.0020009
1166	-0.0020465
1167	-0.0019492
1168	-0.0018604
1169	-0.0015987
1170	-0.0012003
1171	-0.0007186
1172	-0.0002020
1173	-0.0000017
1174	0.0000000
1175	0.0000000
1176	0.0000000
1177	0.0000000
1178	0.0000000
1179	0.0000000
1180	0.0000000
1181	0.0000000
1182	0.0000000
1183	-0.0000003
1184	-0.0000650
1185	-0.0005220
1186	-0.0013092
1187	-0.0017163
1188	-0.0020610
1189	-0.0021991
1190	-0.0023711
1191	-0.0023225
1192	-0.0020950
1193	-0.0017321
1194	-0.0011183
1195	-0.0005757
1196	-0.0001774
1197	-0.0000129
1198	-0.0000022
1199	-0.0000000
1200	0.0000000
1201	0.0000000
1202	0.0000000
1203	0.0000000
1204	0.0000000
1205	-0.0000000
1206	-0.0000003
1207	-0.0000152
1208	-0.0002499
1209	-0.0009218
1210	-0.0013615
1211	-0.0017654
1212	-0.0020551
1213	-0.0022913
1214	-0.0023988
1215	-0.0021807
1216	-0.0020459
1217	-0.0012750
1218	-0.0008074
1219	-0.0006154
1220	-0.0002267
1221	-0.0000104
1222	-0.0000098
1223	-0.0000092
1224	-0.0000000
1225	0.0000000
1226	0.0000000
1227	0.0000000
1228	0.0000000
1229	0.0000000
1230	-0.0000001
1231	-0.0000108
1232	-0.0000391
1233	-0.0001802
1234	-0.0002418
1235	-0.0010903
1236	-0.0015756
1237	-0.0014425
1238	-0.0020113
1239	-0.0019423
1240	-0.0018411
1241	-0.0015058
1242	-0.0012229
1243	-0.0008043
1244	-0.0002490
1245	-0.0000165
1246	-0.0000041
1247	0.0000000
1248	0.0000000
1249	0.0000000
1250	0.0000000
1251	0.0000000
1252	0.0000000
1253	0.0000000
1254	0.0000000
1255	-0.0000005
1256	-0.0000877
1257	-0.0005961
1258	-0.0012194
1259	-0.0015506
1260	-0.0018083
1261	-0.0019091
1262	-0.0017913
1263	-0.0018363
1264	-0.0017808
1265	-0.0015661
1266	-0.0011987
1267	-0.0006304
1268	-0.0001167
1269	-0.0000048
1270	-0.0000047
1271	-0.0000046
1272	0.0000000
1273	0.0000000
1274	0.0000000
1275	0.0000000
1276	0.0000000
1277	0.0000000
1278	0.0000000
1279	-0.0000001
1280	-0.0001047
1281	-0.0004838
1282	-0.0010602
1283	-0.0013918
1284	-0.0015633
1285	-0.0015000
1286	-0.0015122
1287	-0.0012948
1288	-0.0014922
1289	-0.0012243
1290	-0.0010491
1291	-0.0005253
1292	-0.0001216
1293	-0.0000041
1294	-0.0000025
1295	-0.0000021
1296	0.0000000
1297	0.0000000
1298	0.0000000
1299	0.0000000
1300	0.0000000
1301	0.0000000
1302	-0.0000000
1303	-0.0000000
1304	-0.0000001
1305	-0.0000739
1306	-0.0002209
1307	-0.0003749
1308	-0.0007073
1309	-0.0003915
1310	-0.0001907
1311	-0.0002859
1312	-0.0002734
1313	-0.0002762
1314	-0.0002761
1315	-0.0000826
1316	-0.0000330
1317	-0.0000000
1318	0.0000000
1319	0.0000000
1320	0.0000000
1321	0.0000000
1322	0.0000000
1323	0.0000000
1324	0.0000000
1325	0.0000000
1326	-0.0000000
1327	-0.0000016
1328	-0.0000281
1329	-0.0002985
1330	-0.0005782
1331	-0.0011188
1332	-0.0010805
1333	-0.0013418
1334	-0.0010222
1335	-0.0001911
1336	-0.0004628
1337	-0.0011178
1338	-0.0007107
1339	-0.0003491
1340	-0.0000531
1341	-0.0000007
1342	0.0000000
1343	0.0000000
1344	0.0000000
1345	0.0000000
1346	0.0000000
1347	0.0000000
1348	0.0000000
1349	0.0000000
1350	-0.0000005
1351	-0.0000104
1352	-0.0000020
1353	-0.0000071
1354	-0.0000486
1355	-0.0001706
1356	-0.0001047
1357	-0.0000048
1358	0.0000000
1359	0.0000000
1360	-0.0000241
1361	-0.0001640
1362	-0.0004174
1363	-0.0002225
1364	-0.0000127
1365	-0.0000010
1366	-0.0000012
1367	0.0000000
1368	0.0000000
1369	0.0000000
1370	0.0000000
1371	0.0000000
1372	0.0000000
1373	-0.0000000
1374	-0.0000004
1375	-0.0000125
1376	-0.0000359
1377	-0.0001621
1378	-0.0006460
1379	-0.0011563
1380	-0.0008473
1381	-0.0012523
1382	-0.0005248
1383	-0.0013012
1384	-0.0015359
1385	-0.0014419
1386	-0.0010287
1387	-0.0004967
1388	-0.0000104
1389	0.0000000
1390	0.0000000
1391	0.0000000
1392	0.0000000
1393	0.0000000
1394	0.0000000
1395	0.0000000
1396	0.0000000
1397	-0.0000000
1398	-0.0000001
1399	-0.0000144
1400	-0.0001121
1401	-0.0007406
1402	-0.0013242
1403	-0.0018029
1404	-0.0018949
1405	-0.0019001
1406	-0.0014413
1407	-0.0016458
1408	-0.0016704
1409	-0.0015336
1410	-0.0011157
1411	-0.0006026
1412	-0.0001211
1413	-0.0000040
1414	-0.0000015
1415	0.0000000
1416	0.0000000
1417	0.0000000
1418	0.0000000
1419	0.0000000
1420	0.0000000
1421	0.0000000
1422	-0.0000000
1423	-0.0000047
1424	-0.0001735
1425	-0.0008326
1426	-0.0012395
1427	-0.0014724
1428	-0.0015416
1429	-0.0015229
1430	-0.0015707
1431	-0.0000012
1432	0.0000000
1433	-0.0001649
1434	-0.0009999
1435	-0.0006964
1436	-0.0001829
1437	-0.0000056
1438	-0.0000043
1439	-0.0000040
1440	0.0000000
1441	0.0000000
1442	0.0000000
1443	0.0000000
1444	0.0000000
1445	0.0000000
1446	-0.0000000
1447	-0.0000014
1448	-0.0000546
1449	-0.0004115
1450	-0.0011630
1451	-0.0013812
1452	-0.0015416
1453	-0.0014856
1454	-0.0016636
1455	-0.0016018
1456	-0.0014507
1457	-0.0012786
1458	-0.0010214
1459	-0.0006358
1460	-0.0001228
1461	-0.0000050
1462	-0.0000034
1463	-0.0000028
1464	0.0000000
1465	0.0000000
1466	0.0000000
1467	0.0000000
1468	0.0000000
1469	0.0000000
1470	-0.0000000
1471	-0.0000014
1472	-0.0000609
1473	-0.0003885
1474	-0.0010044
1475	-0.0012815
1476	-0.0015772
1477	-0.0017907
1478	-0.0018500
1479	-0.0019121
1480	-0.0015668
1481	-0.0010450
1482	-0.0008795
1483	-0.0002965
1484	-0.0000402
1485	-0.0000025
1486	-0.0000037
1487	-0.0000000
1488	0.0000000
1489	0.0000000
1490	0.0000000
1491	0.0000000
1492	0.0000000
1493	0.0000000
1494	0.0000000
1495	0.0000000
1496	0.0000000
1497	-0.0000116
1498	-0.0002632
1499	-0.0009389
1500	-0.0009844
1501	-0.0015656
1502	-0.0018989
1503	-0.0017828
1504	-0.0016386
1505	-0.0013728
1506	-0.0009672
1507	-0.0003928
1508	-0.0000430
1509	-0.0000003
1510	0.0000000
1511	0.0000000
1512	0.0000000
1513	0.0000000
1514	0.0000000
1515	0.0000000
1516	0.0000000
1517	0.0000000
1518	0.0000000
1519	-0.0000001
1520	-0.0000002
1521	0.0000000
1522	0.0000000
1523	0.0000000
1524	-0.0000125
1525	-0.0005079
1526	-0.0014686
1527	-0.0015803
1528	-0.0012405
1529	-0.0011168
1530	-0.0008005
1531	-0.0003674
1532	-0.0000410
1533	-0.0000006
1534	0.0000000
1535	0.0000000
1536	0.0000000
1537	0.0000000
1538	0.0000000
1539	0.0000000
1540	0.0000000
1541	0.0000000
1542	-0.0000000
1543	-0.0000050
1544	-0.0000672
1545	-0.0003411
1546	-0.0010230
1547	-0.0014990
1548	-0.0018256
1549	-0.0020169
1550	-0.0020089
1551	-0.0019171
1552	-0.0016550
1553	-0.0011235
1554	-0.0005464
1555	-0.0001900
1556	-0.0000055
1557	-0.0000013
1558	0.0000000
1559	0.0000000
1560	0.0000000
1561	0.0000000
1562	0.0000000
1563	0.0000000
1564	0.0000000
1565	0.0000000
1566	0.0000000
1567	-0.0000046
1568	-0.0000858
1569	-0.0003941
1570	-0.0009900
1571	-0.0015121
1572	-0.0011061
1573	-0.0006138
1574	-0.0006172
1575	-0.0005500
1576	-0.0004022
1577	-0.0002224
1578	-0.0001119
1579	-0.0000458
1580	-0.0000008
1581	-0.0000000
1582	-0.0000001
1583	0.0000000
1584	0.0000000
1585	0.0000000
1586	0.0000000
1587	0.0000000
1588	0.0000000
1589	0.0000000
1590	-0.0000000
1591	-0.0000057
1592	-0.0000379
1593	-0.0001777
1594	-0.0007172
1595	-0.0013956
1596	-0.0017621
1597	-0.0019478
1598	-0.0020055
1599	-0.0018669
1600	-0.0015779
1601	-0.0015074
1602	-0.0008697
1603	-0.0003371
1604	-0.0000575
1605	-0.0000011
1606	-0.0000000
1607	0.0000000
1608	0.0000000
1609	0.0000000
1610	0.0000000
1611	0.0000000
1612	0.0000000
1613	0.0000000
1614	-0.0000000
1615	-0.0000012
1616	-0.0001212
1617	-0.0005967
1618	-0.0011367
1619	-0.0015235
1620	-0.0018182
1621	-0.0019690
1622	-0.0012799
1623	-0.0011088
1624	-0.0014886
1625	-0.0012534
1626	-0.0008281
1627	-0.0004126
1628	-0.0000372
1629	-0.0000055
1630	-0.0000041
1631	-0.0000026
1632	-0.0000000
1633	0.0000000
1634	0.0000000
1635	0.0000000
1636	0.0000000
1637	0.0000000
1638	0.0000000
1639	0.0000000
1640	-0.0000025
1641	-0.0000002
1642	0.0000000
1643	-0.0001024
1644	-0.0010315
1645	-0.0016898
1646	-0.0017787
1647	-0.0016126
1648	-0.0016988
1649	-0.0014803
1650	-0.0010477
1651	-0.0004393
1652	-0.0000833
1653	-0.0000016
1654	-0.0000010
1655	-0.0000002
1656	0.0000000
1657	0.0000000
1658	0.0000000
1659	0.0000000
1660	0.0000000
1661	0.0000000
1662	0.0000000
1663	-0.0000001
1664	-0.0000370
1665	-0.0005418
1666	-0.0012150
1667	-0.0014385
1668	-0.0018080
1669	-0.0018477
1670	-0.0018472
1671	-0.0012692
1672	-0.0010276
1673	-0.0008278
1674	-0.0006502
1675	-0.0003396
1676	-0.0000412
1677	-0.0000054
1678	-0.0000004
1679	0.0000000
1680	0.0000000
1681	0.0000000
1682	0.0000000
1683	0.0000000
1684	0.0000000
1685	0.0000000
1686	-0.0000000
1687	-0.0000158
1688	-0.0003680
1689	-0.0007433
1690	-0.0009690
1691	-0.0009840
1692	-0.0011934
1693	-0.0010949
1694	-0.0012582
1695	-0.0014202
1696	-0.0011889
1697	-0.0012998
1698	-0.0010114
1699	-0.0000085
1700	0.0000000
1701	0.0000000
1702	0.0000000
1703	0.0000000
1704	0.0000000
1705	0.0000000
1706	0.0000000
1707	0.0000000
1708	0.0000000
1709	-0.0000000
1710	-0.0000000
1711	-0.0000072
1712	-0.0001677
1713	-0.0008044
1714	-0.0011237
1715	-0.0012509
1716	-0.0012865
1717	-0.0011925
1718	-0.0012868
1719	-0.0011996
1720	-0.0010132
1721	-0.0009947
1722	-0.0007881
1723	-0.0002505
1724	-0.0000476
1725	-0.0000027
1726	-0.0000025
1727	-0.0000028
1728	-0.0000000
1729	0.0000000
1730	0.0000000
1731	0.0000000
1732	0.0000000
1733	0.0000000
1734	-0.0000000
1735	-0.0000018
1736	-0.0000498
1737	-0.0005118
1738	-0.0010146
1739	-0.0013059
1740	-0.0015539
1741	-0.0016826
1742	-0.0017826
1743	-0.0015969
1744	-0.0012792
1745	-0.0010826
1746	-0.0007494
1747	-0.0001758
1748	-0.0000124
1749	-0.0000009
1750	-0.0000009
1751	-0.0000008
1752	0.0000000
1753	0.0000000
1754	0.0000000
1755	0.0000000
1756	0.0000000
1757	0.0000000
1758	0.0000000
1759	0.0000000
1760	-0.0000005
1761	-0.0000107
1762	-0.0000887
1763	-0.0006537
1764	-0.0012369
1765	-0.0014733
1766	-0.0015750
1767	-0.0015459
1768	-0.0013880
1769	-0.0011488
1770	-0.0006114
1771	-0.0001426
1772	-0.0000355
1773	-0.0000010
1774	-0.0000000
1775	-0.0000006
1776	0.0000000
1777	0.0000000
1778	0.0000000
1779	0.0000000
1780	0.0000000
1781	0.0000000
1782	0.0000000
1783	-0.0000007
1784	-0.0000128
1785	-0.0000503
1786	-0.0000005
1787	-0.0000009
1788	-0.0001825
1789	-0.0008315
1790	-0.0010674
1791	-0.0010272
1792	-0.0006286
1793	-0.0007953
1794	-0.0004958
1795	-0.0000864
1796	-0.0000025
1797	-0.0000000
1798	0.0000000
1799	0.0000000
1800	0.0000000
1801	0.0000000
1802	0.0000000
1803	0.0000000
1804	0.0000000
1805	0.0000000
1806	0.0000000
1807	-0.0000001
1808	-0.0000047
1809	-0.0000633
1810	-0.0001715
1811	-0.0003240
1812	-0.0003995
1813	-0.0001309
1814	-0.0001324
1815	-0.0003561
1816	-0.0006092
1817	-0.0007512
1818	-0.0004683
1819	-0.0001098
1820	-0.0000096
1821	-0.0000022
1822	-0.0000016
1823	0.0000000
1824	0.0000000
1825	0.0000000
1826	0.0000000
1827	0.0000000
1828	0.0000000
1829	-0.0000000
1830	-0.0000000
1831	-0.0000017
1832	-0.0000245
1833	-0.0001483
1834	-0.0003784
1835	-0.0008354
1836	-0.0011798
1837	-0.0014009
1838	-0.0015093
1839	-0.0015433
1840	-0.0013617
1841	-0.0009737
1842	-0.0003893
1843	-0.0001000
1844	-0.0000130
1845	-0.0000023
1846	-0.0000026
1847	-0.0000018
1848	0.0000000
1849	0.0000000
1850	0.0000000
1851	0.0000000
1852	0.0000000
1853	0.0000000
1854	0.0000000
1855	-0.0000003
1856	-0.0000224
1857	-0.0000850
1858	-0.0002306
1859	-0.0004855
1860	-0.0004841
1861	-0.0004884
1862	-0.0005304
1863	-0.0005033
1864	-0.0005010
1865	-0.0004278
1866	-0.0002335
1867	-0.0000796
1868	-0.0000079
1869	-0.0000021
1870	-0.0000027
1871	-0.0000028
1872	0.0000000
1873	0.0000000
1874	0.0000000
1875	0.0000000
1876	0.0000000
1877	0.0000000
1878	0.0000000
1879	-0.0000003
1880	-0.0000062
1881	-0.0000866
1882	-0.0004029
1883	-0.0009057
1884	-0.0009334
1885	-0.0011471
1886	-0.0014393
1887	-0.0015389
1888	-0.0011725
1889	-0.0011421
1890	-0.0006592
1891	-0.0001323
1892	-0.0000062
1893	-0.0000006
1894	-0.0000037
1895	-0.0000000
1896	0.0000000
1897	0.0000000
1898	0.0000000
1899	0.0000000
1900	0.0000000
1901	-0.0000000
1902	-0.0000000
1903	-0.0000080
1904	-0.0001345
1905	-0.0004996
1906	-0.0007936
1907	-0.0009257
1908	-0.0009710
1909	-0.0010025
1910	-0.0011290
1911	-0.0007905
1912	-0.0007150
1913	-0.0006228
1914	-0.0005171
1915	-0.0001659
1916	-0.0000177
1917	-0.0000042
1918	-0.0000029
1919	-0.0000020
1920	0.0000000
1921	0.0000000
1922	0.0000000
1923	0.0000000
1924	0.0000000
1925	0.0000000
1926	0.0000000
1927	-0.0000000
1928	-0.0000065
1929	-0.0002283
1930	-0.0007898
1931	-0.0010066
1932	-0.0010087
1933	-0.0013663
1934	-0.0015145
1935	-0.0014896
1936	-0.0013239
1937	-0.0011192
1938	-0.0006686
1939	-0.0002213
1940	-0.0000408
1941	-0.0000032
1942	-0.0000028
1943	-0.0000011
1944	0.0000000
1945	0.0000000
1946	0.0000000
1947	0.0000000
1948	0.0000000
1949	0.0000000
1950	-0.0000000
1951	-0.0000013
1952	-0.0000322
1953	-0.0004653
1954	-0.0009684
1955	-0.0012766
1956	-0.0014548
1957	-0.0016962
1958	-0.0018112
1959	-0.0017774
1960	-0.0016259
1961	-0.0013241
1962	-0.0008239
1963	-0.0002419
1964	-0.0000240
1965	-0.0000027
1966	-0.0000038
1967	-0.0000000
1968	0.0000000
1969	0.0000000
1970	0.0000000
1971	0.0000000
1972	0.0000000
1973	-0.0000000
1974	-0.0000001
1975	-0.0000047
1976	-0.0001173
1977	-0.0007396
1978	-0.0012341
1979	-0.0016585
1980	-0.0020019
1981	-0.0020941
1982	-0.0021215
1983	-0.0020492
1984	-0.0018908
1985	-0.0014674
1986	-0.0008994
1987	-0.0003296
1988	-0.0000202
1989	-0.0000025
1990	-0.0000000
