TIME_UNITS h
DATA_UNITS kg/s
0	-0.0000031
1	-0.0000081
2	-0.0000097
3	-0.0000047
4	-0.0000030
5	-0.0000012
6	-0.0000145
7	-0.0001952
8	-0.0011939
9	-0.0024734
10	-0.0039433
11	-0.0054569
12	-0.0060256
13	-0.0064654
14	-0.0068967
15	-0.0070507
16	-0.0068926
17	-0.0062331
18	-0.0050907
19	-0.0032186
20	-0.0011131
21	-0.0001252
22	-0.0000122
23	-0.0000057
24	-0.0000063
25	-0.0000045
26	-0.0000020
27	-0.0000019
28	0.0000000
29	0.0000000
30	0.0000000
31	0.0000000
32	-0.0008904
33	-0.0028819
34	-0.0050618
35	-0.0066790
36	-0.0073681
37	-0.0077204
38	-0.0069973
39	-0.0055605
40	-0.0047642
41	-0.0020046
42	-0.0009618
43	-0.0007040
44	-0.0001826
45	-0.0000007
46	0.0000000
47	0.0000000
48	0.0000000
49	0.0000000
50	0.0000000
51	0.0000000
52	0.0000000
53	0.0000000
54	0.0000000
55	0.0000000
56	0.0000000
57	-0.0000002
58	-0.0000480
59	-0.0006627
60	-0.0044058
61	-0.0047301
62	-0.0068494
63	-0.0068149
64	-0.0000058
65	0.0000000
66	-0.0001195
67	-0.0005386
68	-0.0001746
69	-0.0000062
70	-0.0000001
71	-0.0000047
72	-0.0000029
73	-0.0000035
74	-0.0000010
75	-0.0000003
76	-0.0000031
77	-0.0000029
78	-0.0000845
79	-0.0006659
80	-0.0007097
81	-0.0013395
82	-0.0022896
83	-0.0029138
84	-0.0031138
85	-0.0043928
86	-0.0054564
87	-0.0057389
88	-0.0046140
89	-0.0044439
90	-0.0032202
91	-0.0014307
92	-0.0004731
93	-0.0000402
94	-0.0000076
95	0.0000000
96	0.0000000
97	0.0000000
98	0.0000000
99	0.0000000
100	0.0000000
101	0.0000000
102	0.0000000
103	-0.0001256
104	-0.0011646
105	-0.0036525
106	-0.0053382
107	-0.0070701
108	-0.0067360
109	-0.0059847
110	-0.0042712
111	-0.0000174
112	0.0000000
113	-0.0000357
114	-0.0002398
115	-0.0000005
116	-0.0000000
117	0.0000000
118	0.0000000
119	0.0000000
120	0.0000000
121	-0.0000000
122	0.0000000
123	-0.0000002
124	-0.0000008
125	-0.0000005
126	-0.0000039
127	0.0000000
128	-0.0000487
129	-0.0003478
130	-0.0007283
131	-0.0010268
132	-0.0014283
133	-0.0014191
134	-0.0012617
135	-0.0011775
136	-0.0019796
137	-0.0024639
138	-0.0022189
139	-0.0016330
140	-0.0002939
141	-0.0000083
142	0.0000000
143	0.0000000
144	0.0000000
145	0.0000000
146	-0.0000000
147	-0.0000001
148	-0.0000003
149	0.0000000
150	-0.0000011
151	-0.0001685
152	-0.0007322
153	-0.0034269
154	-0.0059976
155	-0.0066343
156	-0.0087868
157	-0.0058180
158	-0.0062312
159	-0.0051907
160	-0.0033336
161	-0.0029984
162	-0.0027430
163	-0.0012699
164	-0.0004933
165	-0.0000858
166	-0.0000184
167	-0.0000142
168	0.0000000
169	0.0000000
170	0.0000000
171	0.0000000
172	-0.0000000
173	-0.0000001
174	-0.0000214
175	-0.0001547
176	-0.0005687
177	-0.0010906
178	-0.0011853
179	-0.0023173
180	-0.0043315
181	-0.0048010
182	-0.0046754
183	-0.0039702
184	-0.0015596
185	-0.0018684
186	-0.0023650
187	-0.0017007
188	-0.0003416
189	-0.0000011
190	0.0000000
191	0.0000000
192	0.0000000
193	0.0000000
194	0.0000000
195	0.0000000
196	0.0000000
197	-0.0000000
198	-0.0000004
199	-0.0000789
200	-0.0004396
201	-0.0012258
202	-0.0019432
203	-0.0032939
204	-0.0040069
205	-0.0034622
206	-0.0032874
207	-0.0034208
208	-0.0012644
209	-0.0020937
210	-0.0017465
211	-0.0000253
212	-0.0000017
213	-0.0000000
214	-0.0000000
215	0.0000000
216	0.0000000
217	0.0000000
218	0.0000000
219	0.0000000
220	0.0000000
221	0.0000000
222	0.0000000
223	-0.0000003
224	-0.0000019
225	-0.0000106
226	-0.0000011
227	-0.0000034
228	-0.0000145
229	-0.0001884
230	-0.0005943
231	-0.0009633
232	-0.0016699
233	-0.0020147
234	-0.0014683
235	-0.0008082
236	-0.0001673
237	0.0000000
238	0.0000000
239	0.0000000
240	0.0000000
241	0.0000000
242	0.0000000
243	0.0000000
244	0.0000000
245	0.0000000
246	0.0000000
247	-0.0000024
248	-0.0007010
249	-0.0028605
250	-0.0055062
251	-0.0069225
252	-0.0081721
253	-0.0091120
254	-0.0093671
255	-0.0091281
256	-0.0079460
257	-0.0071708
258	-0.0056594
259	-0.0035435
260	-0.0008831
261	-0.0000423
262	-0.0000049
263	0.0000000
264	0.0000000
265	0.0000000
266	0.0000000
267	0.0000000
268	0.0000000
269	-0.0000000
270	-0.0000006
271	-0.0000949
272	-0.0012288
273	-0.0022477
274	-0.0034138
275	-0.0060197
276	-0.0092494
277	-0.0096418
278	-0.0097137
279	-0.0100193
280	-0.0087571
281	-0.0080852
282	-0.0059980
283	-0.0028446
284	-0.0008081
285	-0.0001683
286	-0.0000525
287	-0.0000000
288	0.0000000
289	0.0000000
290	0.0000000
291	0.0000000
292	0.0000000
293	-0.0000001
294	-0.0000059
295	-0.0003090
296	-0.0028230
297	-0.0046790
298	-0.0070135
299	-0.0083366
300	-0.0090523
301	-0.0090446
302	-0.0077305
303	-0.0072635
304	-0.0077443
305	-0.0038022
306	-0.0044309
307	-0.0022952
308	-0.0006664
309	-0.0000180
310	0.0000000
311	0.0000000
312	0.0000000
313	0.0000000
314	0.0000000
315	0.0000000
316	0.0000000
317	0.0000000
318	0.0000000
319	-0.0000692
320	-0.0006882
321	-0.0025201
322	-0.0053232
323	-0.0071545
324	-0.0082144
325	-0.0089328
326	-0.0089332
327	-0.0088684
328	-0.0083963
329	-0.0069695
330	-0.0052097
331	-0.0027910
332	-0.0008596
333	-0.0000737
334	0.0000000
335	0.0000000
336	0.0000000
337	0.0000000
338	0.0000000
339	0.0000000
340	0.0000000
341	0.0000000
342	0.0000000
343	-0.0001218
344	-0.0009926
345	-0.0025905
346	-0.0047775
347	-0.0070813
348	-0.0086222
349	-0.0094427
350	-0.0097472
351	-0.0096552
352	-0.0089721
353	-0.0070927
354	-0.0039423
355	-0.0026811
356	-0.0007694
357	-0.0000836
358	-0.0000206
359	-0.0000001
360	0.0000000
361	0.0000000
362	0.0000000
363	0.0000000
364	0.0000000
365	0.0000000
366	0.0000000
367	0.0000000
368	0.0000000
369	-0.0000263
370	-0.0004225
371	-0.0026653
372	-0.0030645
373	-0.0030187
374	-0.0021786
375	-0.0038426
376	-0.0045705
377	-0.0049941
378	-0.0042683
379	-0.0024298
380	-0.0005553
381	-0.0000316
382	-0.0000052
383	-0.0000000
384	0.0000000
385	0.0000000
386	0.0000000
387	0.0000000
388	0.0000000
389	0.0000000
390	0.0000000
391	-0.0000482
392	-0.0003457
393	-0.0001652
394	-0.0002159
395	-0.0004728
396	-0.0011139
397	-0.0011048
398	-0.0003614
399	-0.0004470
400	-0.0018676
401	-0.0053041
402	-0.0046334
403	-0.0030461
404	-0.0007149
405	-0.0000276
406	-0.0000147
407	-0.0000011
408	0.0000000
409	0.0000000
410	0.0000000
411	0.0000000
412	0.0000000
413	0.0000000
414	0.0000000
415	-0.0000241
416	-0.0004202
417	-0.0013504
418	-0.0020507
419	-0.0026654
420	-0.0030110
421	-0.0035631
422	-0.0039499
423	-0.0050080
424	-0.0057894
425	-0.0051854
426	-0.0039970
427	-0.0029359
428	-0.0011204
429	-0.0000333
430	-0.0000039
431	-0.0000016
432	0.0000000
433	0.0000000
434	0.0000000
435	0.0000000
436	0.0000000
437	0.0000000
438	0.0000000
439	-0.0000013
440	-0.0000049
441	-0.0000400
442	-0.0000318
443	-0.0000001
444	0.0000000
445	0.0000000
446	-0.0008764
447	-0.0052427
448	-0.0022390
449	-0.0000048
450	0.0000000
451	0.0000000
452	0.0000000
453	-0.0000001
454	-0.0000001
455	-0.0000009
456	-0.0000022
457	0.0000000
458	0.0000000
459	0.0000000
460	0.0000000
461	0.0000000
462	-0.0000014
463	-0.0000507
464	-0.0002390
465	-0.0006100
466	-0.0013814
467	-0.0021807
468	-0.0019603
469	-0.0018763
470	-0.0027460
471	-0.0014260
472	-0.0035199
473	-0.0036824
474	-0.0032150
475	-0.0020277
476	-0.0002932
477	-0.0000001
478	0.0000000
479	-0.0000051
480	0.0000000
481	0.0000000
482	0.0000000
483	0.0000000
484	0.0000000
485	0.0000000
486	-0.0000015
487	-0.0000179
488	-0.0000286
489	-0.0000033
490	-0.0000264
491	-0.0004779
492	-0.0008514
493	-0.0021588
494	-0.0029360
495	-0.0029794
496	-0.0037505
497	-0.0038499
498	-0.0035844
499	-0.0025225
500	-0.0012657
501	-0.0001117
502	-0.0000018
503	-0.0000042
504	-0.0000119
505	-0.0000048
506	-0.0000120
507	-0.0000219
508	-0.0000277
509	-0.0000238
510	-0.0004119
511	-0.0007696
512	-0.0014373
513	-0.0000151
514	0.0000000
515	-0.0002885
516	-0.0016459
517	-0.0036534
518	-0.0047036
519	-0.0046746
520	-0.0042718
521	-0.0041664
522	-0.0042505
523	-0.0033325
524	-0.0017156
525	-0.0001738
526	-0.0000126
527	-0.0000000
528	0.0000000
529	0.0000000
530	0.0000000
531	0.0000000
532	0.0000000
533	0.0000000
534	-0.0000005
535	-0.0000122
536	-0.0005479
537	-0.0026830
538	-0.0034501
539	-0.0038478
540	-0.0033136
541	-0.0046761
542	-0.0055158
543	-0.0054313
544	-0.0047621
545	-0.0041828
546	-0.0037464
547	-0.0028660
548	-0.0014104
549	-0.0001859
550	-0.0000168
551	-0.0000000
552	0.0000000
553	0.0000000
554	0.0000000
555	0.0000000
556	0.0000000
557	0.0000000
558	-0.0000000
559	-0.0000158
560	-0.0007150
561	-0.0030605
562	-0.0043164
563	-0.0042497
564	-0.0048729
565	-0.0061238
566	-0.0066036
567	-0.0069281
568	-0.0067976
569	-0.0061358
570	-0.0051221
571	-0.0036903
572	-0.0013444
573	-0.0002728
574	-0.0000000
575	0.0000000
576	0.0000000
577	0.0000000
578	0.0000000
579	0.0000000
580	-0.0000000
581	-0.0000000
582	-0.0000009
583	-0.0000432
584	-0.0007909
585	-0.0035663
586	-0.0054641
587	-0.0069745
588	-0.0082756
589	-0.0087743
590	-0.0087836
591	-0.0086574
592	-0.0074414
593	-0.0067294
594	-0.0052928
595	-0.0038713
596	-0.0009522
597	-0.0000923
598	-0.0000179
599	0.0000000
600	0.0000000
601	0.0000000
602	0.0000000
603	0.0000000
604	0.0000000
605	-0.0000000
606	-0.0000067
607	-0.0001871
608	-0.0019736
609	-0.0053405
610	-0.0071294
611	-0.0085005
612	-0.0095387
613	-0.0102605
614	-0.0107200
615	-0.0106699
616	-0.0102053
617	-0.0086179
618	-0.0059417
619	-0.0032073
620	-0.0009946
621	-0.0002062
622	-0.0000330
623	-0.0000458
624	-0.0000000
625	0.0000000
626	0.0000000
627	0.0000000
628	0.0000000
629	0.0000000
630	-0.0000019
631	-0.0000996
632	-0.0026719
633	-0.0061915
634	-0.0079120
635	-0.0095424
636	-0.0104240
637	-0.0109170
638	-0.0109972
639	-0.0112314
640	-0.0110437
641	-0.0094808
642	-0.0060361
643	-0.0035859
644	-0.0012870
645	-0.0002735
646	-0.0000590
647	-0.0000670
648	-0.0000000
649	0.0000000
650	0.0000000
651	0.0000000
652	0.0000000
653	-0.0000001
654	-0.0000056
655	-0.0002735
656	-0.0028927
657	-0.0065075
658	-0.0085897
659	-0.0093809
660	-0.0107081
661	-0.0120228
662	-0.0121066
663	-0.0116939
664	-0.0120540
665	-0.0103558
666	-0.0074132
667	-0.0050444
668	-0.0015248
669	-0.0001855
670	-0.0000604
671	-0.0000431
672	-0.0000000
673	0.0000000
674	0.0000000
675	0.0000000
676	0.0000000
677	0.0000000
678	0.0000000
679	-0.0000026
680	-0.0000021
681	-0.0000039
682	-0.0001827
683	-0.0015160
684	-0.0001709
685	-0.0004672
686	-0.0016861
687	-0.0029568
688	-0.0043008
689	-0.0032023
690	-0.0019551
691	-0.0008037
692	-0.0000844
693	-0.0000494
694	-0.0000000
695	0.0000000
696	0.0000000
697	0.0000000
698	0.0000000
699	0.0000000
700	-0.0000002
701	-0.0000003
702	-0.0000006
703	-0.0000027
704	-0.0006163
705	-0.0019505
706	-0.0020570
707	-0.0046165
708	-0.0052892
709	-0.0060336
710	-0.0045801
711	-0.0052258
712	-0.0067861
713	-0.0059107
714	-0.0044837
715	-0.0015361
716	-0.0002005
717	-0.0000245
718	-0.0000104
719	0.0000000
720	0.0000000
721	0.0000000
722	0.0000000
723	0.0000000
724	0.0000000
725	0.0000000
726	-0.0000015
727	-0.0000620
728	-0.0008397
729	-0.0017970
730	-0.0032345
731	-0.0069642
732	-0.0087029
733	-0.0089242
734	-0.0065138
735	-0.0066830
736	-0.0090678
737	-0.0071876
738	-0.0052924
739	-0.0026245
740	-0.0003414
741	-0.0000557
742	-0.0000141
743	0.0000000
744	0.0000000
745	0.0000000
746	0.0000000
747	0.0000000
748	0.0000000
749	-0.0000001
750	-0.0000010
751	-0.0000159
752	-0.0000643
753	-0.0000057
754	-0.0000064
755	-0.0010449
756	-0.0029352
757	-0.0046889
758	-0.0053787
759	-0.0065234
760	-0.0066929
761	-0.0072661
762	-0.0054870
763	-0.0034167
764	-0.0011669
765	-0.0000358
766	-0.0000168
767	0.0000000
768	0.0000000
769	0.0000000
770	0.0000000
771	0.0000000
772	0.0000000
773	0.0000000
774	0.0000000
775	-0.0000113
776	-0.0005227
777	-0.0018041
778	-0.0044855
779	-0.0068012
780	-0.0086876
781	-0.0085615
782	-0.0087261
783	-0.0090039
784	-0.0085938
785	-0.0083541
786	-0.0063382
787	-0.0037892
788	-0.0008795
789	-0.0001874
790	-0.0000238
791	0.0000000
792	0.0000000
793	0.0000000
794	0.0000000
795	0.0000000
796	0.0000000
797	0.0000000
798	0.0000000
799	-0.0000002
800	-0.0007479
801	-0.0034806
802	-0.0065889
803	-0.0085947
804	-0.0101230
805	-0.0106174
806	-0.0109528
807	-0.0107264
808	-0.0099960
809	-0.0084353
810	-0.0059408
811	-0.0022426
812	-0.0000537
813	-0.0000232
814	-0.0000229
815	-0.0000217
816	0.0000000
817	0.0000000
818	0.0000000
819	0.0000000
820	0.0000000
821	0.0000000
822	-0.0000006
823	-0.0000686
824	-0.0011754
825	-0.0054074
826	-0.0073515
827	-0.0088779
828	-0.0103110
829	-0.0113421
830	-0.0116383
831	-0.0112718
832	-0.0095813
833	-0.0068526
834	-0.0038225
835	-0.0015325
836	-0.0007683
837	-0.0000407
838	-0.0000097
839	-0.0000003
840	0.0000000
841	0.0000000
842	0.0000000
843	0.0000000
844	0.0000000
845	0.0000000
846	0.0000000
847	-0.0000954
848	-0.0004918
849	-0.0015980
850	-0.0045731
851	-0.0068423
852	-0.0081136
853	-0.0075434
854	-0.0069663
855	-0.0060614
856	-0.0068893
857	-0.0073642
858	-0.0061840
859	-0.0046566
860	-0.0019858
861	-0.0001691
862	-0.0000000
863	0.0000000
864	0.0000000
865	0.0000000
866	0.0000000
867	0.0000000
868	0.0000000
869	-0.0000000
870	-0.0000036
871	-0.0000343
872	-0.0002024
873	-0.0022809
874	-0.0054321
875	-0.0077101
876	-0.0097167
877	-0.0102329
878	-0.0104857
879	-0.0103125
880	-0.0097324
881	-0.0076688
882	-0.0043502
883	-0.0035141
884	-0.0005102
885	-0.0000494
886	-0.0000080
887	-0.0000060
888	0.0000000
889	0.0000000
890	0.0000000
891	0.0000000
892	0.0000000
893	0.0000000
894	0.0000000
895	0.0000000
896	-0.0003963
897	-0.0030443
898	-0.0067516
899	-0.0083891
900	-0.0100382
901	-0.0107907
902	-0.0113877
903	-0.0110451
904	-0.0073987
905	-0.0044182
906	-0.0038032
907	-0.0024143
908	-0.0002534
909	-0.0001565
910	-0.0000470
911	-0.0000423
912	-0.0000000
913	0.0000000
914	0.0000000
915	0.0000000
916	0.0000000
917	0.0000000
918	0.0000000
919	-0.0000046
920	-0.0001643
921	-0.0000672
922	-0.0004203
923	-0.0018138
924	-0.0001027
925	-0.0000841
926	-0.0010489
927	-0.0035892
928	-0.0052940
929	-0.0068096
930	-0.0057976
931	-0.0036703
932	-0.0010512
933	-0.0000904
934	-0.0000177
935	-0.0000113
936	0.0000000
937	0.0000000
938	0.0000000
939	0.0000000
940	0.0000000
941	0.0000000
942	-0.0000002
943	-0.0000284
944	-0.0007614
945	-0.0045083
946	-0.0063362
947	-0.0080708
948	-0.0093918
949	-0.0095628
950	-0.0098648
951	-0.0099526
952	-0.0093730
953	-0.0081565
954	-0.0065218
955	-0.0034720
956	-0.0013072
957	-0.0001037
958	-0.0000255
959	-0.0000152
960	-0.0000000
961	0.0000000
962	0.0000000
963	0.0000000
964	0.0000000
965	0.0000000
966	-0.0000000
967	-0.0000280
968	-0.0009826
969	-0.0047912
970	-0.0066825
971	-0.0079719
972	-0.0080758
973	-0.0068402
974	-0.0076375
975	-0.0082691
976	-0.0075016
977	-0.0068789
978	-0.0051601
979	-0.0032581
980	-0.0005457
981	-0.0000495
982	-0.0000065
983	-0.0000018
984	0.0000000
985	0.0000000
986	0.0000000
987	0.0000000
988	0.0000000
989	0.0000000
990	0.0000000
991	0.0000000
992	-0.0000002
993	-0.0002682
994	-0.0007243
995	-0.0004537
996	-0.0002744
997	-0.0004104
998	-0.0021334
999	-0.0022666
1000	-0.0009467
1001	-0.0002102
1002	-0.0000376
1003	-0.0000181
1004	-0.0000015
1005	0.0000000
1006	0.0000000
1007	0.0000000
1008	0.0000000
1009	0.0000000
1010	0.0000000
1011	0.0000000
1012	0.0000000
1013	0.0000000
1014	0.0000000
1015	-0.0000118
1016	-0.0001460
1017	-0.0010263
1018	-0.0046160
1019	-0.0060032
1020	-0.0077530
1021	-0.0078168
1022	-0.0076981
1023	-0.0080503
1024	-0.0069471
1025	-0.0043434
1026	-0.0021761
1027	-0.0007197
1028	-0.0002815
1029	-0.0000122
1030	0.0000000
1031	0.0000000
1032	0.0000000
1033	0.0000000
1034	0.0000000
1035	0.0000000
1036	0.0000000
1037	0.0000000
1038	0.0000000
1039	-0.0000026
1040	-0.0002646
1041	-0.0017432
1042	-0.0050128
1043	-0.0072531
1044	-0.0024315
1045	-0.0071383
1046	-0.0067274
1047	-0.0061889
1048	-0.0041939
1049	-0.0043263
1050	-0.0033413
1051	-0.0012543
1052	-0.0002720
1053	-0.0000015
1054	-0.0000001
1055	-0.0000002
1056	0.0000000
1057	0.0000000
1058	0.0000000
1059	0.0000000
1060	0.0000000
1061	0.0000000
1062	-0.0000003
1063	-0.0000568
1064	-0.0004980
1065	-0.0019694
1066	-0.0057932
1067	-0.0075790
1068	-0.0080733
1069	-0.0092391
1070	-0.0095599
1071	-0.0094480
1072	-0.0090207
1073	-0.0076944
1074	-0.0059936
1075	-0.0032974
1076	-0.0010283
1077	-0.0000693
1078	-0.0000030
1079	0.0000000
1080	0.0000000
1081	0.0000000
1082	0.0000000
1083	0.0000000
1084	0.0000000
1085	0.0000000
1086	0.0000000
1087	-0.0000091
1088	-0.0003686
1089	-0.0009064
1090	-0.0014689
1091	-0.0023304
1092	-0.0018345
1093	-0.0034972
1094	-0.0040957
1095	-0.0031158
1096	-0.0028608
1097	-0.0012896
1098	-0.0000714
1099	-0.0000072
1100	0.0000000
1101	0.0000000
1102	0.0000000
1103	0.0000000
1104	0.0000000
1105	0.0000000
1106	0.0000000
1107	0.0000000
1108	0.0000000
1109	0.0000000
1110	-0.0000001
1111	-0.0000200
1112	-0.0002030
1113	-0.0006305
1114	-0.0009910
1115	-0.0021986
1116	-0.0028958
1117	-0.0020706
1118	-0.0033871
1119	-0.0066038
1120	-0.0069016
1121	-0.0052699
1122	-0.0027863
1123	-0.0018170
1124	-0.0000845
1125	-0.0000443
1126	-0.0000000
1127	0.0000000
1128	0.0000000
1129	0.0000000
1130	0.0000000
1131	0.0000000
1132	0.0000000
1133	0.0000000
1134	0.0000000
1135	-0.0000044
1136	-0.0000556
1137	-0.0013088
1138	-0.0032141
1139	-0.0031439
1140	-0.0015560
1141	-0.0031393
1142	-0.0035241
1143	-0.0028167
1144	-0.0032318
1145	-0.0000630
1146	-0.0000944
1147	-0.0000889
1148	-0.0000055
1149	0.0000000
1150	0.0000000
1151	-0.0000012
1152	0.0000000
1153	0.0000000
1154	0.0000000
1155	0.0000000
1156	0.0000000
1157	0.0000000
1158	0.0000000
1159	-0.0000262
1160	-0.0003123
1161	-0.0015665
1162	-0.0043709
1163	-0.0071312
1164	-0.0084919
1165	-0.0094670
1166	-0.0096827
1167	-0.0092224
1168	-0.0088021
1169	-0.0075638
1170	-0.0056788
1171	-0.0033999
1172	-0.0009559
1173	-0.0000079
1174	0.0000000
1175	0.0000000
1176	0.0000000
1177	0.0000000
1178	0.0000000
1179	0.0000000
1180	0.0000000
1181	0.0000000
1182	0.0000000
1183	-0.0000014
1184	-0.0003078
1185	-0.0024696
1186	-0.0061940
1187	-0.0081205
1188	-0.0097510
1189	-0.0104046
1190	-0.0112184
1191	-0.0109886
1192	-0.0099119
1193	-0.0081953
1194	-0.0052912
1195	-0.0027238
1196	-0.0008392
1197	-0.0000612
1198	-0.0000104
1199	-0.0000000
1200	0.0000000
1201	0.0000000
1202	0.0000000
1203	0.0000000
1204	0.0000000
1205	-0.0000000
1206	-0.0000013
1207	-0.0000721
1208	-0.0011824
1209	-0.0043613
1210	-0.0064418
1211	-0.0083525
1212	-0.0097233
1213	-0.0108408
1214	-0.0113494
1215	-0.0103177
1216	-0.0096796
1217	-0.0060325
1218	-0.0038201
1219	-0.0029118
1220	-0.0010727
1221	-0.0000494
1222	-0.0000463
1223	-0.0000436
1224	-0.0000000
1225	0.0000000
1226	0.0000000
1227	0.0000000
1228	0.0000000
1229	0.0000000
1230	-0.0000005
1231	-0.0000509
1232	-0.0001852
1233	-0.0008526
1234	-0.0011440
1235	-0.0051586
1236	-0.0074544
1237	-0.0068250
1238	-0.0095162
1239	-0.0091896
1240	-0.0087106
1241	-0.0071243
1242	-0.0057858
1243	-0.0038053
1244	-0.0011781
1245	-0.0000780
1246	-0.0000196
1247	0.0000000
1248	0.0000000
1249	0.0000000
1250	0.0000000
1251	0.0000000
1252	0.0000000
1253	0.0000000
1254	0.0000000
1255	-0.0000024
1256	-0.0004148
1257	-0.0028204
1258	-0.0057692
1259	-0.0073362
1260	-0.0085557
1261	-0.0090325
1262	-0.0084753
1263	-0.0086882
1264	-0.0084255
1265	-0.0074098
1266	-0.0056716
1267	-0.0029824
1268	-0.0005523
1269	-0.0000225
1270	-0.0000224
1271	-0.0000217
1272	0.0000000
1273	0.0000000
1274	0.0000000
1275	0.0000000
1276	0.0000000
1277	0.0000000
1278	0.0000000
1279	-0.0000005
1280	-0.0004955
1281	-0.0022888
1282	-0.0050163
1283	-0.0065852
1284	-0.0073966
1285	-0.0070970
1286	-0.0071546
1287	-0.0061263
1288	-0.0070601
1289	-0.0057926
1290	-0.0049638
1291	-0.0024853
1292	-0.0005754
1293	-0.0000194
1294	-0.0000117
1295	-0.0000100
1296	0.0000000
1297	0.0000000
1298	0.0000000
1299	0.0000000
1300	0.0000000
1301	0.0000000
1302	-0.0000000
1303	-0.0000000
1304	-0.0000006
1305	-0.0003495
1306	-0.0010454
1307	-0.0017740
1308	-0.0033463
1309	-0.0018521
1310	-0.0009024
1311	-0.0013525
1312	-0.0012935
1313	-0.0013066
1314	-0.0013065
1315	-0.0003906
1316	-0.0001560
1317	-0.0000000
1318	0.0000000
1319	0.0000000
1320	0.0000000
1321	0.0000000
1322	0.0000000
1323	0.0000000
1324	0.0000000
1325	0.0000000
1326	-0.0000000
1327	-0.0000077
1328	-0.0001332
1329	-0.0014124
1330	-0.0027356
1331	-0.0052935
1332	-0.0051123
1333	-0.0063486
1334	-0.0048362
1335	-0.0009043
1336	-0.0021898
1337	-0.0052887
1338	-0.0033625
1339	-0.0016517
1340	-0.0002510
1341	-0.0000033
1342	0.0000000
1343	0.0000000
1344	0.0000000
1345	0.0000000
1346	0.0000000
1347	0.0000000
1348	0.0000000
1349	0.0000000
1350	-0.0000025
1351	-0.0000494
1352	-0.0000093
1353	-0.0000336
1354	-0.0002298
1355	-0.0008071
1356	-0.0004956
1357	-0.0000226
1358	0.0000000
1359	0.0000000
1360	-0.0001140
1361	-0.0007761
1362	-0.0019747
1363	-0.0010525
1364	-0.0000600
1365	-0.0000048
1366	-0.0000056
1367	0.0000000
1368	0.0000000
1369	0.0000000
1370	0.0000000
1371	0.0000000
1372	0.0000000
1373	-0.0000000
1374	-0.0000018
1375	-0.0000591
1376	-0.0001697
1377	-0.0007668
1378	-0.0030566
1379	-0.0054706
1380	-0.0040089
1381	-0.0059251
1382	-0.0024832
1383	-0.0061562
1384	-0.0072670
1385	-0.0068219
1386	-0.0048672
1387	-0.0023498
1388	-0.0000491
1389	0.0000000
1390	0.0000000
1391	0.0000000
1392	0.0000000
1393	0.0000000
1394	0.0000000
1395	0.0000000
1396	0.0000000
1397	-0.0000000
1398	-0.0000005
1399	-0.0000682
1400	-0.0005302
1401	-0.0035039
1402	-0.0062652
1403	-0.0085300
1404	-0.0089655
1405	-0.0089899
1406	-0.0068192
1407	-0.0077869
1408	-0.0079030
1409	-0.0072557
1410	-0.0052788
1411	-0.0028511
1412	-0.0005728
1413	-0.0000190
1414	-0.0000070
1415	0.0000000
1416	0.0000000
1417	0.0000000
1418	0.0000000
1419	0.0000000
1420	0.0000000
1421	0.0000000
1422	-0.0000000
1423	-0.0000221
1424	-0.0008207
1425	-0.0039393
1426	-0.0058646
1427	-0.0069664
1428	-0.0072936
1429	-0.0072052
1430	-0.0074313
1431	-0.0000056
1432	0.0000000
1433	-0.0007804
1434	-0.0047308
1435	-0.0032949
1436	-0.0008652
1437	-0.0000264
1438	-0.0000205
1439	-0.0000189
1440	0.0000000
1441	0.0000000
1442	0.0000000
1443	0.0000000
1444	0.0000000
1445	0.0000000
1446	-0.0000001
1447	-0.0000066
1448	-0.0002585
1449	-0.0019471
1450	-0.0055026
1451	-0.0065349
1452	-0.0072937
1453	-0.0070287
1454	-0.0078710
1455	-0.0075784
1456	-0.0068638
1457	-0.0060497
1458	-0.0048326
1459	-0.0030081
1460	-0.0005808
1461	-0.0000236
1462	-0.0000159
1463	-0.0000131
1464	0.0000000
1465	0.0000000
1466	0.0000000
1467	0.0000000
1468	0.0000000
1469	0.0000000
1470	-0.0000000
1471	-0.0000064
1472	-0.0002881
1473	-0.0018379
1474	-0.0047522
1475	-0.0060632
1476	-0.0074622
1477	-0.0084721
1478	-0.0087530
1479	-0.0090468
1480	-0.0074128
1481	-0.0049441
1482	-0.0041613
1483	-0.0014027
1484	-0.0001901
1485	-0.0000118
1486	-0.0000176
1487	-0.0000000
1488	0.0000000
1489	0.0000000
1490	0.0000000
1491	0.0000000
1492	0.0000000
1493	0.0000000
1494	0.0000000
1495	0.0000000
1496	0.0000000
1497	-0.0000547
1498	-0.0012451
1499	-0.0044421
1500	-0.0046574
1501	-0.0074073
1502	-0.0089843
1503	-0.0084351
1504	-0.0077529
1505	-0.0064951
1506	-0.0045763
1507	-0.0018584
1508	-0.0002036
1509	-0.0000014
1510	0.0000000
1511	0.0000000
1512	0.0000000
1513	0.0000000
1514	0.0000000
1515	0.0000000
1516	0.0000000
1517	0.0000000
1518	0.0000000
1519	-0.0000003
1520	-0.0000009
1521	0.0000000
1522	0.0000000
1523	0.0000000
1524	-0.0000592
1525	-0.0024030
1526	-0.0069482
1527	-0.0074769
1528	-0.0058692
1529	-0.0052837
1530	-0.0037873
1531	-0.0017384
1532	-0.0001940
1533	-0.0000027
1534	0.0000000
1535	0.0000000
1536	0.0000000
1537	0.0000000
1538	0.0000000
1539	0.0000000
1540	0.0000000
1541	0.0000000
1542	-0.0000000
1543	-0.0000237
1544	-0.0003177
1545	-0.0016138
1546	-0.0048401
1547	-0.0070923
1548	-0.0086376
1549	-0.0095424
1550	-0.0095047
1551	-0.0090703
1552	-0.0078304
1553	-0.0053155
1554	-0.0025851
1555	-0.0008991
1556	-0.0000262
1557	-0.0000061
1558	0.0000000
1559	0.0000000
1560	0.0000000
1561	0.0000000
1562	0.0000000
1563	0.0000000
1564	0.0000000
1565	0.0000000
1566	0.0000000
1567	-0.0000218
1568	-0.0004061
1569	-0.0018645
1570	-0.0046842
1571	-0.0071543
1572	-0.0052332
1573	-0.0029042
1574	-0.0029202
1575	-0.0026024
1576	-0.0019032
1577	-0.0010524
1578	-0.0005293
1579	-0.0002165
1580	-0.0000036
1581	-0.0000001
1582	-0.0000003
1583	0.0000000
1584	0.0000000
1585	0.0000000
1586	0.0000000
1587	0.0000000
1588	0.0000000
1589	0.0000000
1590	-0.0000000
1591	-0.0000270
1592	-0.0001795
1593	-0.0008407
1594	-0.0033935
1595	-0.0066030
1596	-0.0083370
1597	-0.0092156
1598	-0.0094884
1599	-0.0088329
1600	-0.0074656
1601	-0.0071319
1602	-0.0041149
1603	-0.0015947
1604	-0.0002721
1605	-0.0000053
1606	-0.0000001
1607	0.0000000
1608	0.0000000
1609	0.0000000
1610	0.0000000
1611	0.0000000
1612	0.0000000
1613	0.0000000
1614	-0.0000000
1615	-0.0000057
1616	-0.0005735
1617	-0.0028233
1618	-0.0053779
1619	-0.0072079
1620	-0.0086026
1621	-0.0093157
1622	-0.0060555
1623	-0.0052462
1624	-0.0070429
1625	-0.0059304
1626	-0.0039178
1627	-0.0019523
1628	-0.0001761
1629	-0.0000258
1630	-0.0000196
1631	-0.0000125
1632	-0.0000000
1633	0.0000000
1634	0.0000000
1635	0.0000000
1636	0.0000000
1637	0.0000000
1638	0.0000000
1639	0.0000000
1640	-0.0000119
1641	-0.0000007
1642	0.0000000
1643	-0.0004844
1644	-0.0048805
1645	-0.0079950
1646	-0.0084157
1647	-0.0076297
1648	-0.0080373
1649	-0.0070036
1650	-0.0049569
1651	-0.0020784
1652	-0.0003940
1653	-0.0000077
1654	-0.0000047
1655	-0.0000009
1656	0.0000000
1657	0.0000000
1658	0.0000000
1659	0.0000000
1660	0.0000000
1661	0.0000000
1662	0.0000000
1663	-0.0000005
1664	-0.0001749
1665	-0.0025635
1666	-0.0057485
1667	-0.0068059
1668	-0.0085540
1669	-0.0087420
1670	-0.0087394
1671	-0.0060052
1672	-0.0048619
1673	-0.0039167
1674	-0.0030764
1675	-0.0016069
1676	-0.0001950
1677	-0.0000257
1678	-0.0000017
1679	0.0000000
1680	0.0000000
1681	0.0000000
1682	0.0000000
1683	0.0000000
1684	0.0000000
1685	0.0000000
1686	-0.0000000
1687	-0.0000749
1688	-0.0017410
1689	-0.0035167
1690	-0.0045847
1691	-0.0046557
1692	-0.0056464
1693	-0.0051802
1694	-0.0059530
1695	-0.0067192
1696	-0.0056250
1697	-0.0061499
1698	-0.0047853
1699	-0.0000401
1700	0.0000000
1701	0.0000000
1702	0.0000000
1703	0.0000000
1704	0.0000000
1705	0.0000000
1706	0.0000000
1707	0.0000000
1708	0.0000000
1709	-0.0000000
1710	-0.0000002
1711	-0.0000342
1712	-0.0007934
1713	-0.0038057
1714	-0.0053164
1715	-0.0059184
1716	-0.0060868
1717	-0.0056421
1718	-0.0060883
1719	-0.0056758
1720	-0.0047936
1721	-0.0047062
1722	-0.0037288
1723	-0.0011852
1724	-0.0002251
1725	-0.0000128
1726	-0.0000118
1727	-0.0000131
1728	-0.0000000
1729	0.0000000
1730	0.0000000
1731	0.0000000
1732	0.0000000
1733	0.0000000
1734	-0.0000000
1735	-0.0000084
1736	-0.0002358
1737	-0.0024215
1738	-0.0048002
1739	-0.0061787
1740	-0.0073520
1741	-0.0079607
1742	-0.0084342
1743	-0.0075553
1744	-0.0060522
1745	-0.0051223
1746	-0.0035454
1747	-0.0008319
1748	-0.0000585
1749	-0.0000043
1750	-0.0000043
1751	-0.0000038
1752	0.0000000
1753	0.0000000
1754	0.0000000
1755	0.0000000
1756	0.0000000
1757	0.0000000
1758	0.0000000
1759	0.0000000
1760	-0.0000024
1761	-0.0000507
1762	-0.0004196
1763	-0.0030928
1764	-0.0058521
1765	-0.0069708
1766	-0.0074516
1767	-0.0073142
1768	-0.0065669
1769	-0.0054351
1770	-0.0028926
1771	-0.0006745
1772	-0.0001678
1773	-0.0000046
1774	-0.0000001
1775	-0.0000029
1776	0.0000000
1777	0.0000000
1778	0.0000000
1779	0.0000000
1780	0.0000000
1781	0.0000000
1782	0.0000000
1783	-0.0000033
1784	-0.0000605
1785	-0.0002381
1786	-0.0000022
1787	-0.0000044
1788	-0.0008633
1789	-0.0039341
1790	-0.0050501
1791	-0.0048599
1792	-0.0029739
1793	-0.0037627
1794	-0.0023456
1795	-0.0004088
1796	-0.0000121
1797	-0.0000000
1798	0.0000000
1799	0.0000000
1800	0.0000000
1801	0.0000000
1802	0.0000000
1803	0.0000000
1804	0.0000000
1805	0.0000000
1806	0.0000000
1807	-0.0000004
1808	-0.0000223
1809	-0.0002993
1810	-0.0008114
1811	-0.0015330
1812	-0.0018902
1813	-0.0006193
1814	-0.0006264
1815	-0.0016849
1816	-0.0028825
1817	-0.0035540
1818	-0.0022158
1819	-0.0005194
1820	-0.0000452
1821	-0.0000106
1822	-0.0000078
1823	0.0000000
1824	0.0000000
1825	0.0000000
1826	0.0000000
1827	0.0000000
1828	0.0000000
1829	-0.0000000
1830	-0.0000000
1831	-0.0000080
1832	-0.0001159
1833	-0.0007018
1834	-0.0017903
1835	-0.0039527
1836	-0.0055822
1837	-0.0066281
1838	-0.0071411
1839	-0.0073019
1840	-0.0064426
1841	-0.0046070
1842	-0.0018419
1843	-0.0004730
1844	-0.0000614
1845	-0.0000111
1846	-0.0000122
1847	-0.0000083
1848	0.0000000
1849	0.0000000
1850	0.0000000
1851	0.0000000
1852	0.0000000
1853	0.0000000
1854	0.0000000
1855	-0.0000012
1856	-0.0001062
1857	-0.0004020
1858	-0.0010911
1859	-0.0022969
1860	-0.0022906
1861	-0.0023109
1862	-0.0025095
1863	-0.0023812
1864	-0.0023705
1865	-0.0020239
1866	-0.0011047
1867	-0.0003766
1868	-0.0000375
1869	-0.0000101
1870	-0.0000127
1871	-0.0000134
1872	0.0000000
1873	0.0000000
1874	0.0000000
1875	0.0000000
1876	0.0000000
1877	0.0000000
1878	0.0000000
1879	-0.0000013
1880	-0.0000292
1881	-0.0004099
1882	-0.0019063
1883	-0.0042853
1884	-0.0044163
1885	-0.0054270
1886	-0.0068099
1887	-0.0072810
1888	-0.0055476
1889	-0.0054037
1890	-0.0031188
1891	-0.0006259
1892	-0.0000296
1893	-0.0000026
1894	-0.0000177
1895	-0.0000000
1896	0.0000000
1897	0.0000000
1898	0.0000000
1899	0.0000000
1900	0.0000000
1901	-0.0000000
1902	-0.0000001
1903	-0.0000381
1904	-0.0006363
1905	-0.0023638
1906	-0.0037549
1907	-0.0043795
1908	-0.0045941
1909	-0.0047429
1910	-0.0053414
1911	-0.0037402
1912	-0.0033830
1913	-0.0029466
1914	-0.0024464
1915	-0.0007849
1916	-0.0000839
1917	-0.0000197
1918	-0.0000138
1919	-0.0000094
1920	0.0000000
1921	0.0000000
1922	0.0000000
1923	0.0000000
1924	0.0000000
1925	0.0000000
1926	0.0000000
1927	-0.0000001
1928	-0.0000306
1929	-0.0010804
1930	-0.0037370
1931	-0.0047624
1932	-0.0047723
1933	-0.0064645
1934	-0.0071658
1935	-0.0070477
1936	-0.0062636
1937	-0.0052952
1938	-0.0031636
1939	-0.0010472
1940	-0.0001933
1941	-0.0000153
1942	-0.0000131
1943	-0.0000054
1944	0.0000000
1945	0.0000000
1946	0.0000000
1947	0.0000000
1948	0.0000000
1949	0.0000000
1950	-0.0000000
1951	-0.0000062
1952	-0.0001524
1953	-0.0022013
1954	-0.0045820
1955	-0.0060399
1956	-0.0068830
1957	-0.0080255
1958	-0.0085695
1959	-0.0084094
1960	-0.0076926
1961	-0.0062647
1962	-0.0038980
1963	-0.0011444
1964	-0.0001136
1965	-0.0000127
1966	-0.0000179
1967	-0.0000000
1968	0.0000000
1969	0.0000000
1970	0.0000000
1971	0.0000000
1972	0.0000000
1973	-0.0000001
1974	-0.0000004
1975	-0.0000224
1976	-0.0005548
1977	-0.0034992
1978	-0.0058390
1979	-0.0078467
1980	-0.0094715
1981	-0.0099079
1982	-0.0100374
1983	-0.0096954
1984	-0.0089461
1985	-0.0069426
1986	-0.0042555
1987	-0.0015596
1988	-0.0000958
1989	-0.0000118
1990	-0.0000002
