TIME_UNITS h
DATA_UNITS kg/s
0	-0.0000001
1	-0.0000004
2	-0.0000005
3	-0.0000002
4	-0.0000001
5	-0.0000001
6	-0.0000007
7	-0.0000092
8	-0.0000560
9	-0.0001161
10	-0.0001851
11	-0.0002561
12	-0.0002828
13	-0.0003035
14	-0.0003237
15	-0.0003310
16	-0.0003235
17	-0.0002926
18	-0.0002390
19	-0.0001511
20	-0.0000522
21	-0.0000059
22	-0.0000006
23	-0.0000003
24	-0.0000003
25	-0.0000002
26	-0.0000001
27	-0.0000001
28	0.0000000
29	0.0000000
30	0.0000000
31	0.0000000
32	-0.0000418
33	-0.0001353
34	-0.0002376
35	-0.0003135
36	-0.0003459
37	-0.0003624
38	-0.0003285
39	-0.0002610
40	-0.0002236
41	-0.0000941
42	-0.0000451
43	-0.0000330
44	-0.0000086
45	-0.0000000
46	0.0000000
47	0.0000000
48	0.0000000
49	0.0000000
50	0.0000000
51	0.0000000
52	0.0000000
53	0.0000000
54	0.0000000
55	0.0000000
56	0.0000000
57	-0.0000000
58	-0.0000023
59	-0.0000311
60	-0.0002068
61	-0.0002220
62	-0.0003215
63	-0.0003199
64	-0.0000003
65	0.0000000
66	-0.0000056
67	-0.0000253
68	-0.0000082
69	-0.0000003
70	-0.0000000
71	-0.0000002
72	-0.0000001
73	-0.0000002
74	-0.0000000
75	-0.0000000
76	-0.0000001
77	-0.0000001
78	-0.0000040
79	-0.0000313
80	-0.0000333
81	-0.0000629
82	-0.0001075
83	-0.0001368
84	-0.0001462
85	-0.0002062
86	-0.0002561
87	-0.0002694
88	-0.0002166
89	-0.0002086
90	-0.0001512
91	-0.0000672
92	-0.0000222
93	-0.0000019
94	-0.0000004
95	0.0000000
96	0.0000000
97	0.0000000
98	0.0000000
99	0.0000000
100	0.0000000
101	0.0000000
102	0.0000000
103	-0.0000059
104	-0.0000547
105	-0.0001714
106	-0.0002506
107	-0.0003319
108	-0.0003162
109	-0.0002809
110	-0.0002005
111	-0.0000008
112	0.0000000
113	-0.0000017
114	-0.0000113
115	-0.0000000
116	-0.0000000
117	0.0000000
118	0.0000000
119	0.0000000
120	0.0000000
121	-0.0000000
122	0.0000000
123	-0.0000000
124	-0.0000000
125	-0.0000000
126	-0.0000002
127	0.0000000
128	-0.0000023
129	-0.0000163
130	-0.0000342
131	-0.0000482
132	-0.0000670
133	-0.0000666
134	-0.0000592
135	-0.0000553
136	-0.0000929
137	-0.0001157
138	-0.0001042
139	-0.0000767
140	-0.0000138
141	-0.0000004
142	0.0000000
143	0.0000000
144	0.0000000
145	0.0000000
146	-0.0000000
147	-0.0000000
148	-0.0000000
149	0.0000000
150	-0.0000000
151	-0.0000079
152	-0.0000344
153	-0.0001609
154	-0.0002815
155	-0.0003114
156	-0.0004124
157	-0.0002731
158	-0.0002925
159	-0.0002436
160	-0.0001565
161	-0.0001407
162	-0.0001288
163	-0.0000596
164	-0.0000232
165	-0.0000040
166	-0.0000009
167	-0.0000007
168	0.0000000
169	0.0000000
170	0.0000000
171	0.0000000
172	-0.0000000
173	-0.0000000
174	-0.0000010
175	-0.0000073
176	-0.0000267
177	-0.0000512
178	-0.0000556
179	-0.0001088
180	-0.0002033
181	-0.0002254
182	-0.0002195
183	-0.0001864
184	-0.0000732
185	-0.0000877
186	-0.0001110
187	-0.0000798
188	-0.0000160
189	-0.0000001
190	0.0000000
191	0.0000000
192	0.0000000
193	0.0000000
194	0.0000000
195	0.0000000
196	0.0000000
197	-0.0000000
198	-0.0000000
199	-0.0000037
200	-0.0000206
201	-0.0000575
202	-0.0000912
203	-0.0001546
204	-0.0001881
205	-0.0001625
206	-0.0001543
207	-0.0001606
208	-0.0000593
209	-0.0000983
210	-0.0000820
211	-0.0000012
212	-0.0000001
213	-0.0000000
214	-0.0000000
215	0.0000000
216	0.0000000
217	0.0000000
218	0.0000000
219	0.0000000
220	0.0000000
221	0.0000000
222	0.0000000
223	-0.0000000
224	-0.0000001
225	-0.0000005
226	-0.0000001
227	-0.0000002
228	-0.0000007
229	-0.0000088
230	-0.0000279
231	-0.0000452
232	-0.0000784
233	-0.0000946
234	-0.0000689
235	-0.0000379
236	-0.0000079
237	0.0000000
238	0.0000000
239	0.0000000
240	0.0000000
241	0.0000000
242	0.0000000
243	0.0000000
244	0.0000000
245	0.0000000
246	0.0000000
247	-0.0000001
248	-0.0000329
249	-0.0001343
250	-0.0002585
251	-0.0003249
252	-0.0003836
253	-0.0004277
254	-0.0004397
255	-0.0004285
256	-0.0003730
257	-0.0003366
258	-0.0002656
259	-0.0001663
260	-0.0000415
261	-0.0000020
262	-0.0000002
263	0.0000000
264	0.0000000
265	0.0000000
266	0.0000000
267	0.0000000
268	0.0000000
269	-0.0000000
270	-0.0000000
271	-0.0000045
272	-0.0000577
273	-0.0001055
274	-0.0001602
275	-0.0002826
276	-0.0004342
277	-0.0004526
278	-0.0004560
279	-0.0004703
280	-0.0004111
281	-0.0003795
282	-0.0002815
283	-0.0001335
284	-0.0000379
285	-0.0000079
286	-0.0000025
287	-0.0000000
288	0.0000000
289	0.0000000
290	0.0000000
291	0.0000000
292	0.0000000
293	-0.0000000
294	-0.0000003
295	-0.0000145
296	-0.0001325
297	-0.0002196
298	-0.0003292
299	-0.0003913
300	-0.0004249
301	-0.0004245
302	-0.0003629
303	-0.0003409
304	-0.0003635
305	-0.0001785
306	-0.0002080
307	-0.0001077
308	-0.0000313
309	-0.0000008
310	0.0000000
311	0.0000000
312	0.0000000
313	0.0000000
314	0.0000000
315	0.0000000
316	0.0000000
317	0.0000000
318	0.0000000
319	-0.0000032
320	-0.0000323
321	-0.0001183
322	-0.0002499
323	-0.0003358
324	-0.0003856
325	-0.0004193
326	-0.0004193
327	-0.0004163
328	-0.0003941
329	-0.0003271
330	-0.0002445
331	-0.0001310
332	-0.0000403
333	-0.0000035
334	0.0000000
335	0.0000000
336	0.0000000
337	0.0000000
338	0.0000000
339	0.0000000
340	0.0000000
341	0.0000000
342	0.0000000
343	-0.0000057
344	-0.0000466
345	-0.0001216
346	-0.0002243
347	-0.0003324
348	-0.0004047
349	-0.0004432
350	-0.0004575
351	-0.0004532
352	-0.0004211
353	-0.0003329
354	-0.0001851
355	-0.0001258
356	-0.0000361
357	-0.0000039
358	-0.0000010
359	-0.0000000
360	0.0000000
361	0.0000000
362	0.0000000
363	0.0000000
364	0.0000000
365	0.0000000
366	0.0000000
367	0.0000000
368	0.0000000
369	-0.0000012
370	-0.0000198
371	-0.0001251
372	-0.0001438
373	-0.0001417
374	-0.0001023
375	-0.0001804
376	-0.0002145
377	-0.0002344
378	-0.0002004
379	-0.0001141
380	-0.0000261
381	-0.0000015
382	-0.0000002
383	-0.0000000
384	0.0000000
385	0.0000000
386	0.0000000
387	0.0000000
388	0.0000000
389	0.0000000
390	0.0000000
391	-0.0000023
392	-0.0000162
393	-0.0000078
394	-0.0000101
395	-0.0000222
396	-0.0000523
397	-0.0000519
398	-0.0000170
399	-0.0000210
400	-0.0000877
401	-0.0002490
402	-0.0002175
403	-0.0001430
404	-0.0000336
405	-0.0000013
406	-0.0000007
407	-0.0000001
408	0.0000000
409	0.0000000
410	0.0000000
411	0.0000000
412	0.0000000
413	0.0000000
414	0.0000000
415	-0.0000011
416	-0.0000197
417	-0.0000634
418	-0.0000963
419	-0.0001251
420	-0.0001413
421	-0.0001672
422	-0.0001854
423	-0.0002351
424	-0.0002717
425	-0.0002434
426	-0.0001876
427	-0.0001378
428	-0.0000526
429	-0.0000016
430	-0.0000002
431	-0.0000001
432	0.0000000
433	0.0000000
434	0.0000000
435	0.0000000
436	0.0000000
437	0.0000000
438	0.0000000
439	-0.0000001
440	-0.0000002
441	-0.0000019
442	-0.0000015
443	-0.0000000
444	0.0000000
445	0.0000000
446	-0.0000411
447	-0.0002461
448	-0.0001051
449	-0.0000002
450	0.0000000
451	0.0000000
452	0.0000000
453	-0.0000000
454	-0.0000000
455	-0.0000000
456	-0.0000001
457	0.0000000
458	0.0000000
459	0.0000000
460	0.0000000
461	0.0000000
462	-0.0000001
463	-0.0000024
464	-0.0000112
465	-0.0000286
466	-0.0000648
467	-0.0001024
468	-0.0000920
469	-0.0000881
470	-0.0001289
471	-0.0000669
472	-0.0001652
473	-0.0001728
474	-0.0001509
475	-0.0000952
476	-0.0000138
477	-0.0000000
478	0.0000000
479	-0.0000002
480	0.0000000
481	0.0000000
482	0.0000000
483	0.0000000
484	0.0000000
485	0.0000000
486	-0.0000001
487	-0.0000008
488	-0.0000013
489	-0.0000002
490	-0.0000012
491	-0.0000224
492	-0.0000400
493	-0.0001013
494	-0.0001378
495	-0.0001399
496	-0.0001760
497	-0.0001807
498	-0.0001683
499	-0.0001184
500	-0.0000594
501	-0.0000052
502	-0.0000001
503	-0.0000002
504	-0.0000006
505	-0.0000002
506	-0.0000006
507	-0.0000010
508	-0.0000013
509	-0.0000011
510	-0.0000193
511	-0.0000361
512	-0.0000675
513	-0.0000007
514	0.0000000
515	-0.0000135
516	-0.0000773
517	-0.0001715
518	-0.0002208
519	-0.0002194
520	-0.0002005
521	-0.0001956
522	-0.0001995
523	-0.0001564
524	-0.0000805
525	-0.0000082
526	-0.0000006
527	-0.0000000
528	0.0000000
529	0.0000000
530	0.0000000
531	0.0000000
532	0.0000000
533	0.0000000
534	-0.0000000
535	-0.0000006
536	-0.0000257
537	-0.0001259
538	-0.0001619
539	-0.0001806
540	-0.0001555
541	-0.0002195
542	-0.0002589
543	-0.0002549
544	-0.0002235
545	-0.0001963
546	-0.0001759
547	-0.0001345
548	-0.0000662
549	-0.0000087
550	-0.0000008
551	-0.0000000
552	0.0000000
553	0.0000000
554	0.0000000
555	0.0000000
556	0.0000000
557	0.0000000
558	-0.0000000
559	-0.0000007
560	-0.0000336
561	-0.0001437
562	-0.0002026
563	-0.0001995
564	-0.0002287
565	-0.0002874
566	-0.0003100
567	-0.0003252
568	-0.0003191
569	-0.0002880
570	-0.0002404
571	-0.0001732
572	-0.0000631
573	-0.0000128
574	-0.0000000
575	0.0000000
576	0.0000000
577	0.0000000
578	0.0000000
579	0.0000000
580	-0.0000000
581	-0.0000000
582	-0.0000000
583	-0.0000020
584	-0.0000371
585	-0.0001674
586	-0.0002565
587	-0.0003274
588	-0.0003884
589	-0.0004119
590	-0.0004123
591	-0.0004064
592	-0.0003493
593	-0.0003159
594	-0.0002484
595	-0.0001817
596	-0.0000447
597	-0.0000043
598	-0.0000008
599	0.0000000
600	0.0000000
601	0.0000000
602	0.0000000
603	0.0000000
604	0.0000000
605	-0.0000000
606	-0.0000003
607	-0.0000088
608	-0.0000926
609	-0.0002507
610	-0.0003346
611	-0.0003990
612	-0.0004477
613	-0.0004816
614	-0.0005032
615	-0.0005008
616	-0.0004790
617	-0.0004045
618	-0.0002789
619	-0.0001505
620	-0.0000467
621	-0.0000097
622	-0.0000015
623	-0.0000021
624	-0.0000000
625	0.0000000
626	0.0000000
627	0.0000000
628	0.0000000
629	0.0000000
630	-0.0000001
631	-0.0000047
632	-0.0001254
633	-0.0002906
634	-0.0003714
635	-0.0004479
636	-0.0004893
637	-0.0005124
638	-0.0005162
639	-0.0005272
640	-0.0005184
641	-0.0004450
642	-0.0002833
643	-0.0001683
644	-0.0000604
645	-0.0000128
646	-0.0000028
647	-0.0000031
648	-0.0000000
649	0.0000000
650	0.0000000
651	0.0000000
652	0.0000000
653	-0.0000000
654	-0.0000003
655	-0.0000128
656	-0.0001358
657	-0.0003055
658	-0.0004032
659	-0.0004403
660	-0.0005026
661	-0.0005643
662	-0.0005683
663	-0.0005489
664	-0.0005658
665	-0.0004861
666	-0.0003480
667	-0.0002368
668	-0.0000716
669	-0.0000087
670	-0.0000028
671	-0.0000020
672	-0.0000000
673	0.0000000
674	0.0000000
675	0.0000000
676	0.0000000
677	0.0000000
678	0.0000000
679	-0.0000001
680	-0.0000001
681	-0.0000002
682	-0.0000086
683	-0.0000712
684	-0.0000080
685	-0.0000219
686	-0.0000791
687	-0.0001388
688	-0.0002019
689	-0.0001503
690	-0.0000918
691	-0.0000377
692	-0.0000040
693	-0.0000023
694	-0.0000000
695	0.0000000
696	0.0000000
697	0.0000000
698	0.0000000
699	0.0000000
700	-0.0000000
701	-0.0000000
702	-0.0000000
703	-0.0000001
704	-0.0000289
705	-0.0000916
706	-0.0000966
707	-0.0002167
708	-0.0002483
709	-0.0002832
710	-0.0002150
711	-0.0002453
712	-0.0003185
713	-0.0002774
714	-0.0002105
715	-0.0000721
716	-0.0000094
717	-0.0000011
718	-0.0000005
719	0.0000000
720	0.0000000
721	0.0000000
722	0.0000000
723	0.0000000
724	0.0000000
725	0.0000000
726	-0.0000001
727	-0.0000029
728	-0.0000394
729	-0.0000844
730	-0.0001518
731	-0.0003269
732	-0.0004085
733	-0.0004189
734	-0.0003058
735	-0.0003137
736	-0.0004256
737	-0.0003374
738	-0.0002484
739	-0.0001232
740	-0.0000160
741	-0.0000026
742	-0.0000007
743	0.0000000
744	0.0000000
745	0.0000000
746	0.0000000
747	0.0000000
748	0.0000000
749	-0.0000000
750	-0.0000000
751	-0.0000007
752	-0.0000030
753	-0.0000003
754	-0.0000003
755	-0.0000490
756	-0.0001378
757	-0.0002201
758	-0.0002525
759	-0.0003062
760	-0.0003142
761	-0.0003411
762	-0.0002576
763	-0.0001604
764	-0.0000548
765	-0.0000017
766	-0.0000008
767	0.0000000
768	0.0000000
769	0.0000000
770	0.0000000
771	0.0000000
772	0.0000000
773	0.0000000
774	0.0000000
775	-0.0000005
776	-0.0000245
777	-0.0000847
778	-0.0002105
779	-0.0003192
780	-0.0004078
781	-0.0004019
782	-0.0004096
783	-0.0004226
784	-0.0004034
785	-0.0003921
786	-0.0002975
787	-0.0001779
788	-0.0000413
789	-0.0000088
790	-0.0000011
791	0.0000000
792	0.0000000
793	0.0000000
794	0.0000000
795	0.0000000
796	0.0000000
797	0.0000000
798	0.0000000
799	-0.0000000
800	-0.0000351
801	-0.0001634
802	-0.0003093
803	-0.0004034
804	-0.0004752
805	-0.0004984
806	-0.0005141
807	-0.0005035
808	-0.0004692
809	-0.0003960
810	-0.0002789
811	-0.0001053
812	-0.0000025
813	-0.0000011
814	-0.0000011
815	-0.0000010
816	0.0000000
817	0.0000000
818	0.0000000
819	0.0000000
820	0.0000000
821	0.0000000
822	-0.0000000
823	-0.0000032
824	-0.0000552
825	-0.0002538
826	-0.0003451
827	-0.0004167
828	-0.0004840
829	-0.0005324
830	-0.0005463
831	-0.0005291
832	-0.0004497
833	-0.0003217
834	-0.0001794
835	-0.0000719
836	-0.0000361
837	-0.0000019
838	-0.0000005
839	-0.0000000
840	0.0000000
841	0.0000000
842	0.0000000
843	0.0000000
844	0.0000000
845	0.0000000
846	0.0000000
847	-0.0000045
848	-0.0000231
849	-0.0000750
850	-0.0002147
851	-0.0003212
852	-0.0003808
853	-0.0003541
854	-0.0003270
855	-0.0002845
856	-0.0003234
857	-0.0003457
858	-0.0002903
859	-0.0002186
860	-0.0000932
861	-0.0000079
862	-0.0000000
863	0.0000000
864	0.0000000
865	0.0000000
866	0.0000000
867	0.0000000
868	0.0000000
869	-0.0000000
870	-0.0000002
871	-0.0000016
872	-0.0000095
873	-0.0001071
874	-0.0002550
875	-0.0003619
876	-0.0004561
877	-0.0004803
878	-0.0004922
879	-0.0004841
880	-0.0004568
881	-0.0003600
882	-0.0002042
883	-0.0001650
884	-0.0000239
885	-0.0000023
886	-0.0000004
887	-0.0000003
888	0.0000000
889	0.0000000
890	0.0000000
891	0.0000000
892	0.0000000
893	0.0000000
894	0.0000000
895	0.0000000
896	-0.0000186
897	-0.0001429
898	-0.0003169
899	-0.0003938
900	-0.0004712
901	-0.0005065
902	-0.0005345
903	-0.0005185
904	-0.0003473
905	-0.0002074
906	-0.0001785
907	-0.0001133
908	-0.0000119
909	-0.0000073
910	-0.0000022
911	-0.0000020
912	-0.0000000
913	0.0000000
914	0.0000000
915	0.0000000
916	0.0000000
917	0.0000000
918	0.0000000
919	-0.0000002
920	-0.0000077
921	-0.0000032
922	-0.0000197
923	-0.0000851
924	-0.0000048
925	-0.0000039
926	-0.0000492
927	-0.0001685
928	-0.0002485
929	-0.0003196
930	-0.0002721
931	-0.0001723
932	-0.0000493
933	-0.0000042
934	-0.0000008
935	-0.0000005
936	0.0000000
937	0.0000000
938	0.0000000
939	0.0000000
940	0.0000000
941	0.0000000
942	-0.0000000
943	-0.0000013
944	-0.0000357
945	-0.0002116
946	-0.0002974
947	-0.0003788
948	-0.0004408
949	-0.0004489
950	-0.0004631
951	-0.0004672
952	-0.0004400
953	-0.0003829
954	-0.0003061
955	-0.0001630
956	-0.0000614
957	-0.0000049
958	-0.0000012
959	-0.0000007
960	-0.0000000
961	0.0000000
962	0.0000000
963	0.0000000
964	0.0000000
965	0.0000000
966	-0.0000000
967	-0.0000013
968	-0.0000461
969	-0.0002249
970	-0.0003137
971	-0.0003742
972	-0.0003791
973	-0.0003211
974	-0.0003585
975	-0.0003881
976	-0.0003521
977	-0.0003229
978	-0.0002422
979	-0.0001529
980	-0.0000256
981	-0.0000023
982	-0.0000003
983	-0.0000001
984	0.0000000
985	0.0000000
986	0.0000000
987	0.0000000
988	0.0000000
989	0.0000000
990	0.0000000
991	0.0000000
992	-0.0000000
993	-0.0000126
994	-0.0000340
995	-0.0000213
996	-0.0000129
997	-0.0000193
998	-0.0001001
999	-0.0001064
1000	-0.0000444
1001	-0.0000099
1002	-0.0000018
1003	-0.0000008
1004	-0.0000001
1005	0.0000000
1006	0.0000000
1007	0.0000000
1008	0.0000000
1009	0.0000000
1010	0.0000000
1011	0.0000000
1012	0.0000000
1013	0.0000000
1014	0.0000000
1015	-0.0000006
1016	-0.0000069
1017	-0.0000482
1018	-0.0002167
1019	-0.0002818
1020	-0.0003639
1021	-0.0003669
1022	-0.0003613
1023	-0.0003779
1024	-0.0003261
1025	-0.0002039
1026	-0.0001021
1027	-0.0000338
1028	-0.0000132
1029	-0.0000006
1030	0.0000000
1031	0.0000000
1032	0.0000000
1033	0.0000000
1034	0.0000000
1035	0.0000000
1036	0.0000000
1037	0.0000000
1038	0.0000000
1039	-0.0000001
1040	-0.0000124
1041	-0.0000818
1042	-0.0002353
1043	-0.0003405
1044	-0.0001141
1045	-0.0003351
1046	-0.0003158
1047	-0.0002905
1048	-0.0001969
1049	-0.0002031
1050	-0.0001568
1051	-0.0000589
1052	-0.0000128
1053	-0.0000001
1054	-0.0000000
1055	-0.0000000
1056	0.0000000
1057	0.0000000
1058	0.0000000
1059	0.0000000
1060	0.0000000
1061	0.0000000
1062	-0.0000000
1063	-0.0000027
1064	-0.0000234
1065	-0.0000924
1066	-0.0002719
1067	-0.0003558
1068	-0.0003790
1069	-0.0004337
1070	-0.0004487
1071	-0.0004435
1072	-0.0004234
1073	-0.0003612
1074	-0.0002813
1075	-0.0001548
1076	-0.0000483
1077	-0.0000033
1078	-0.0000001
1079	0.0000000
1080	0.0000000
1081	0.0000000
1082	0.0000000
1083	0.0000000
1084	0.0000000
1085	0.0000000
1086	0.0000000
1087	-0.0000004
1088	-0.0000173
1089	-0.0000425
1090	-0.0000690
1091	-0.0001094
1092	-0.0000861
1093	-0.0001642
1094	-0.0001923
1095	-0.0001463
1096	-0.0001343
1097	-0.0000605
1098	-0.0000034
1099	-0.0000003
1100	0.0000000
1101	0.0000000
1102	0.0000000
1103	0.0000000
1104	0.0000000
1105	0.0000000
1106	0.0000000
1107	0.0000000
1108	0.0000000
1109	0.0000000
1110	-0.0000000
1111	-0.0000009
1112	-0.0000095
1113	-0.0000296
1114	-0.0000465
1115	-0.0001032
1116	-0.0001359
1117	-0.0000972
1118	-0.0001590
1119	-0.0003100
1120	-0.0003240
1121	-0.0002474
1122	-0.0001308
1123	-0.0000853
1124	-0.0000040
1125	-0.0000021
1126	-0.0000000
1127	0.0000000
1128	0.0000000
1129	0.0000000
1130	0.0000000
1131	0.0000000
1132	0.0000000
1133	0.0000000
1134	0.0000000
1135	-0.0000002
1136	-0.0000026
1137	-0.0000614
1138	-0.0001509
1139	-0.0001476
1140	-0.0000730
1141	-0.0001474
1142	-0.0001654
1143	-0.0001322
1144	-0.0001517
1145	-0.0000030
1146	-0.0000044
1147	-0.0000042
1148	-0.0000003
1149	0.0000000
1150	0.0000000
1151	-0.0000001
1152	0.0000000
1153	0.0000000
1154	0.0000000
1155	0.0000000
1156	0.0000000
1157	0.0000000
1158	0.0000000
1159	-0.0000012
1160	-0.0000147
1161	-0.0000735
1162	-0.0002052
1163	-0.0003347
1164	-0.0003986
1165	-0.0004444
1166	-0.0004545
1167	-0.0004329
1168	-0.0004132
1169	-0.0003550
1170	-0.0002666
1171	-0.0001596
1172	-0.0000449
1173	-0.0000004
1174	0.0000000
1175	0.0000000
1176	0.0000000
1177	0.0000000
1178	0.0000000
1179	0.0000000
1180	0.0000000
1181	0.0000000
1182	0.0000000
1183	-0.0000001
1184	-0.0000144
1185	-0.0001159
1186	-0.0002907
1187	-0.0003812
1188	-0.0004577
1189	-0.0004884
1190	-0.0005266
1191	-0.0005158
1192	-0.0004653
1193	-0.0003847
1194	-0.0002484
1195	-0.0001279
1196	-0.0000394
1197	-0.0000029
1198	-0.0000005
1199	-0.0000000
1200	0.0000000
1201	0.0000000
1202	0.0000000
1203	0.0000000
1204	0.0000000
1205	-0.0000000
1206	-0.0000001
1207	-0.0000034
1208	-0.0000555
1209	-0.0002047
1210	-0.0003024
1211	-0.0003921
1212	-0.0004564
1213	-0.0005089
1214	-0.0005327
1215	-0.0004843
1216	-0.0004544
1217	-0.0002832
1218	-0.0001793
1219	-0.0001367
1220	-0.0000504
1221	-0.0000023
1222	-0.0000022
1223	-0.0000020
1224	-0.0000000
1225	0.0000000
1226	0.0000000
1227	0.0000000
1228	0.0000000
1229	0.0000000
1230	-0.0000000
1231	-0.0000024
1232	-0.0000087
1233	-0.0000400
1234	-0.0000537
1235	-0.0002421
1236	-0.0003499
1237	-0.0003204
1238	-0.0004467
1239	-0.0004314
1240	-0.0004089
1241	-0.0003344
1242	-0.0002716
1243	-0.0001786
1244	-0.0000553
1245	-0.0000037
1246	-0.0000009
1247	0.0000000
1248	0.0000000
1249	0.0000000
1250	0.0000000
1251	0.0000000
1252	0.0000000
1253	0.0000000
1254	0.0000000
1255	-0.0000001
1256	-0.0000195
1257	-0.0001324
1258	-0.0002708
1259	-0.0003444
1260	-0.0004016
1261	-0.0004240
1262	-0.0003978
1263	-0.0004078
1264	-0.0003955
1265	-0.0003478
1266	-0.0002662
1267	-0.0001400
1268	-0.0000259
1269	-0.0000011
1270	-0.0000010
1271	-0.0000010
1272	0.0000000
1273	0.0000000
1274	0.0000000
1275	0.0000000
1276	0.0000000
1277	0.0000000
1278	0.0000000
1279	-0.0000000
1280	-0.0000233
1281	-0.0001074
1282	-0.0002355
1283	-0.0003091
1284	-0.0003472
1285	-0.0003331
1286	-0.0003358
1287	-0.0002876
1288	-0.0003314
1289	-0.0002719
1290	-0.0002330
1291	-0.0001167
1292	-0.0000270
1293	-0.0000009
1294	-0.0000005
1295	-0.0000005
1296	0.0000000
1297	0.0000000
1298	0.0000000
1299	0.0000000
1300	0.0000000
1301	0.0000000
1302	-0.0000000
1303	-0.0000000
1304	-0.0000000
1305	-0.0000164
1306	-0.0000491
1307	-0.0000833
1308	-0.0001571
1309	-0.0000869
1310	-0.0000424
1311	-0.0000635
1312	-0.0000607
1313	-0.0000613
1314	-0.0000613
1315	-0.0000183
1316	-0.0000073
1317	-0.0000000
1318	0.0000000
1319	0.0000000
1320	0.0000000
1321	0.0000000
1322	0.0000000
1323	0.0000000
1324	0.0000000
1325	0.0000000
1326	-0.0000000
1327	-0.0000004
1328	-0.0000063
1329	-0.0000663
1330	-0.0001284
1331	-0.0002485
1332	-0.0002400
1333	-0.0002980
1334	-0.0002270
1335	-0.0000424
1336	-0.0001028
1337	-0.0002482
1338	-0.0001578
1339	-0.0000775
1340	-0.0000118
1341	-0.0000002
1342	0.0000000
1343	0.0000000
1344	0.0000000
1345	0.0000000
1346	0.0000000
1347	0.0000000
1348	0.0000000
1349	0.0000000
1350	-0.0000001
1351	-0.0000023
1352	-0.0000004
1353	-0.0000016
1354	-0.0000108
1355	-0.0000379
1356	-0.0000233
1357	-0.0000011
1358	0.0000000
1359	0.0000000
1360	-0.0000054
1361	-0.0000364
1362	-0.0000927
1363	-0.0000494
1364	-0.0000028
1365	-0.0000002
1366	-0.0000003
1367	0.0000000
1368	0.0000000
1369	0.0000000
1370	0.0000000
1371	0.0000000
1372	0.0000000
1373	-0.0000000
1374	-0.0000001
1375	-0.0000028
1376	-0.0000080
1377	-0.0000360
1378	-0.0001435
1379	-0.0002568
1380	-0.0001882
1381	-0.0002781
1382	-0.0001166
1383	-0.0002890
1384	-0.0003411
1385	-0.0003202
1386	-0.0002285
1387	-0.0001103
1388	-0.0000023
1389	0.0000000
1390	0.0000000
1391	0.0000000
1392	0.0000000
1393	0.0000000
1394	0.0000000
1395	0.0000000
1396	0.0000000
1397	-0.0000000
1398	-0.0000000
1399	-0.0000032
1400	-0.0000249
1401	-0.0001645
1402	-0.0002941
1403	-0.0004004
1404	-0.0004208
1405	-0.0004220
1406	-0.0003201
1407	-0.0003655
1408	-0.0003710
1409	-0.0003406
1410	-0.0002478
1411	-0.0001338
1412	-0.0000269
1413	-0.0000009
1414	-0.0000003
1415	0.0000000
1416	0.0000000
1417	0.0000000
1418	0.0000000
1419	0.0000000
1420	0.0000000
1421	0.0000000
1422	-0.0000000
1423	-0.0000010
1424	-0.0000385
1425	-0.0001849
1426	-0.0002753
1427	-0.0003270
1428	-0.0003424
1429	-0.0003382
1430	-0.0003488
1431	-0.0000003
1432	0.0000000
1433	-0.0000366
1434	-0.0002221
1435	-0.0001547
1436	-0.0000406
1437	-0.0000012
1438	-0.0000010
1439	-0.0000009
1440	0.0000000
1441	0.0000000
1442	0.0000000
1443	0.0000000
1444	0.0000000
1445	0.0000000
1446	-0.0000000
1447	-0.0000003
1448	-0.0000121
1449	-0.0000914
1450	-0.0002583
1451	-0.0003067
1452	-0.0003424
1453	-0.0003299
1454	-0.0003695
1455	-0.0003557
1456	-0.0003222
1457	-0.0002840
1458	-0.0002268
1459	-0.0001412
1460	-0.0000273
1461	-0.0000011
1462	-0.0000007
1463	-0.0000006
1464	0.0000000
1465	0.0000000
1466	0.0000000
1467	0.0000000
1468	0.0000000
1469	0.0000000
1470	-0.0000000
1471	-0.0000003
1472	-0.0000135
1473	-0.0000863
1474	-0.0002231
1475	-0.0002846
1476	-0.0003503
1477	-0.0003977
1478	-0.0004109
1479	-0.0004246
1480	-0.0003480
1481	-0.0002321
1482	-0.0001953
1483	-0.0000658
1484	-0.0000089
1485	-0.0000006
1486	-0.0000008
1487	-0.0000000
1488	0.0000000
1489	0.0000000
1490	0.0000000
1491	0.0000000
1492	0.0000000
1493	0.0000000
1494	0.0000000
1495	0.0000000
1496	0.0000000
1497	-0.0000026
1498	-0.0000584
1499	-0.0002085
1500	-0.0002186
1501	-0.0003477
1502	-0.0004217
1503	-0.0003959
1504	-0.0003639
1505	-0.0003049
1506	-0.0002148
1507	-0.0000872
1508	-0.0000096
1509	-0.0000001
1510	0.0000000
1511	0.0000000
1512	0.0000000
1513	0.0000000
1514	0.0000000
1515	0.0000000
1516	0.0000000
1517	0.0000000
1518	0.0000000
1519	-0.0000000
1520	-0.0000000
1521	0.0000000
1522	0.0000000
1523	0.0000000
1524	-0.0000028
1525	-0.0001128
1526	-0.0003261
1527	-0.0003510
1528	-0.0002755
1529	-0.0002480
1530	-0.0001778
1531	-0.0000816
1532	-0.0000091
1533	-0.0000001
1534	0.0000000
1535	0.0000000
1536	0.0000000
1537	0.0000000
1538	0.0000000
1539	0.0000000
1540	0.0000000
1541	0.0000000
1542	-0.0000000
1543	-0.0000011
1544	-0.0000149
1545	-0.0000758
1546	-0.0002272
1547	-0.0003329
1548	-0.0004054
1549	-0.0004479
1550	-0.0004461
1551	-0.0004258
1552	-0.0003676
1553	-0.0002495
1554	-0.0001213
1555	-0.0000422
1556	-0.0000012
1557	-0.0000003
1558	0.0000000
1559	0.0000000
1560	0.0000000
1561	0.0000000
1562	0.0000000
1563	0.0000000
1564	0.0000000
1565	0.0000000
1566	0.0000000
1567	-0.0000010
1568	-0.0000191
1569	-0.0000875
1570	-0.0002199
1571	-0.0003358
1572	-0.0002456
1573	-0.0001363
1574	-0.0001371
1575	-0.0001222
1576	-0.0000893
1577	-0.0000494
1578	-0.0000248
1579	-0.0000102
1580	-0.0000002
1581	-0.0000000
1582	-0.0000000
1583	0.0000000
1584	0.0000000
1585	0.0000000
1586	0.0000000
1587	0.0000000
1588	0.0000000
1589	0.0000000
1590	-0.0000000
1591	-0.0000013
1592	-0.0000084
1593	-0.0000395
1594	-0.0001593
1595	-0.0003099
1596	-0.0003913
1597	-0.0004326
1598	-0.0004454
1599	-0.0004146
1600	-0.0003504
1601	-0.0003348
1602	-0.0001931
1603	-0.0000749
1604	-0.0000128
1605	-0.0000002
1606	-0.0000000
1607	0.0000000
1608	0.0000000
1609	0.0000000
1610	0.0000000
1611	0.0000000
1612	0.0000000
1613	0.0000000
1614	-0.0000000
1615	-0.0000003
1616	-0.0000269
1617	-0.0001325
1618	-0.0002524
1619	-0.0003383
1620	-0.0004038
1621	-0.0004373
1622	-0.0002842
1623	-0.0002463
1624	-0.0003306
1625	-0.0002784
1626	-0.0001839
1627	-0.0000916
1628	-0.0000083
1629	-0.0000012
1630	-0.0000009
1631	-0.0000006
1632	-0.0000000
1633	0.0000000
1634	0.0000000
1635	0.0000000
1636	0.0000000
1637	0.0000000
1638	0.0000000
1639	0.0000000
1640	-0.0000006
1641	-0.0000000
1642	0.0000000
1643	-0.0000227
1644	-0.0002291
1645	-0.0003753
1646	-0.0003950
1647	-0.0003581
1648	-0.0003773
1649	-0.0003287
1650	-0.0002327
1651	-0.0000976
1652	-0.0000185
1653	-0.0000004
1654	-0.0000002
1655	-0.0000000
1656	0.0000000
1657	0.0000000
1658	0.0000000
1659	0.0000000
1660	0.0000000
1661	0.0000000
1662	0.0000000
1663	-0.0000000
1664	-0.0000082
1665	-0.0001203
1666	-0.0002698
1667	-0.0003195
1668	-0.0004015
1669	-0.0004103
1670	-0.0004102
1671	-0.0002819
1672	-0.0002282
1673	-0.0001838
1674	-0.0001444
1675	-0.0000754
1676	-0.0000092
1677	-0.0000012
1678	-0.0000001
1679	0.0000000
1680	0.0000000
1681	0.0000000
1682	0.0000000
1683	0.0000000
1684	0.0000000
1685	0.0000000
1686	-0.0000000
1687	-0.0000035
1688	-0.0000817
1689	-0.0001651
1690	-0.0002152
1691	-0.0002185
1692	-0.0002650
1693	-0.0002432
1694	-0.0002794
1695	-0.0003154
1696	-0.0002640
1697	-0.0002887
1698	-0.0002246
1699	-0.0000019
1700	0.0000000
1701	0.0000000
1702	0.0000000
1703	0.0000000
1704	0.0000000
1705	0.0000000
1706	0.0000000
1707	0.0000000
1708	0.0000000
1709	-0.0000000
1710	-0.0000000
1711	-0.0000016
1712	-0.0000372
1713	-0.0001786
1714	-0.0002496
1715	-0.0002778
1716	-0.0002857
1717	-0.0002648
1718	-0.0002858
1719	-0.0002664
1720	-0.0002250
1721	-0.0002209
1722	-0.0001750
1723	-0.0000556
1724	-0.0000106
1725	-0.0000006
1726	-0.0000006
1727	-0.0000006
1728	-0.0000000
1729	0.0000000
1730	0.0000000
1731	0.0000000
1732	0.0000000
1733	0.0000000
1734	-0.0000000
1735	-0.0000004
1736	-0.0000111
1737	-0.0001137
1738	-0.0002253
1739	-0.0002900
1740	-0.0003451
1741	-0.0003737
1742	-0.0003959
1743	-0.0003546
1744	-0.0002841
1745	-0.0002404
1746	-0.0001664
1747	-0.0000391
1748	-0.0000027
1749	-0.0000002
1750	-0.0000002
1751	-0.0000002
1752	0.0000000
1753	0.0000000
1754	0.0000000
1755	0.0000000
1756	0.0000000
1757	0.0000000
1758	0.0000000
1759	0.0000000
1760	-0.0000001
1761	-0.0000024
1762	-0.0000197
1763	-0.0001452
1764	-0.0002747
1765	-0.0003272
1766	-0.0003498
1767	-0.0003433
1768	-0.0003082
1769	-0.0002551
1770	-0.0001358
1771	-0.0000317
1772	-0.0000079
1773	-0.0000002
1774	-0.0000000
1775	-0.0000001
1776	0.0000000
1777	0.0000000
1778	0.0000000
1779	0.0000000
1780	0.0000000
1781	0.0000000
1782	0.0000000
1783	-0.0000002
1784	-0.0000028
1785	-0.0000112
1786	-0.0000001
1787	-0.0000002
1788	-0.0000405
1789	-0.0001847
1790	-0.0002370
1791	-0.0002281
1792	-0.0001396
1793	-0.0001766
1794	-0.0001101
1795	-0.0000192
1796	-0.0000006
1797	-0.0000000
1798	0.0000000
1799	0.0000000
1800	0.0000000
1801	0.0000000
1802	0.0000000
1803	0.0000000
1804	0.0000000
1805	0.0000000
1806	0.0000000
1807	-0.0000000
1808	-0.0000010
1809	-0.0000140
1810	-0.0000381
1811	-0.0000720
1812	-0.0000887
1813	-0.0000291
1814	-0.0000294
1815	-0.0000791
1816	-0.0001353
1817	-0.0001668
1818	-0.0001040
1819	-0.0000244
1820	-0.0000021
1821	-0.0000005
1822	-0.0000004
1823	0.0000000
1824	0.0000000
1825	0.0000000
1826	0.0000000
1827	0.0000000
1828	0.0000000
1829	-0.0000000
1830	-0.0000000
1831	-0.0000004
1832	-0.0000054
1833	-0.0000329
1834	-0.0000840
1835	-0.0001855
1836	-0.0002620
1837	-0.0003111
1838	-0.0003352
1839	-0.0003427
1840	-0.0003024
1841	-0.0002162
1842	-0.0000865
1843	-0.0000222
1844	-0.0000029
1845	-0.0000005
1846	-0.0000006
1847	-0.0000004
1848	0.0000000
1849	0.0000000
1850	0.0000000
1851	0.0000000
1852	0.0000000
1853	0.0000000
1854	0.0000000
1855	-0.0000001
1856	-0.0000050
1857	-0.0000189
1858	-0.0000512
1859	-0.0001078
1860	-0.0001075
1861	-0.0001085
1862	-0.0001178
1863	-0.0001118
1864	-0.0001113
1865	-0.0000950
1866	-0.0000519
1867	-0.0000177
1868	-0.0000018
1869	-0.0000005
1870	-0.0000006
1871	-0.0000006
1872	0.0000000
1873	0.0000000
1874	0.0000000
1875	0.0000000
1876	0.0000000
1877	0.0000000
1878	0.0000000
1879	-0.0000001
1880	-0.0000014
1881	-0.0000192
1882	-0.0000895
1883	-0.0002012
1884	-0.0002073
1885	-0.0002547
1886	-0.0003197
1887	-0.0003418
1888	-0.0002604
1889	-0.0002536
1890	-0.0001464
1891	-0.0000294
1892	-0.0000014
1893	-0.0000001
1894	-0.0000008
1895	-0.0000000
1896	0.0000000
1897	0.0000000
1898	0.0000000
1899	0.0000000
1900	0.0000000
1901	-0.0000000
1902	-0.0000000
1903	-0.0000018
1904	-0.0000299
1905	-0.0001110
1906	-0.0001763
1907	-0.0002056
1908	-0.0002156
1909	-0.0002226
1910	-0.0002507
1911	-0.0001756
1912	-0.0001588
1913	-0.0001383
1914	-0.0001148
1915	-0.0000368
1916	-0.0000039
1917	-0.0000009
1918	-0.0000006
1919	-0.0000004
1920	0.0000000
1921	0.0000000
1922	0.0000000
1923	0.0000000
1924	0.0000000
1925	0.0000000
1926	0.0000000
1927	-0.0000000
1928	-0.0000014
1929	-0.0000507
1930	-0.0001754
1931	-0.0002235
1932	-0.0002240
1933	-0.0003034
1934	-0.0003364
1935	-0.0003308
1936	-0.0002940
1937	-0.0002486
1938	-0.0001485
1939	-0.0000492
1940	-0.0000091
1941	-0.0000007
1942	-0.0000006
1943	-0.0000003
1944	0.0000000
1945	0.0000000
1946	0.0000000
1947	0.0000000
1948	0.0000000
1949	0.0000000
1950	-0.0000000
1951	-0.0000003
1952	-0.0000072
1953	-0.0001033
1954	-0.0002151
1955	-0.0002835
1956	-0.0003231
1957	-0.0003767
1958	-0.0004022
1959	-0.0003947
1960	-0.0003611
1961	-0.0002941
1962	-0.0001830
1963	-0.0000537
1964	-0.0000053
1965	-0.0000006
1966	-0.0000008
1967	-0.0000000
1968	0.0000000
1969	0.0000000
1970	0.0000000
1971	0.0000000
1972	0.0000000
1973	-0.0000000
1974	-0.0000000
1975	-0.0000011
1976	-0.0000260
1977	-0.0001642
1978	-0.0002741
1979	-0.0003683
1980	-0.0004446
1981	-0.0004651
1982	-0.0004711
1983	-0.0004551
1984	-0.0004199
1985	-0.0003259
1986	-0.0001997
1987	-0.0000732
1988	-0.0000045
1989	-0.0000006
1990	-0.0000000
