TIME_UNITS h
DATA_UNITS kg/s
0	-0.0000011
1	-0.0000029
2	-0.0000035
3	-0.0000017
4	-0.0000011
5	-0.0000004
6	-0.0000052
7	-0.0000694
8	-0.0004247
9	-0.0008799
10	-0.0014028
11	-0.0019413
12	-0.0021436
13	-0.0023001
14	-0.0024536
15	-0.0025083
16	-0.0024521
17	-0.0022175
18	-0.0018110
19	-0.0011450
20	-0.0003960
21	-0.0000446
22	-0.0000043
23	-0.0000020
24	-0.0000023
25	-0.0000016
26	-0.0000007
27	-0.0000007
28	0.0000000
29	0.0000000
30	0.0000000
31	0.0000000
32	-0.0003168
33	-0.0010253
34	-0.0018008
35	-0.0023761
36	-0.0026212
37	-0.0027466
38	-0.0024893
39	-0.0019782
40	-0.0016949
41	-0.0007131
42	-0.0003422
43	-0.0002504
44	-0.0000650
45	-0.0000003
46	0.0000000
47	0.0000000
48	0.0000000
49	0.0000000
50	0.0000000
51	0.0000000
52	0.0000000
53	0.0000000
54	0.0000000
55	0.0000000
56	0.0000000
57	-0.0000001
58	-0.0000171
59	-0.0002358
60	-0.0015674
61	-0.0016828
62	-0.0024367
63	-0.0024245
64	-0.0000021
65	0.0000000
66	-0.0000425
67	-0.0001916
68	-0.0000621
69	-0.0000022
70	-0.0000000
71	-0.0000017
72	-0.0000010
73	-0.0000012
74	-0.0000004
75	-0.0000001
76	-0.0000011
77	-0.0000010
78	-0.0000301
79	-0.0002369
80	-0.0002525
81	-0.0004765
82	-0.0008145
83	-0.0010366
84	-0.0011077
85	-0.0015628
86	-0.0019412
87	-0.0020416
88	-0.0016415
89	-0.0015809
90	-0.0011456
91	-0.0005090
92	-0.0001683
93	-0.0000143
94	-0.0000027
95	0.0000000
96	0.0000000
97	0.0000000
98	0.0000000
99	0.0000000
100	0.0000000
101	0.0000000
102	0.0000000
103	-0.0000447
104	-0.0004143
105	-0.0012994
106	-0.0018991
107	-0.0025152
108	-0.0023964
109	-0.0021291
110	-0.0015195
111	-0.0000062
112	0.0000000
113	-0.0000127
114	-0.0000853
115	-0.0000002
116	-0.0000000
117	0.0000000
118	0.0000000
119	0.0000000
120	0.0000000
121	-0.0000000
122	0.0000000
123	-0.0000001
124	-0.0000003
125	-0.0000002
126	-0.0000014
127	0.0000000
128	-0.0000173
129	-0.0001237
130	-0.0002591
131	-0.0003653
132	-0.0005081
133	-0.0005049
134	-0.0004489
135	-0.0004189
136	-0.0007042
137	-0.0008765
138	-0.0007894
139	-0.0005809
140	-0.0001045
141	-0.0000029
142	0.0000000
143	0.0000000
144	0.0000000
145	0.0000000
146	-0.0000000
147	-0.0000000
148	-0.0000001
149	0.0000000
150	-0.0000004
151	-0.0000599
152	-0.0002605
153	-0.0012191
154	-0.0021337
155	-0.0023602
156	-0.0031260
157	-0.0020698
158	-0.0022168
159	-0.0018466
160	-0.0011860
161	-0.0010667
162	-0.0009758
163	-0.0004518
164	-0.0001755
165	-0.0000305
166	-0.0000066
167	-0.0000050
168	0.0000000
169	0.0000000
170	0.0000000
171	0.0000000
172	-0.0000000
173	-0.0000000
174	-0.0000076
175	-0.0000550
176	-0.0002023
177	-0.0003880
178	-0.0004217
179	-0.0008244
180	-0.0015409
181	-0.0017080
182	-0.0016633
183	-0.0014124
184	-0.0005548
185	-0.0006647
186	-0.0008414
187	-0.0006050
188	-0.0001215
189	-0.0000004
190	0.0000000
191	0.0000000
192	0.0000000
193	0.0000000
194	0.0000000
195	0.0000000
196	0.0000000
197	-0.0000000
198	-0.0000001
199	-0.0000281
200	-0.0001564
201	-0.0004361
202	-0.0006913
203	-0.0011718
204	-0.0014255
205	-0.0012317
206	-0.0011695
207	-0.0012170
208	-0.0004498
209	-0.0007448
210	-0.0006213
211	-0.0000090
212	-0.0000006
213	-0.0000000
214	-0.0000000
215	0.0000000
216	0.0000000
217	0.0000000
218	0.0000000
219	0.0000000
220	0.0000000
221	0.0000000
222	0.0000000
223	-0.0000001
224	-0.0000007
225	-0.0000038
226	-0.0000004
227	-0.0000012
228	-0.0000052
229	-0.0000670
230	-0.0002114
231	-0.0003427
232	-0.0005941
233	-0.0007167
234	-0.0005224
235	-0.0002875
236	-0.0000595
237	0.0000000
238	0.0000000
239	0.0000000
240	0.0000000
241	0.0000000
242	0.0000000
243	0.0000000
244	0.0000000
245	0.0000000
246	0.0000000
247	-0.0000009
248	-0.0002494
249	-0.0010177
250	-0.0019589
251	-0.0024627
252	-0.0029073
253	-0.0032417
254	-0.0033324
255	-0.0032474
256	-0.0028269
257	-0.0025511
258	-0.0020134
259	-0.0012606
260	-0.0003142
261	-0.0000151
262	-0.0000018
263	0.0000000
264	0.0000000
265	0.0000000
266	0.0000000
267	0.0000000
268	0.0000000
269	-0.0000000
270	-0.0000002
271	-0.0000337
272	-0.0004371
273	-0.0007996
274	-0.0012145
275	-0.0021416
276	-0.0032905
277	-0.0034301
278	-0.0034557
279	-0.0035644
280	-0.0031154
281	-0.0028764
282	-0.0021338
283	-0.0010120
284	-0.0002875
285	-0.0000599
286	-0.0000187
287	-0.0000000
288	0.0000000
289	0.0000000
290	0.0000000
291	0.0000000
292	0.0000000
293	-0.0000000
294	-0.0000021
295	-0.0001099
296	-0.0010043
297	-0.0016646
298	-0.0024951
299	-0.0029658
300	-0.0032204
301	-0.0032177
302	-0.0027502
303	-0.0025840
304	-0.0027551
305	-0.0013526
306	-0.0015763
307	-0.0008165
308	-0.0002371
309	-0.0000064
310	0.0000000
311	0.0000000
312	0.0000000
313	0.0000000
314	0.0000000
315	0.0000000
316	0.0000000
317	0.0000000
318	0.0000000
319	-0.0000246
320	-0.0002448
321	-0.0008965
322	-0.0018937
323	-0.0025453
324	-0.0029223
325	-0.0031779
326	-0.0031780
327	-0.0031550
328	-0.0029870
329	-0.0024795
330	-0.0018534
331	-0.0009929
332	-0.0003058
333	-0.0000262
334	0.0000000
335	0.0000000
336	0.0000000
337	0.0000000
338	0.0000000
339	0.0000000
340	0.0000000
341	0.0000000
342	0.0000000
343	-0.0000433
344	-0.0003531
345	-0.0009216
346	-0.0016996
347	-0.0025192
348	-0.0030674
349	-0.0033593
350	-0.0034676
351	-0.0034349
352	-0.0031919
353	-0.0025233
354	-0.0014025
355	-0.0009538
356	-0.0002737
357	-0.0000297
358	-0.0000073
359	-0.0000000
360	0.0000000
361	0.0000000
362	0.0000000
363	0.0000000
364	0.0000000
365	0.0000000
366	0.0000000
367	0.0000000
368	0.0000000
369	-0.0000094
370	-0.0001503
371	-0.0009482
372	-0.0010902
373	-0.0010739
374	-0.0007750
375	-0.0013670
376	-0.0016260
377	-0.0017767
378	-0.0015185
379	-0.0008644
380	-0.0001975
381	-0.0000112
382	-0.0000018
383	-0.0000000
384	0.0000000
385	0.0000000
386	0.0000000
387	0.0000000
388	0.0000000
389	0.0000000
390	0.0000000
391	-0.0000172
392	-0.0001230
393	-0.0000588
394	-0.0000768
395	-0.0001682
396	-0.0003963
397	-0.0003930
398	-0.0001286
399	-0.0001590
400	-0.0006644
401	-0.0018870
402	-0.0016484
403	-0.0010837
404	-0.0002543
405	-0.0000098
406	-0.0000052
407	-0.0000004
408	0.0000000
409	0.0000000
410	0.0000000
411	0.0000000
412	0.0000000
413	0.0000000
414	0.0000000
415	-0.0000086
416	-0.0001495
417	-0.0004804
418	-0.0007296
419	-0.0009482
420	-0.0010712
421	-0.0012676
422	-0.0014052
423	-0.0017816
424	-0.0020596
425	-0.0018447
426	-0.0014219
427	-0.0010445
428	-0.0003986
429	-0.0000118
430	-0.0000014
431	-0.0000006
432	0.0000000
433	0.0000000
434	0.0000000
435	0.0000000
436	0.0000000
437	0.0000000
438	0.0000000
439	-0.0000005
440	-0.0000018
441	-0.0000142
442	-0.0000113
443	-0.0000000
444	0.0000000
445	0.0000000
446	-0.0003118
447	-0.0018651
448	-0.0007966
449	-0.0000017
450	0.0000000
451	0.0000000
452	0.0000000
453	-0.0000000
454	-0.0000000
455	-0.0000003
456	-0.0000008
457	0.0000000
458	0.0000000
459	0.0000000
460	0.0000000
461	0.0000000
462	-0.0000005
463	-0.0000180
464	-0.0000850
465	-0.0002170
466	-0.0004914
467	-0.0007758
468	-0.0006974
469	-0.0006675
470	-0.0009769
471	-0.0005073
472	-0.0012522
473	-0.0013100
474	-0.0011438
475	-0.0007214
476	-0.0001043
477	-0.0000001
478	0.0000000
479	-0.0000018
480	0.0000000
481	0.0000000
482	0.0000000
483	0.0000000
484	0.0000000
485	0.0000000
486	-0.0000005
487	-0.0000064
488	-0.0000102
489	-0.0000012
490	-0.0000094
491	-0.0001700
492	-0.0003029
493	-0.0007680
494	-0.0010445
495	-0.0010599
496	-0.0013343
497	-0.0013696
498	-0.0012752
499	-0.0008974
500	-0.0004503
501	-0.0000398
502	-0.0000007
503	-0.0000015
504	-0.0000043
505	-0.0000017
506	-0.0000043
507	-0.0000078
508	-0.0000098
509	-0.0000085
510	-0.0001465
511	-0.0002738
512	-0.0005113
513	-0.0000054
514	0.0000000
515	-0.0001026
516	-0.0005855
517	-0.0012997
518	-0.0016733
519	-0.0016630
520	-0.0015197
521	-0.0014822
522	-0.0015122
523	-0.0011856
524	-0.0006103
525	-0.0000618
526	-0.0000045
527	-0.0000000
528	0.0000000
529	0.0000000
530	0.0000000
531	0.0000000
532	0.0000000
533	0.0000000
534	-0.0000002
535	-0.0000043
536	-0.0001949
537	-0.0009545
538	-0.0012274
539	-0.0013689
540	-0.0011788
541	-0.0016635
542	-0.0019623
543	-0.0019322
544	-0.0016942
545	-0.0014881
546	-0.0013328
547	-0.0010196
548	-0.0005017
549	-0.0000661
550	-0.0000060
551	-0.0000000
552	0.0000000
553	0.0000000
554	0.0000000
555	0.0000000
556	0.0000000
557	0.0000000
558	-0.0000000
559	-0.0000056
560	-0.0002544
561	-0.0010888
562	-0.0015356
563	-0.0015118
564	-0.0017336
565	-0.0021786
566	-0.0023493
567	-0.0024647
568	-0.0024183
569	-0.0021829
570	-0.0018222
571	-0.0013128
572	-0.0004783
573	-0.0000971
574	-0.0000000
575	0.0000000
576	0.0000000
577	0.0000000
578	0.0000000
579	0.0000000
580	-0.0000000
581	-0.0000000
582	-0.0000003
583	-0.0000154
584	-0.0002814
585	-0.0012687
586	-0.0019439
587	-0.0024812
588	-0.0029441
589	-0.0031215
590	-0.0031248
591	-0.0030799
592	-0.0026473
593	-0.0023940
594	-0.0018829
595	-0.0013772
596	-0.0003387
597	-0.0000328
598	-0.0000064
599	0.0000000
600	0.0000000
601	0.0000000
602	0.0000000
603	0.0000000
604	0.0000000
605	-0.0000000
606	-0.0000024
607	-0.0000665
608	-0.0007021
609	-0.0018999
610	-0.0025363
611	-0.0030241
612	-0.0033934
613	-0.0036502
614	-0.0038137
615	-0.0037959
616	-0.0036306
617	-0.0030659
618	-0.0021138
619	-0.0011410
620	-0.0003538
621	-0.0000734
622	-0.0000117
623	-0.0000163
624	-0.0000000
625	0.0000000
626	0.0000000
627	0.0000000
628	0.0000000
629	0.0000000
630	-0.0000007
631	-0.0000354
632	-0.0009505
633	-0.0022027
634	-0.0028147
635	-0.0033948
636	-0.0037084
637	-0.0038838
638	-0.0039123
639	-0.0039957
640	-0.0039289
641	-0.0033728
642	-0.0021474
643	-0.0012757
644	-0.0004579
645	-0.0000973
646	-0.0000210
647	-0.0000238
648	-0.0000000
649	0.0000000
650	0.0000000
651	0.0000000
652	0.0000000
653	-0.0000000
654	-0.0000020
655	-0.0000973
656	-0.0010291
657	-0.0023151
658	-0.0030559
659	-0.0033373
660	-0.0038095
661	-0.0042772
662	-0.0043070
663	-0.0041602
664	-0.0042883
665	-0.0036841
666	-0.0026373
667	-0.0017946
668	-0.0005425
669	-0.0000660
670	-0.0000215
671	-0.0000153
672	-0.0000000
673	0.0000000
674	0.0000000
675	0.0000000
676	0.0000000
677	0.0000000
678	0.0000000
679	-0.0000009
680	-0.0000007
681	-0.0000014
682	-0.0000650
683	-0.0005393
684	-0.0000608
685	-0.0001662
686	-0.0005999
687	-0.0010519
688	-0.0015300
689	-0.0011392
690	-0.0006955
691	-0.0002859
692	-0.0000300
693	-0.0000176
694	-0.0000000
695	0.0000000
696	0.0000000
697	0.0000000
698	0.0000000
699	0.0000000
700	-0.0000001
701	-0.0000001
702	-0.0000002
703	-0.0000010
704	-0.0002193
705	-0.0006939
706	-0.0007318
707	-0.0016424
708	-0.0018817
709	-0.0021465
710	-0.0016294
711	-0.0018591
712	-0.0024142
713	-0.0021028
714	-0.0015951
715	-0.0005465
716	-0.0000713
717	-0.0000087
718	-0.0000037
719	0.0000000
720	0.0000000
721	0.0000000
722	0.0000000
723	0.0000000
724	0.0000000
725	0.0000000
726	-0.0000005
727	-0.0000221
728	-0.0002987
729	-0.0006393
730	-0.0011507
731	-0.0024776
732	-0.0030961
733	-0.0031748
734	-0.0023173
735	-0.0023775
736	-0.0032259
737	-0.0025570
738	-0.0018828
739	-0.0009337
740	-0.0001215
741	-0.0000198
742	-0.0000050
743	0.0000000
744	0.0000000
745	0.0000000
746	0.0000000
747	0.0000000
748	0.0000000
749	-0.0000000
750	-0.0000004
751	-0.0000057
752	-0.0000229
753	-0.0000020
754	-0.0000023
755	-0.0003717
756	-0.0010442
757	-0.0016681
758	-0.0019135
759	-0.0023207
760	-0.0023810
761	-0.0025850
762	-0.0019520
763	-0.0012155
764	-0.0004151
765	-0.0000128
766	-0.0000060
767	0.0000000
768	0.0000000
769	0.0000000
770	0.0000000
771	0.0000000
772	0.0000000
773	0.0000000
774	0.0000000
775	-0.0000040
776	-0.0001860
777	-0.0006418
778	-0.0015957
779	-0.0024196
780	-0.0030907
781	-0.0030458
782	-0.0031044
783	-0.0032032
784	-0.0030573
785	-0.0029720
786	-0.0022549
787	-0.0013480
788	-0.0003129
789	-0.0000667
790	-0.0000085
791	0.0000000
792	0.0000000
793	0.0000000
794	0.0000000
795	0.0000000
796	0.0000000
797	0.0000000
798	0.0000000
799	-0.0000001
800	-0.0002661
801	-0.0012383
802	-0.0023440
803	-0.0030576
804	-0.0036013
805	-0.0037772
806	-0.0038965
807	-0.0038160
808	-0.0035561
809	-0.0030009
810	-0.0021135
811	-0.0007978
812	-0.0000191
813	-0.0000083
814	-0.0000081
815	-0.0000077
816	0.0000000
817	0.0000000
818	0.0000000
819	0.0000000
820	0.0000000
821	0.0000000
822	-0.0000002
823	-0.0000244
824	-0.0004181
825	-0.0019237
826	-0.0026154
827	-0.0031584
828	-0.0036682
829	-0.0040350
830	-0.0041404
831	-0.0040100
832	-0.0034086
833	-0.0024379
834	-0.0013599
835	-0.0005452
836	-0.0002733
837	-0.0000145
838	-0.0000035
839	-0.0000001
840	0.0000000
841	0.0000000
842	0.0000000
843	0.0000000
844	0.0000000
845	0.0000000
846	0.0000000
847	-0.0000340
848	-0.0001750
849	-0.0005685
850	-0.0016269
851	-0.0024342
852	-0.0028864
853	-0.0026836
854	-0.0024783
855	-0.0021564
856	-0.0024509
857	-0.0026199
858	-0.0022000
859	-0.0016566
860	-0.0007065
861	-0.0000601
862	-0.0000000
863	0.0000000
864	0.0000000
865	0.0000000
866	0.0000000
867	0.0000000
868	0.0000000
869	-0.0000000
870	-0.0000013
871	-0.0000122
872	-0.0000720
873	-0.0008114
874	-0.0019325
875	-0.0027429
876	-0.0034568
877	-0.0036404
878	-0.0037303
879	-0.0036687
880	-0.0034624
881	-0.0027282
882	-0.0015476
883	-0.0012502
884	-0.0001815
885	-0.0000176
886	-0.0000029
887	-0.0000021
888	0.0000000
889	0.0000000
890	0.0000000
891	0.0000000
892	0.0000000
893	0.0000000
894	0.0000000
895	0.0000000
896	-0.0001410
897	-0.0010830
898	-0.0024019
899	-0.0029845
900	-0.0035712
901	-0.0038388
902	-0.0040513
903	-0.0039294
904	-0.0026321
905	-0.0015718
906	-0.0013530
907	-0.0008589
908	-0.0000902
909	-0.0000557
910	-0.0000167
911	-0.0000151
912	-0.0000000
913	0.0000000
914	0.0000000
915	0.0000000
916	0.0000000
917	0.0000000
918	0.0000000
919	-0.0000016
920	-0.0000584
921	-0.0000239
922	-0.0001495
923	-0.0006453
924	-0.0000365
925	-0.0000299
926	-0.0003732
927	-0.0012769
928	-0.0018834
929	-0.0024226
930	-0.0020625
931	-0.0013057
932	-0.0003740
933	-0.0000321
934	-0.0000063
935	-0.0000040
936	0.0000000
937	0.0000000
938	0.0000000
939	0.0000000
940	0.0000000
941	0.0000000
942	-0.0000001
943	-0.0000101
944	-0.0002709
945	-0.0016038
946	-0.0022541
947	-0.0028712
948	-0.0033412
949	-0.0034020
950	-0.0035095
951	-0.0035407
952	-0.0033345
953	-0.0029017
954	-0.0023202
955	-0.0012352
956	-0.0004650
957	-0.0000369
958	-0.0000091
959	-0.0000054
960	-0.0000000
961	0.0000000
962	0.0000000
963	0.0000000
964	0.0000000
965	0.0000000
966	-0.0000000
967	-0.0000100
968	-0.0003496
969	-0.0017045
970	-0.0023773
971	-0.0028360
972	-0.0028730
973	-0.0024335
974	-0.0027171
975	-0.0029418
976	-0.0026687
977	-0.0024472
978	-0.0018357
979	-0.0011591
980	-0.0001941
981	-0.0000176
982	-0.0000023
983	-0.0000007
984	0.0000000
985	0.0000000
986	0.0000000
987	0.0000000
988	0.0000000
989	0.0000000
990	0.0000000
991	0.0000000
992	-0.0000001
993	-0.0000954
994	-0.0002577
995	-0.0001614
996	-0.0000976
997	-0.0001460
998	-0.0007590
999	-0.0008064
1000	-0.0003368
1001	-0.0000748
1002	-0.0000134
1003	-0.0000064
1004	-0.0000005
1005	0.0000000
1006	0.0000000
1007	0.0000000
1008	0.0000000
1009	0.0000000
1010	0.0000000
1011	0.0000000
1012	0.0000000
1013	0.0000000
1014	0.0000000
1015	-0.0000042
1016	-0.0000519
1017	-0.0003651
1018	-0.0016422
1019	-0.0021357
1020	-0.0027582
1021	-0.0027809
1022	-0.0027387
1023	-0.0028639
1024	-0.0024715
1025	-0.0015452
1026	-0.0007742
1027	-0.0002561
1028	-0.0001001
1029	-0.0000044
1030	0.0000000
1031	0.0000000
1032	0.0000000
1033	0.0000000
1034	0.0000000
1035	0.0000000
1036	0.0000000
1037	0.0000000
1038	0.0000000
1039	-0.0000009
1040	-0.0000941
1041	-0.0006202
1042	-0.0017833
1043	-0.0025803
1044	-0.0008650
1045	-0.0025395
1046	-0.0023933
1047	-0.0022018
1048	-0.0014920
1049	-0.0015391
1050	-0.0011887
1051	-0.0004462
1052	-0.0000968
1053	-0.0000005
1054	-0.0000000
1055	-0.0000001
1056	0.0000000
1057	0.0000000
1058	0.0000000
1059	0.0000000
1060	0.0000000
1061	0.0000000
1062	-0.0000001
1063	-0.0000202
1064	-0.0001772
1065	-0.0007006
1066	-0.0020610
1067	-0.0026963
1068	-0.0028721
1069	-0.0032869
1070	-0.0034010
1071	-0.0033612
1072	-0.0032092
1073	-0.0027373
1074	-0.0021322
1075	-0.0011731
1076	-0.0003658
1077	-0.0000246
1078	-0.0000011
1079	0.0000000
1080	0.0000000
1081	0.0000000
1082	0.0000000
1083	0.0000000
1084	0.0000000
1085	0.0000000
1086	0.0000000
1087	-0.0000032
1088	-0.0001311
1089	-0.0003224
1090	-0.0005226
1091	-0.0008290
1092	-0.0006526
1093	-0.0012442
1094	-0.0014571
1095	-0.0011085
1096	-0.0010177
1097	-0.0004588
1098	-0.0000254
1099	-0.0000025
1100	0.0000000
1101	0.0000000
1102	0.0000000
1103	0.0000000
1104	0.0000000
1105	0.0000000
1106	0.0000000
1107	0.0000000
1108	0.0000000
1109	0.0000000
1110	-0.0000000
1111	-0.0000071
1112	-0.0000722
1113	-0.0002243
1114	-0.0003526
1115	-0.0007822
1116	-0.0010302
1117	-0.0007366
1118	-0.0012050
1119	-0.0023493
1120	-0.0024553
1121	-0.0018748
1122	-0.0009912
1123	-0.0006464
1124	-0.0000301
1125	-0.0000158
1126	-0.0000000
1127	0.0000000
1128	0.0000000
1129	0.0000000
1130	0.0000000
1131	0.0000000
1132	0.0000000
1133	0.0000000
1134	0.0000000
1135	-0.0000016
1136	-0.0000198
1137	-0.0004656
1138	-0.0011434
1139	-0.0011185
1140	-0.0005536
1141	-0.0011168
1142	-0.0012537
1143	-0.0010020
1144	-0.0011497
1145	-0.0000224
1146	-0.0000336
1147	-0.0000316
1148	-0.0000020
1149	0.0000000
1150	0.0000000
1151	-0.0000004
1152	0.0000000
1153	0.0000000
1154	0.0000000
1155	0.0000000
1156	0.0000000
1157	0.0000000
1158	0.0000000
1159	-0.0000093
1160	-0.0001111
1161	-0.0005573
1162	-0.0015550
1163	-0.0025370
1164	-0.0030211
1165	-0.0033679
1166	-0.0034447
1167	-0.0032809
1168	-0.0031314
1169	-0.0026909
1170	-0.0020203
1171	-0.0012095
1172	-0.0003401
1173	-0.0000028
1174	0.0000000
1175	0.0000000
1176	0.0000000
1177	0.0000000
1178	0.0000000
1179	0.0000000
1180	0.0000000
1181	0.0000000
1182	0.0000000
1183	-0.0000005
1184	-0.0001095
1185	-0.0008786
1186	-0.0022036
1187	-0.0028889
1188	-0.0034690
1189	-0.0037015
1190	-0.0039910
1191	-0.0039093
1192	-0.0035262
1193	-0.0029155
1194	-0.0018824
1195	-0.0009690
1196	-0.0002985
1197	-0.0000218
1198	-0.0000037
1199	-0.0000000
1200	0.0000000
1201	0.0000000
1202	0.0000000
1203	0.0000000
1204	0.0000000
1205	-0.0000000
1206	-0.0000005
1207	-0.0000257
1208	-0.0004207
1209	-0.0015516
1210	-0.0022917
1211	-0.0029715
1212	-0.0034591
1213	-0.0038567
1214	-0.0040376
1215	-0.0036706
1216	-0.0034436
1217	-0.0021461
1218	-0.0013590
1219	-0.0010359
1220	-0.0003816
1221	-0.0000176
1222	-0.0000165
1223	-0.0000155
1224	-0.0000000
1225	0.0000000
1226	0.0000000
1227	0.0000000
1228	0.0000000
1229	0.0000000
1230	-0.0000002
1231	-0.0000181
1232	-0.0000659
1233	-0.0003033
1234	-0.0004070
1235	-0.0018352
1236	-0.0026520
1237	-0.0024280
1238	-0.0033854
1239	-0.0032692
1240	-0.0030988
1241	-0.0025345
1242	-0.0020583
1243	-0.0013537
1244	-0.0004191
1245	-0.0000277
1246	-0.0000070
1247	0.0000000
1248	0.0000000
1249	0.0000000
1250	0.0000000
1251	0.0000000
1252	0.0000000
1253	0.0000000
1254	0.0000000
1255	-0.0000008
1256	-0.0001476
1257	-0.0010034
1258	-0.0020524
1259	-0.0026099
1260	-0.0030438
1261	-0.0032134
1262	-0.0030151
1263	-0.0030909
1264	-0.0029974
1265	-0.0026361
1266	-0.0020177
1267	-0.0010610
1268	-0.0001965
1269	-0.0000080
1270	-0.0000080
1271	-0.0000077
1272	0.0000000
1273	0.0000000
1274	0.0000000
1275	0.0000000
1276	0.0000000
1277	0.0000000
1278	0.0000000
1279	-0.0000002
1280	-0.0001763
1281	-0.0008143
1282	-0.0017846
1283	-0.0023427
1284	-0.0026314
1285	-0.0025248
1286	-0.0025453
1287	-0.0021795
1288	-0.0025117
1289	-0.0020608
1290	-0.0017659
1291	-0.0008842
1292	-0.0002047
1293	-0.0000069
1294	-0.0000042
1295	-0.0000036
1296	0.0000000
1297	0.0000000
1298	0.0000000
1299	0.0000000
1300	0.0000000
1301	0.0000000
1302	-0.0000000
1303	-0.0000000
1304	-0.0000002
1305	-0.0001243
1306	-0.0003719
1307	-0.0006311
1308	-0.0011905
1309	-0.0006589
1310	-0.0003210
1311	-0.0004812
1312	-0.0004602
1313	-0.0004648
1314	-0.0004648
1315	-0.0001389
1316	-0.0000555
1317	-0.0000000
1318	0.0000000
1319	0.0000000
1320	0.0000000
1321	0.0000000
1322	0.0000000
1323	0.0000000
1324	0.0000000
1325	0.0000000
1326	-0.0000000
1327	-0.0000027
1328	-0.0000474
1329	-0.0005025
1330	-0.0009732
1331	-0.0018832
1332	-0.0018187
1333	-0.0022586
1334	-0.0017205
1335	-0.0003217
1336	-0.0007790
1337	-0.0018815
1338	-0.0011962
1339	-0.0005876
1340	-0.0000893
1341	-0.0000012
1342	0.0000000
1343	0.0000000
1344	0.0000000
1345	0.0000000
1346	0.0000000
1347	0.0000000
1348	0.0000000
1349	0.0000000
1350	-0.0000009
1351	-0.0000176
1352	-0.0000033
1353	-0.0000120
1354	-0.0000818
1355	-0.0002871
1356	-0.0001763
1357	-0.0000080
1358	0.0000000
1359	0.0000000
1360	-0.0000406
1361	-0.0002761
1362	-0.0007025
1363	-0.0003744
1364	-0.0000214
1365	-0.0000017
1366	-0.0000020
1367	0.0000000
1368	0.0000000
1369	0.0000000
1370	0.0000000
1371	0.0000000
1372	0.0000000
1373	-0.0000000
1374	-0.0000006
1375	-0.0000210
1376	-0.0000604
1377	-0.0002728
1378	-0.0010874
1379	-0.0019462
1380	-0.0014262
1381	-0.0021079
1382	-0.0008834
1383	-0.0021901
1384	-0.0025853
1385	-0.0024269
1386	-0.0017315
1387	-0.0008360
1388	-0.0000175
1389	0.0000000
1390	0.0000000
1391	0.0000000
1392	0.0000000
1393	0.0000000
1394	0.0000000
1395	0.0000000
1396	0.0000000
1397	-0.0000000
1398	-0.0000002
1399	-0.0000243
1400	-0.0001886
1401	-0.0012465
1402	-0.0022289
1403	-0.0030346
1404	-0.0031895
1405	-0.0031982
1406	-0.0024260
1407	-0.0027702
1408	-0.0028116
1409	-0.0025813
1410	-0.0018780
1411	-0.0010143
1412	-0.0002038
1413	-0.0000067
1414	-0.0000025
1415	0.0000000
1416	0.0000000
1417	0.0000000
1418	0.0000000
1419	0.0000000
1420	0.0000000
1421	0.0000000
1422	-0.0000000
1423	-0.0000079
1424	-0.0002920
1425	-0.0014014
1426	-0.0020864
1427	-0.0024783
1428	-0.0025947
1429	-0.0025633
1430	-0.0026437
1431	-0.0000020
1432	0.0000000
1433	-0.0002776
1434	-0.0016830
1435	-0.0011722
1436	-0.0003078
1437	-0.0000094
1438	-0.0000073
1439	-0.0000067
1440	0.0000000
1441	0.0000000
1442	0.0000000
1443	0.0000000
1444	0.0000000
1445	0.0000000
1446	-0.0000000
1447	-0.0000024
1448	-0.0000920
1449	-0.0006927
1450	-0.0019576
1451	-0.0023248
1452	-0.0025948
1453	-0.0025005
1454	-0.0028002
1455	-0.0026961
1456	-0.0024418
1457	-0.0021522
1458	-0.0017192
1459	-0.0010702
1460	-0.0002066
1461	-0.0000084
1462	-0.0000057
1463	-0.0000047
1464	0.0000000
1465	0.0000000
1466	0.0000000
1467	0.0000000
1468	0.0000000
1469	0.0000000
1470	-0.0000000
1471	-0.0000023
1472	-0.0001025
1473	-0.0006538
1474	-0.0016906
1475	-0.0021570
1476	-0.0026547
1477	-0.0030140
1478	-0.0031139
1479	-0.0032184
1480	-0.0026372
1481	-0.0017589
1482	-0.0014804
1483	-0.0004990
1484	-0.0000676
1485	-0.0000042
1486	-0.0000063
1487	-0.0000000
1488	0.0000000
1489	0.0000000
1490	0.0000000
1491	0.0000000
1492	0.0000000
1493	0.0000000
1494	0.0000000
1495	0.0000000
1496	0.0000000
1497	-0.0000195
1498	-0.0004430
1499	-0.0015803
1500	-0.0016569
1501	-0.0026352
1502	-0.0031962
1503	-0.0030008
1504	-0.0027582
1505	-0.0023107
1506	-0.0016281
1507	-0.0006611
1508	-0.0000724
1509	-0.0000005
1510	0.0000000
1511	0.0000000
1512	0.0000000
1513	0.0000000
1514	0.0000000
1515	0.0000000
1516	0.0000000
1517	0.0000000
1518	0.0000000
1519	-0.0000001
1520	-0.0000003
1521	0.0000000
1522	0.0000000
1523	0.0000000
1524	-0.0000210
1525	-0.0008549
1526	-0.0024719
1527	-0.0026600
1528	-0.0020880
1529	-0.0018797
1530	-0.0013473
1531	-0.0006185
1532	-0.0000690
1533	-0.0000010
1534	0.0000000
1535	0.0000000
1536	0.0000000
1537	0.0000000
1538	0.0000000
1539	0.0000000
1540	0.0000000
1541	0.0000000
1542	-0.0000000
1543	-0.0000084
1544	-0.0001130
1545	-0.0005741
1546	-0.0017219
1547	-0.0025231
1548	-0.0030729
1549	-0.0033948
1550	-0.0033814
1551	-0.0032268
1552	-0.0027857
1553	-0.0018910
1554	-0.0009196
1555	-0.0003199
1556	-0.0000093
1557	-0.0000022
1558	0.0000000
1559	0.0000000
1560	0.0000000
1561	0.0000000
1562	0.0000000
1563	0.0000000
1564	0.0000000
1565	0.0000000
1566	0.0000000
1567	-0.0000078
1568	-0.0001445
1569	-0.0006633
1570	-0.0016664
1571	-0.0025452
1572	-0.0018618
1573	-0.0010332
1574	-0.0010389
1575	-0.0009258
1576	-0.0006771
1577	-0.0003744
1578	-0.0001883
1579	-0.0000770
1580	-0.0000013
1581	-0.0000000
1582	-0.0000001
1583	0.0000000
1584	0.0000000
1585	0.0000000
1586	0.0000000
1587	0.0000000
1588	0.0000000
1589	0.0000000
1590	-0.0000000
1591	-0.0000096
1592	-0.0000639
1593	-0.0002991
1594	-0.0012073
1595	-0.0023491
1596	-0.0029660
1597	-0.0032785
1598	-0.0033756
1599	-0.0031424
1600	-0.0026559
1601	-0.0025372
1602	-0.0014639
1603	-0.0005673
1604	-0.0000968
1605	-0.0000019
1606	-0.0000000
1607	0.0000000
1608	0.0000000
1609	0.0000000
1610	0.0000000
1611	0.0000000
1612	0.0000000
1613	0.0000000
1614	-0.0000000
1615	-0.0000020
1616	-0.0002040
1617	-0.0010044
1618	-0.0019132
1619	-0.0025643
1620	-0.0030604
1621	-0.0033141
1622	-0.0021543
1623	-0.0018664
1624	-0.0025055
1625	-0.0021098
1626	-0.0013938
1627	-0.0006946
1628	-0.0000626
1629	-0.0000092
1630	-0.0000070
1631	-0.0000044
1632	-0.0000000
1633	0.0000000
1634	0.0000000
1635	0.0000000
1636	0.0000000
1637	0.0000000
1638	0.0000000
1639	0.0000000
1640	-0.0000042
1641	-0.0000003
1642	0.0000000
1643	-0.0001723
1644	-0.0017363
1645	-0.0028443
1646	-0.0029939
1647	-0.0027143
1648	-0.0028593
1649	-0.0024916
1650	-0.0017635
1651	-0.0007394
1652	-0.0001402
1653	-0.0000027
1654	-0.0000017
1655	-0.0000003
1656	0.0000000
1657	0.0000000
1658	0.0000000
1659	0.0000000
1660	0.0000000
1661	0.0000000
1662	0.0000000
1663	-0.0000002
1664	-0.0000622
1665	-0.0009120
1666	-0.0020451
1667	-0.0024212
1668	-0.0030431
1669	-0.0031100
1670	-0.0031091
1671	-0.0021364
1672	-0.0017297
1673	-0.0013934
1674	-0.0010945
1675	-0.0005717
1676	-0.0000694
1677	-0.0000091
1678	-0.0000006
1679	0.0000000
1680	0.0000000
1681	0.0000000
1682	0.0000000
1683	0.0000000
1684	0.0000000
1685	0.0000000
1686	-0.0000000
1687	-0.0000266
1688	-0.0006194
1689	-0.0012511
1690	-0.0016310
1691	-0.0016563
1692	-0.0020087
1693	-0.0018429
1694	-0.0021178
1695	-0.0023904
1696	-0.0020011
1697	-0.0021879
1698	-0.0017024
1699	-0.0000142
1700	0.0000000
1701	0.0000000
1702	0.0000000
1703	0.0000000
1704	0.0000000
1705	0.0000000
1706	0.0000000
1707	0.0000000
1708	0.0000000
1709	-0.0000000
1710	-0.0000001
1711	-0.0000122
1712	-0.0002823
1713	-0.0013539
1714	-0.0018914
1715	-0.0021055
1716	-0.0021654
1717	-0.0020072
1718	-0.0021660
1719	-0.0020192
1720	-0.0017054
1721	-0.0016743
1722	-0.0013265
1723	-0.0004216
1724	-0.0000801
1725	-0.0000046
1726	-0.0000042
1727	-0.0000046
1728	-0.0000000
1729	0.0000000
1730	0.0000000
1731	0.0000000
1732	0.0000000
1733	0.0000000
1734	-0.0000000
1735	-0.0000030
1736	-0.0000839
1737	-0.0008615
1738	-0.0017077
1739	-0.0021981
1740	-0.0026155
1741	-0.0028321
1742	-0.0030005
1743	-0.0026878
1744	-0.0021531
1745	-0.0018223
1746	-0.0012613
1747	-0.0002960
1748	-0.0000208
1749	-0.0000015
1750	-0.0000015
1751	-0.0000014
1752	0.0000000
1753	0.0000000
1754	0.0000000
1755	0.0000000
1756	0.0000000
1757	0.0000000
1758	0.0000000
1759	0.0000000
1760	-0.0000008
1761	-0.0000180
1762	-0.0001493
1763	-0.0011003
1764	-0.0020819
1765	-0.0024799
1766	-0.0026510
1767	-0.0026021
1768	-0.0023362
1769	-0.0019336
1770	-0.0010291
1771	-0.0002400
1772	-0.0000597
1773	-0.0000016
1774	-0.0000000
1775	-0.0000010
1776	0.0000000
1777	0.0000000
1778	0.0000000
1779	0.0000000
1780	0.0000000
1781	0.0000000
1782	0.0000000
1783	-0.0000012
1784	-0.0000215
1785	-0.0000847
1786	-0.0000008
1787	-0.0000016
1788	-0.0003071
1789	-0.0013996
1790	-0.0017966
1791	-0.0017289
1792	-0.0010580
1793	-0.0013386
1794	-0.0008344
1795	-0.0001454
1796	-0.0000043
1797	-0.0000000
1798	0.0000000
1799	0.0000000
1800	0.0000000
1801	0.0000000
1802	0.0000000
1803	0.0000000
1804	0.0000000
1805	0.0000000
1806	0.0000000
1807	-0.0000001
1808	-0.0000079
1809	-0.0001065
1810	-0.0002887
1811	-0.0005454
1812	-0.0006724
1813	-0.0002203
1814	-0.0002228
1815	-0.0005994
1816	-0.0010255
1817	-0.0012644
1818	-0.0007883
1819	-0.0001848
1820	-0.0000161
1821	-0.0000038
1822	-0.0000028
1823	0.0000000
1824	0.0000000
1825	0.0000000
1826	0.0000000
1827	0.0000000
1828	0.0000000
1829	-0.0000000
1830	-0.0000000
1831	-0.0000028
1832	-0.0000412
1833	-0.0002497
1834	-0.0006369
1835	-0.0014062
1836	-0.0019859
1837	-0.0023580
1838	-0.0025405
1839	-0.0025977
1840	-0.0022920
1841	-0.0016390
1842	-0.0006553
1843	-0.0001683
1844	-0.0000218
1845	-0.0000039
1846	-0.0000043
1847	-0.0000030
1848	0.0000000
1849	0.0000000
1850	0.0000000
1851	0.0000000
1852	0.0000000
1853	0.0000000
1854	0.0000000
1855	-0.0000004
1856	-0.0000378
1857	-0.0001430
1858	-0.0003882
1859	-0.0008171
1860	-0.0008149
1861	-0.0008221
1862	-0.0008928
1863	-0.0008471
1864	-0.0008433
1865	-0.0007200
1866	-0.0003930
1867	-0.0001340
1868	-0.0000134
1869	-0.0000036
1870	-0.0000045
1871	-0.0000048
1872	0.0000000
1873	0.0000000
1874	0.0000000
1875	0.0000000
1876	0.0000000
1877	0.0000000
1878	0.0000000
1879	-0.0000005
1880	-0.0000104
1881	-0.0001458
1882	-0.0006782
1883	-0.0015245
1884	-0.0015711
1885	-0.0019307
1886	-0.0024227
1887	-0.0025903
1888	-0.0019736
1889	-0.0019224
1890	-0.0011095
1891	-0.0002227
1892	-0.0000105
1893	-0.0000009
1894	-0.0000063
1895	-0.0000000
1896	0.0000000
1897	0.0000000
1898	0.0000000
1899	0.0000000
1900	0.0000000
1901	-0.0000000
1902	-0.0000000
1903	-0.0000135
1904	-0.0002264
1905	-0.0008409
1906	-0.0013358
1907	-0.0015581
1908	-0.0016344
1909	-0.0016873
1910	-0.0019002
1911	-0.0013306
1912	-0.0012035
1913	-0.0010483
1914	-0.0008703
1915	-0.0002792
1916	-0.0000298
1917	-0.0000070
1918	-0.0000049
1919	-0.0000033
1920	0.0000000
1921	0.0000000
1922	0.0000000
1923	0.0000000
1924	0.0000000
1925	0.0000000
1926	0.0000000
1927	-0.0000000
1928	-0.0000109
1929	-0.0003843
1930	-0.0013295
1931	-0.0016943
1932	-0.0016978
1933	-0.0022998
1934	-0.0025493
1935	-0.0025073
1936	-0.0022283
1937	-0.0018838
1938	-0.0011255
1939	-0.0003725
1940	-0.0000688
1941	-0.0000054
1942	-0.0000047
1943	-0.0000019
1944	0.0000000
1945	0.0000000
1946	0.0000000
1947	0.0000000
1948	0.0000000
1949	0.0000000
1950	-0.0000000
1951	-0.0000022
1952	-0.0000542
1953	-0.0007831
1954	-0.0016301
1955	-0.0021487
1956	-0.0024487
1957	-0.0028551
1958	-0.0030487
1959	-0.0029917
1960	-0.0027367
1961	-0.0022287
1962	-0.0013867
1963	-0.0004071
1964	-0.0000404
1965	-0.0000045
1966	-0.0000064
1967	-0.0000000
1968	0.0000000
1969	0.0000000
1970	0.0000000
1971	0.0000000
1972	0.0000000
1973	-0.0000000
1974	-0.0000001
1975	-0.0000080
1976	-0.0001974
1977	-0.0012449
1978	-0.0020772
1979	-0.0027915
1980	-0.0033696
1981	-0.0035248
1982	-0.0035709
1983	-0.0034492
1984	-0.0031826
1985	-0.0024699
1986	-0.0015139
1987	-0.0005548
1988	-0.0000341
1989	-0.0000042
1990	-0.0000001
